report_date,for_date_begin,purchase_type,head_count,avg_net_price,avg_carcass_weight,total_lbs,lbs_day1,usd_day1,lbs_day2,usd_day2,weekof_year,year,indexby_year,amount
2001-08-06,2001-08-03,Prod. Sold Negotiated,55253,72.39,187.5,72.39,10359937.5,749955875.625,,,321,2001,1,72.39
2001-08-06,2001-08-03,Prod. Sold Swine or Pork Market Formula,136949,72.79,192.68,72.79,26387333.32,1920733992.3628,,,321,2001,1,72.79
2001-08-07,2001-08-06,Prod. Sold Swine or Pork Market Formula,123842,72.84,191.1,72.84,23666206.2,1723846459.608,26387333.32,1920733992.3628,322,2001,2,72.81364089176006
2001-08-07,2001-08-06,Prod. Sold Negotiated,46761,72.88,186.36,72.88,8714379.96,635104011.4848,10359937.5,749955875.625,322,2001,2,72.6138636422695
2001-08-08,2001-08-07,Prod. Sold Swine or Pork Market Formula,140368,72.73,190.75,72.73,26775196.0,1947360005.08,23666206.2,1723846459.608,323,2001,3,72.7816100379541
2001-08-08,2001-08-07,Prod. Sold Negotiated,46194,72.62,187.58,72.62,8665070.520000001,629257421.1624001,8714379.96,635104011.4848,323,2001,3,72.750368839464
2001-08-09,2001-08-08,Prod. Sold Swine or Pork Market Formula,124975,72.67,190.74,72.67,23837731.5,1732287948.105,26775196.0,1947360005.08,324,2001,4,72.70174113491066
2001-08-09,2001-08-08,Prod. Sold Negotiated,49884,71.92,187.28,71.92,9342275.52,671896455.3984,8665070.520000001,629257421.1624001,324,2001,4,72.25683749679305
2001-08-10,2001-08-09,Prod. Sold Negotiated,53332,71.88,187.3,71.88,9989083.6,718015329.1680001,9342275.52,671896455.3984,325,2001,5,71.89933081986011
2001-08-10,2001-08-09,Prod. Sold Swine or Pork Market Formula,126628,72.69,190.82,72.69,24163154.96,1756419734.0424,23837731.5,1732287948.105,325,2001,5,72.68006779530211
2001-08-13,2001-08-10,Prod. Sold Negotiated,51553,71.21,187.26,71.21,9653814.78,687448150.4837999,9989083.6,718015329.1680001,331,2001,6,71.55071784532645
2001-08-13,2001-08-10,Prod. Sold Swine or Pork Market Formula,145123,72.63,191.7,72.63,27820079.1,2020572345.033,24163154.96,1756419734.0424,331,2001,6,72.65788955561953
2001-08-14,2001-08-13,Prod. Sold Negotiated,58342,71.62,187.28,71.62,10926289.76,782540872.6112,9653814.78,687448150.4837999,332,2001,7,71.42767522088592
2001-08-14,2001-08-13,Prod. Sold Swine or Pork Market Formula,118291,72.62,191.77,72.62,22684665.07,1647360377.3834002,27820079.1,2020572345.033,332,2001,7,72.6255084090727
2001-08-15,2001-08-14,Prod. Sold Swine or Pork Market Formula,147003,72.82,190.94,72.82,28068752.82,2043966580.3524,22684665.07,1647360377.3834002,333,2001,8,72.73060832545637
2001-08-15,2001-08-14,Prod. Sold Negotiated,60405,71.85,187.64,71.85,11334394.2,814376223.2699999,10926289.76,782540872.6112,333,2001,8,71.73710829149204
2001-08-16,2001-08-15,Prod. Sold Swine or Pork Market Formula,131559,73.16,191.74,73.16,25225122.66,1845469973.8056,28068752.82,2043966580.3524,334,2001,9,72.98092921798526
2001-08-16,2001-08-15,Prod. Sold Negotiated,54919,72.14,188.36,72.14,10344542.84,746255320.4776,11334394.2,814376223.2699999,334,2001,9,71.98837935956291
2001-08-17,2001-08-16,Prod. Sold Swine or Pork Market Formula,143516,72.8,191.9,72.8,27540720.4,2004964445.12,25225122.66,1845469973.8056,335,2001,10,72.97210080671456
2001-08-17,2001-08-16,Prod. Sold Negotiated,55002,72.11,187.67,72.11,10322225.34,744335669.2674,10344542.84,746255320.4776,335,2001,10,72.12501619810591
2001-08-20,2001-08-17,Prod. Sold Swine or Pork Market Formula,149375,72.85,192.84,72.85,28805475.0,2098478853.75,27540720.4,2004964445.12,341,2001,11,72.82556115350424
2001-08-20,2001-08-17,Prod. Sold Negotiated,53580,72.13,188.76,72.13,10113760.8,729505566.5039998,10322225.34,744335669.2674,341,2001,11,72.11989799144578
2001-08-21,2001-08-20,Prod. Sold Swine or Pork Market Formula,138506,72.44,193.43,72.44,26791215.58,1940755656.6152,28805475.0,2098478853.75,342,2001,12,72.65242711799556
2001-08-21,2001-08-20,Prod. Sold Negotiated,62691,71.71,187.92,71.71,11780892.72,844807816.9512,10113760.8,729505566.5039998,342,2001,12,71.9040098998196
2001-08-22,2001-08-21,Prod. Sold Swine or Pork Market Formula,140426,72.18,191.93,72.18,26951962.18,1945392630.1524005,26791215.58,1940755656.6152,343,2001,13,72.30961116817292
2001-08-22,2001-08-21,Prod. Sold Negotiated,60372,71.23,188.01,71.23,11350539.72,808498944.2556,11780892.72,844807816.9512,343,2001,13,71.47446512425324
2001-08-23,2001-08-22,Prod. Sold Swine or Pork Market Formula,149312,71.32,191.37,71.32,28573837.44,2037886086.2208,26951962.18,1945392630.1524005,344,2001,14,71.73743995824333
2001-08-23,2001-08-22,Prod. Sold Negotiated,57935,70.36,187.33,70.36,10852963.55,763614515.378,11350539.72,808498944.2556,344,2001,14,70.80474826500657
2001-08-24,2001-08-23,Prod. Sold Swine or Pork Market Formula,145344,70.76,192.29,70.76,27948197.76,1977614473.4976,28573837.44,2037886086.2208,345,2001,15,71.04309930648782
2001-08-24,2001-08-23,Prod. Sold Negotiated,60219,69.86,187.44,69.86,11287449.36,788541212.2895999,10852963.55,763614515.378,345,2001,15,70.10509397349807
2001-08-27,2001-08-24,Prod. Sold Negotiated,56984,69.01,187.23,69.01,10669114.32,736275579.2232,11287449.36,788541212.2895999,351,2001,16,69.4469687395455
2001-08-27,2001-08-24,Prod. Sold Swine or Pork Market Formula,154522,70.18,192.42,70.18,29733123.24,2086670588.9832,27948197.76,1977614473.4976,351,2001,16,70.46102606562704
2001-08-28,2001-08-27,Prod. Sold Negotiated,75210,68.52,187.53,68.52,14104131.3,966415076.676,10669114.32,736275579.2232,352,2001,17,68.73102870802602
2001-08-28,2001-08-27,Prod. Sold Swine or Pork Market Formula,146120,69.65,192.27,69.65,28094492.4,1956781395.6600003,29733123.24,2086670588.9832,352,2001,17,69.92250916612754
2001-08-29,2001-08-28,Prod. Sold Swine or Pork Market Formula,142268,68.95,192.0,68.95,27315456.0,1883400691.2,28094492.4,1956781395.6600003,353,2001,18,69.30492082645578
2001-08-29,2001-08-28,Prod. Sold Negotiated,59993,67.28,187.83,67.28,11268485.19,758143683.5832001,14104131.3,966415076.676,353,2001,18,67.96929126087146
2001-08-30,2001-08-29,Prod. Sold Swine or Pork Market Formula,147251,67.62,192.05,67.62,28279554.55,1912263478.671,27315456.0,1883400691.2,354,2001,19,68.27346793031593
2001-08-30,2001-08-29,Prod. Sold Negotiated,58431,66.24,188.24,66.24,10999051.44,728577167.3856002,11268485.19,758143683.5832001,354,2001,19,66.76629191959253
2001-08-31,2001-08-30,Prod. Sold Swine or Pork Market Formula,147375,66.07,191.45,66.07,28214943.75,1864161333.5625,28279554.55,1912263478.671,355,2001,20,66.8458863406439
2001-08-31,2001-08-30,Prod. Sold Negotiated,60549,64.94,186.99,64.94,11322057.51,735254414.6994,10999051.44,728577167.3856002,355,2001,20,65.58059392855569
2001-09-04,2001-08-31,Prod. Sold Swine or Pork Market Formula,145791,65.0,193.02,65.0,28140578.82,1829137623.3,28214943.75,1864161333.5625,362,2001,21,65.53570596874512
2001-09-04,2001-08-31,Prod. Sold Negotiated,55172,63.96,188.67,63.96,10409301.24,665778907.3104,11322057.51,735254414.6994,362,2001,21,64.47058088394036
2001-09-05,2001-09-04,Prod. Sold Swine or Pork Market Formula,156767,63.89,193.18,63.89,30284249.06,1934860672.4434,28140578.82,1829137623.3,363,2001,22,64.42463644864057
2001-09-05,2001-09-04,Prod. Sold Negotiated,63625,62.96,188.54,62.96,11995857.5,755259188.2,10409301.24,665778907.3104,363,2001,22,63.42459395181236
2001-09-06,2001-09-05,Prod. Sold Swine or Pork Market Formula,142229,63.07,191.75,63.07,27272410.75,1720070946.0025,30284249.06,1934860672.4434,364,2001,23,63.50145457556391
2001-09-06,2001-09-05,Prod. Sold Negotiated,52022,61.72,188.34,61.72,9797823.48,604721665.1856,11995857.5,755259188.2,364,2001,23,62.402531019594655
2001-09-07,2001-09-06,Prod. Sold Negotiated,51438,61.58,187.69,61.580000000000005,9654398.22,594517842.3876001,9797823.48,604721665.1856,365,2001,24,61.65051612450007
2001-09-07,2001-09-06,Prod. Sold Swine or Pork Market Formula,142991,62.82,192.95,62.82,27590113.45,1733210926.929,27272410.75,1720070946.0025,365,2001,24,62.94427613907527
2001-09-10,2001-09-07,Prod. Sold Swine or Pork Market Formula,217869,63.05,194.75,63.05,42429987.75,2675210727.6375,27590113.45,1733210926.929,371,2001,25,62.95937279460115
2001-09-10,2001-09-07,Prod. Sold Negotiated,90826,62.03,190.6,62.03,17311435.599999998,1073828350.268,9654398.22,594517842.3876001,371,2001,25,61.868889491495054
2001-09-11,2001-09-10,Prod. Sold Negotiated,63736,62.64,190.91,62.64000000000001,12167839.76,762193482.5664,17311435.599999998,1073828350.268,372,2001,26,62.281783063286255
2001-09-11,2001-09-10,Prod. Sold Swine or Pork Market Formula,137114,63.55,192.49,63.55,26393073.86,1677279843.803,42429987.75,2675210727.6375,372,2001,26,63.2417458570033
2001-09-12,2001-09-11,Prod. Sold Negotiated,60574,62.71,189.81,62.71,11497550.94,721011419.4474,12167839.76,762193482.5664,373,2001,27,62.674008674355
2001-09-12,2001-09-11,Prod. Sold Swine or Pork Market Formula,122614,63.8,192.34,63.8,23583576.76,1504632197.288,26393073.86,1677279843.803,373,2001,27,63.66797297571679
2001-09-13,2001-09-12,Prod. Sold Negotiated,62360,62.57,190.08,62.57,11853388.8,741666537.216,11497550.94,721011419.4474,374,2001,28,62.638933291316015
2001-09-13,2001-09-12,Prod. Sold Swine or Pork Market Formula,134082,63.6,193.42,63.6,25934140.44,1649411331.984,23583576.76,1504632197.288,374,2001,28,63.69525308553602
2001-09-14,2001-09-13,Prod. Sold Negotiated,55811,62.63,189.68,62.63,10586230.48,663015614.9624001,11853388.8,741666537.216,375,2001,29,62.5983059093327
2001-09-14,2001-09-13,Prod. Sold Swine or Pork Market Formula,139186,63.8,193.96,63.8,26996516.56,1722377756.528,25934140.44,1649411331.984,375,2001,29,63.702007109263725
2001-09-17,2001-09-14,Prod. Sold Swine or Pork Market Formula,168381,63.89,193.91,63.89,32650759.71,2086057037.8719,26996516.56,1722377756.528,381,2001,30,63.849265759606496
2001-09-17,2001-09-14,Prod. Sold Negotiated,78846,62.48,191.92,62.48,15132124.319999998,945455127.5135999,10586230.48,663015614.9624001,381,2001,30,62.54174324074571
2001-09-18,2001-09-17,Prod. Sold Negotiated,64404,63.21,192.81,63.21,12417735.24,784925044.5204,15132124.319999998,945455127.5135999,382,2001,31,62.80903785608989
2001-09-18,2001-09-17,Prod. Sold Swine or Pork Market Formula,126775,63.97,196.03,63.97,24851703.25,1589763456.9025,32650759.71,2086057037.8719,382,2001,31,63.924574801802535
2001-09-19,2001-09-18,Prod. Sold Negotiated,69927,63.78,191.44,63.78,13386824.88,853811690.8463999,12417735.24,784925044.5204,383,2001,32,63.50570316820421
2001-09-19,2001-09-18,Prod. Sold Swine or Pork Market Formula,136959,64.17,194.01,64.17,26571415.59,1705087738.4103,24851703.25,1589763456.9025,383,2001,32,64.07334423967039
2001-09-20,2001-09-19,Prod. Sold Swine or Pork Market Formula,143783,64.3,194.28,64.3,27934161.24,1796166567.732,26571415.59,1705087738.4103,384,2001,33,64.23662512668247
2001-09-20,2001-09-19,Prod. Sold Negotiated,61609,63.42,190.66,63.42000000000001,11746371.94,744954908.4348,13386824.88,853811690.8463999,384,2001,33,63.6117486657712
2001-09-21,2001-09-20,Prod. Sold Negotiated,55042,63.11,191.31,63.11000000000001,10530085.02,664553665.6122,11746371.94,744954908.4348,385,2001,34,63.2734629469102
2001-09-21,2001-09-20,Prod. Sold Swine or Pork Market Formula,141339,64.05,195.4,64.05,27617640.6,1768909880.43,27934161.24,1796166567.732,385,2001,34,64.17571221956244
2001-09-24,2001-09-21,Prod. Sold Negotiated,79630,62.66,191.31,62.66,15234015.3,954563398.698,10530085.02,664553665.6122,391,2001,35,62.84392019127955
2001-09-24,2001-09-21,Prod. Sold Swine or Pork Market Formula,162864,64.51,195.42,64.51,31826882.88,2053152214.5888,27617640.6,1768909880.43,391,2001,35,64.29628620548579
2001-09-25,2001-09-24,Prod. Sold Negotiated,61236,62.92,191.8,62.92,11745064.8,738999477.216,15234015.3,954563398.698,392,2001,36,62.77318832357075
2001-09-25,2001-09-24,Prod. Sold Swine or Pork Market Formula,144087,63.67,196.47,63.67,28308772.89,1802419569.9063,31826882.88,2053152214.5888,392,2001,36,64.11457121614258
2001-09-26,2001-09-25,Prod. Sold Negotiated,57812,62.16,192.28,62.16,11116091.36,690976238.9375999,11745064.8,738999477.216,393,2001,37,62.55045484775692
2001-09-26,2001-09-25,Prod. Sold Swine or Pork Market Formula,152516,63.19,194.99,63.19,29739094.84,1879213402.9396,28308772.89,1802419569.9063,393,2001,37,63.42408630701826
2001-09-27,2001-09-26,Prod. Sold Negotiated,58820,61.15,192.06,61.15,11296969.2,690809666.5799999,11116091.36,690976238.9375999,394,2001,38,61.65092454993125
2001-09-27,2001-09-26,Prod. Sold Swine or Pork Market Formula,145268,62.69,195.24,62.69,28362124.32,1778021573.6208,29739094.84,1879213402.9396,394,2001,38,62.945924877910954
2001-09-28,2001-09-27,Prod. Sold Negotiated,62861,61.15,191.77,61.150000000000006,12054853.97,737154320.2655,11296969.2,690809666.5799999,395,2001,39,61.14999999999999
2001-09-28,2001-09-27,Prod. Sold Swine or Pork Market Formula,144135,62.15,195.61,62.15,28194247.35,1752272472.8025,28362124.32,1778021573.6208,395,2001,39,62.42080144430346
2001-10-01,2001-09-28,Prod. Sold Swine or Pork Market Formula,191365,62.33,197.36,62.330000000000005,37767796.400000006,2354066749.6120005,28194247.35,1752272472.8025,401,2001,40,62.25306235170283
2001-10-01,2001-09-28,Prod. Sold Negotiated,86821,60.88,194.63,60.88,16897971.23,1028748488.4824,12054853.97,737154320.2655,401,2001,40,60.992417719148875
2001-10-02,2001-10-01,Prod. Sold Swine or Pork Market Formula,139355,62.24,196.48,62.24,27380470.4,1704160477.696,37767796.400000006,2354066749.6120005,402,2001,41,62.292174859638784
2001-10-02,2001-10-01,Prod. Sold Negotiated,73694,61.48,193.93,61.48,14291477.42,878640031.7816,16897971.23,1028748488.4824,402,2001,41,61.15492908092814
2001-10-03,2001-10-02,Prod. Sold Swine or Pork Market Formula,139926,62.68,196.55,62.68,27502455.3,1723853898.204,27380470.4,1704160477.696,403,2001,42,62.46048898045535
2001-10-03,2001-10-02,Prod. Sold Negotiated,60715,62.16,192.59,62.16,11693101.85,726843210.9959998,14291477.42,878640031.7816,403,2001,42,61.78600107761529
2001-10-04,2001-10-03,Prod. Sold Swine or Pork Market Formula,137233,62.76,196.9,62.76,27021177.7,1695849112.452,27502455.3,1723853898.204,404,2001,43,62.7196469218403
2001-10-04,2001-10-03,Prod. Sold Negotiated,55519,62.39,193.46,62.39,10740705.74,670112631.1186,11693101.85,726843210.9959998,404,2001,43,62.27011783489224
2001-10-05,2001-10-04,Prod. Sold Negotiated,51311,62.01,193.15,62.01,9910719.65,614563725.4965,10740705.74,670112631.1186,405,2001,44,62.207636148794656
2001-10-05,2001-10-04,Prod. Sold Swine or Pork Market Formula,134802,62.31,196.76,62.31,26523641.52,1652688103.1112,27021177.7,1695849112.452,405,2001,44,62.53709069041844
2001-10-08,2001-10-05,Prod. Sold Negotiated,80436,61.1,194.71,61.1,15661693.56,956929476.516,9910719.65,614563725.4965,411,2001,45,61.45267515847794
2001-10-08,2001-10-05,Prod. Sold Swine or Pork Market Formula,166604,61.86,197.64,61.86,32927614.56,2036902236.6816,26523641.52,1652688103.1112,411,2001,45,62.0607634400178
2001-10-09,2001-10-08,Prod. Sold Negotiated,54986,60.6,192.82,60.6,10602400.52,642505471.512,15661693.56,956929476.516,412,2001,46,60.89815788643413
2001-10-09,2001-10-08,Prod. Sold Swine or Pork Market Formula,137211,61.61,197.0,61.60999999999999,27030567.0,1665353232.87,32927614.56,2036902236.6816,412,2001,46,61.747294084407166
2001-10-10,2001-10-09,Prod. Sold Negotiated,51378,59.53,191.76,59.53,9852245.28,586504161.5184,10602400.52,642505471.512,413,2001,47,60.08462063080066
2001-10-10,2001-10-09,Prod. Sold Swine or Pork Market Formula,142055,60.82,195.93,60.82,27832836.15,1692793094.643,27030567.0,1665353232.87,413,2001,47,61.20922390343917
2001-10-11,2001-10-10,Prod. Sold Negotiated,43515,58.26,193.65,58.26,8426679.75,490938362.235,9852245.28,586504161.5184,414,2001,48,58.94452337788268
2001-10-11,2001-10-10,Prod. Sold Swine or Pork Market Formula,128331,59.85,196.63,59.85,25233724.53,1510238413.1205,27832836.15,1692793094.643,414,2001,48,60.358754490955256
2001-10-12,2001-10-11,Prod. Sold Negotiated,47008,57.12,192.97,57.12,9071133.76,518143160.3712,8426679.75,490938362.235,415,2001,49,57.669006589281
2001-10-12,2001-10-11,Prod. Sold Swine or Pork Market Formula,133017,58.54,196.73,58.53999999999999,26168434.41,1531900150.3614,25233724.53,1510238413.1205,415,2001,49,59.183089314067246
2001-10-15,2001-10-12,Prod. Sold Negotiated,70753,56.28,194.15,56.28000000000001,13736694.95,773101191.7860001,9071133.76,518143160.3712,421,2001,50,56.614084951938416
2001-10-15,2001-10-12,Prod. Sold Swine or Pork Market Formula,176484,57.28,197.81,57.28,34910300.04,1999661986.2912,26168434.41,1531900150.3614,421,2001,50,57.819831541264016
2001-10-16,2001-10-15,Prod. Sold Negotiated,51886,55.29,193.03,55.28999999999999,10015554.58,553760012.7282,13736694.95,773101191.7860001,422,2001,51,55.86254905407269
2001-10-16,2001-10-15,Prod. Sold Swine or Pork Market Formula,126044,56.65,197.84,56.65,24936544.96,1412655271.984,34910300.04,1999661986.2912,422,2001,51,57.01749621513381
2001-10-17,2001-10-16,Prod. Sold Swine or Pork Market Formula,148855,55.33,197.71,55.33,29430122.05,1628368653.0265,24936544.96,1412655271.984,423,2001,52,55.93544891120776
2001-10-17,2001-10-16,Prod. Sold Negotiated,62575,53.82,195.27,53.82,12219020.25,657627669.855,10015554.58,553760012.7282,423,2001,52,54.48216086186345
2001-10-18,2001-10-17,Prod. Sold Swine or Pork Market Formula,151653,54.63,198.25,54.63,30065207.25,1642462272.0675,29430122.05,1628368653.0265,424,2001,53,54.976263911426074
2001-10-18,2001-10-17,Prod. Sold Negotiated,56998,52.56,193.97,52.56000000000001,11055902.06,581098212.2736001,12219020.25,657627669.855,424,2001,53,53.22148300346357
2001-10-19,2001-10-18,Prod. Sold Swine or Pork Market Formula,142995,54.12,198.29,54.12,28354478.55,1534544379.1259997,30065207.25,1642462272.0675,425,2001,54,54.3824672743019
2001-10-19,2001-10-18,Prod. Sold Negotiated,55557,52.72,194.26,52.72,10792502.82,568980748.6704,11055902.06,581098212.2736001,425,2001,54,52.63903553878118
2001-10-22,2001-10-19,Prod. Sold Swine or Pork Market Formula,214753,53.25,199.74,53.25000000000001,42894764.22,2284146194.715,28354478.55,1534544379.1259997,431,2001,55,53.59622678613066
2001-10-22,2001-10-19,Prod. Sold Negotiated,91915,52.12,195.96,52.12,18011663.400000002,938767896.408,10792502.82,568980748.6704,431,2001,55,52.344811287455485
2001-10-23,2001-10-22,Prod. Sold Swine or Pork Market Formula,139932,53.59,199.29,53.59,27887048.28,1494466917.3251998,42894764.22,2284146194.715,432,2001,56,53.383955264499626
2001-10-23,2001-10-22,Prod. Sold Negotiated,57097,52.42,194.07,52.42000000000001,11080814.79,580856311.2918,18011663.400000002,938767896.408,432,2001,56,52.23426473933536
2001-10-24,2001-10-23,Prod. Sold Negotiated,58085,52.05,194.51,52.05,11298113.35,588066799.8675,11080814.79,580856311.2918,433,2001,57,52.23320365687987
2001-10-24,2001-10-23,Prod. Sold Swine or Pork Market Formula,145842,52.78,198.08,52.78,28888383.360000003,1524728873.7408,27887048.28,1494466917.3251998,433,2001,57,53.177857109216326
2001-10-25,2001-10-24,Prod. Sold Negotiated,59798,51.67,195.57,51.67000000000001,11694694.86,604264883.4162,11298113.35,588066799.8675,434,2001,58,51.85672286715864
2001-10-25,2001-10-24,Prod. Sold Swine or Pork Market Formula,146220,52.39,198.59,52.39,29037829.8,1521291903.222,28888383.360000003,1524728873.7408,434,2001,58,52.5844969107385
2001-10-26,2001-10-25,Prod. Sold Negotiated,61047,50.97,195.33,50.970000000000006,11924310.510000002,607782106.6947001,11694694.86,604264883.4162,435,2001,59,51.316597423293615
2001-10-26,2001-10-25,Prod. Sold Swine or Pork Market Formula,154980,52.2,199.15,52.2,30864267.0,1611114737.4,29037829.8,1521291903.222,435,2001,59,52.292103414683815
2001-10-29,2001-10-26,Prod. Sold Negotiated,82471,50.42,196.21,50.42000000000001,16181634.91,815878032.1622002,11924310.510000002,607782106.6947001,441,2001,60,50.65334460671916
2001-10-29,2001-10-26,Prod. Sold Swine or Pork Market Formula,213533,50.99,200.1,50.99,42727953.3,2178698338.767,30864267.0,1611114737.4,441,2001,60,51.49746889980706
2001-10-30,2001-10-29,Prod. Sold Swine or Pork Market Formula,131835,51.91,199.66,51.91,26322176.1,1366384161.3509998,42727953.3,2178698338.767,442,2001,61,51.340707554387286
2001-10-30,2001-10-29,Prod. Sold Negotiated,56563,51.04,195.75,51.04,11072207.25,565125458.04,16181634.91,815878032.1622002,442,2001,61,50.67188259529422
2001-10-31,2001-10-30,Prod. Sold Swine or Pork Market Formula,142360,51.37,199.13,51.37,28348146.8,1456244301.116,26322176.1,1366384161.3509998,443,2001,62,51.62999435049981
2001-10-31,2001-10-30,Prod. Sold Negotiated,52817,50.14,195.9,50.14,10346850.3,518791074.04200006,11072207.25,565125458.04,443,2001,62,50.605239261892734
2001-11-01,2001-10-31,Prod. Sold Negotiated,48493,50.05,197.25,50.05,9565244.25,478740474.7125,10346850.3,518791074.04200006,444,2001,63,50.09676637732217
2001-11-01,2001-10-31,Prod. Sold Swine or Pork Market Formula,144838,51.44,199.31,51.44,28867661.78,1484952521.9632,28348146.8,1456244301.116,444,2001,63,51.40531779720939
2001-11-02,2001-11-01,Prod. Sold Negotiated,64285,50.74,196.64,50.74,12641002.4,641404461.7759999,9565244.25,478740474.7125,445,2001,64,50.44278549830932
2001-11-02,2001-11-01,Prod. Sold Swine or Pork Market Formula,149919,52.26,199.74,52.26,29944821.06,1564916348.5956,28867661.78,1484952521.9632,445,2001,64,51.85750921034913
2001-11-05,2001-11-02,Prod. Sold Swine or Pork Market Formula,201389,52.55,200.51,52.55,40380508.39,2121995715.8945,29944821.06,1564916348.5956,451,2001,65,52.42651678029359
2001-11-05,2001-11-02,Prod. Sold Negotiated,86134,50.63,197.6,50.63,17020078.4,861726569.392,12641002.4,641404461.7759999,451,2001,65,50.67687995941132
2001-11-06,2001-11-05,Prod. Sold Negotiated,60389,52.03,196.42,52.03000000000001,11861607.38,617159431.9814,17020078.4,861726569.392,452,2001,66,51.20497510562557
2001-11-06,2001-11-05,Prod. Sold Swine or Pork Market Formula,131460,52.81,199.89,52.81,26277539.4,1387716855.714,40380508.39,2121995715.8945,452,2001,66,52.652495654621084
2001-11-07,2001-11-06,Prod. Sold Swine or Pork Market Formula,145065,52.44,198.87,52.44,28849076.55,1512845574.282,26277539.4,1387716855.714,453,2001,67,52.616370150977865
2001-11-07,2001-11-06,Prod. Sold Negotiated,53140,52.16,194.65,52.16,10343701.0,539527444.16,11861607.38,617159431.9814,453,2001,67,52.09055674197306
2001-11-08,2001-11-07,Prod. Sold Swine or Pork Market Formula,147298,51.79,199.32,51.79,29359437.36,1520525260.8744,28849076.55,1512845574.282,454,2001,68,52.11215046387361
2001-11-08,2001-11-07,Prod. Sold Negotiated,51340,51.35,196.44,51.35,10085229.6,517876539.96,10343701.0,539527444.16,454,2001,68,51.76012415060041
2001-11-09,2001-11-08,Prod. Sold Swine or Pork Market Formula,149783,52.65,199.98,52.65,29953604.34,1577057268.501,29359437.36,1520525260.8744,455,2001,69,52.22430751474004
2001-11-09,2001-11-08,Prod. Sold Negotiated,52752,52.04,196.02,52.04,10340447.04,538116863.9616001,10085229.6,517876539.96,455,2001,69,51.69931075152867
2001-11-12,2001-11-09,Prod. Sold Negotiated,68662,49.41,196.93,49.41,13521607.66,668102634.4806,10340447.04,538116863.9616001,461,2001,70,50.54969128212584
2001-11-12,2001-11-09,Prod. Sold Swine or Pork Market Formula,212491,49.3,200.79,49.3,42666067.89,2103437146.977,29953604.34,1577057268.501,461,2001,70,50.68178225620724
2001-11-13,2001-11-12,Prod. Sold Swine or Pork Market Formula,129977,50.29,200.78,50.29,26096782.06,1312407169.7974,42666067.89,2103437146.977,462,2001,71,49.675723435811435
2001-11-13,2001-11-12,Prod. Sold Negotiated,48325,48.66,195.69,48.66,9456719.25,460163958.705,13521607.66,668102634.4806,462,2001,71,49.10133786522928
2001-11-14,2001-11-13,Prod. Sold Negotiated,52440,47.57,195.64,47.57,10259361.6,488037831.312,9456719.25,460163958.705,463,2001,72,48.0928130306891
2001-11-14,2001-11-13,Prod. Sold Swine or Pork Market Formula,153439,49.23,199.12,49.23,30552773.68,1504113048.2664,26096782.06,1312407169.7974,463,2001,72,49.71831078412266
2001-11-15,2001-11-14,Prod. Sold Negotiated,53393,46.36,196.45,46.36,10489054.85,486272582.846,10259361.6,488037831.312,464,2001,73,46.958302408567675
2001-11-15,2001-11-14,Prod. Sold Swine or Pork Market Formula,153945,48.76,199.5,48.76,30712027.5,1497518460.9,30552773.68,1504113048.2664,464,2001,73,48.99438913296086
2001-11-16,2001-11-15,Prod. Sold Swine or Pork Market Formula,152043,48.66,199.36,48.66,30311292.48,1474947492.0768,30712027.5,1497518460.9,465,2001,74,48.710328345802985
2001-11-16,2001-11-15,Prod. Sold Negotiated,48504,45.33,197.3,45.33,9569839.2,433800810.9360001,10489054.85,486272582.846,465,2001,74,45.868600307104174
2001-11-19,2001-11-16,Prod. Sold Swine or Pork Market Formula,232258,47.86,200.1,47.85999999999999,46474825.8,2224285162.788,30311292.48,1474947492.0768,471,2001,75,48.17579971129125
2001-11-19,2001-11-16,Prod. Sold Negotiated,87661,44.21,199.0,44.21,17444539.0,771223069.19,9569839.2,433800810.9360001,471,2001,75,44.60675982266362
2001-11-20,2001-11-19,Prod. Sold Swine or Pork Market Formula,144976,47.16,200.06,47.16,29003898.56,1367823856.0895998,46474825.8,2224285162.788,472,2001,76,47.59101388286366
2001-11-20,2001-11-19,Prod. Sold Negotiated,45799,43.73,197.67,43.73,9053088.33,395891552.6709,17444539.0,771223069.19,472,2001,76,44.04600484887641
2001-11-21,2001-11-20,Prod. Sold Swine or Pork Market Formula,156812,47.62,199.0,47.62,31205588.0,1486010100.56,29003898.56,1367823856.0895998,473,2001,77,47.39841044493371
2001-11-21,2001-11-20,Prod. Sold Negotiated,43467,43.88,196.1,43.88,8523878.7,374027797.356,9053088.33,395891552.6709,473,2001,77,43.8027418901576
2001-11-23,2001-11-21,Prod. Sold Negotiated,50612,44.2,196.96,44.2,9968539.52,440609446.784,8523878.7,374027797.356,475,2001,78,44.05249948646252
2001-11-23,2001-11-21,Prod. Sold Swine or Pork Market Formula,150792,47.36,200.05,47.36,30165939.6,1428658899.456,31205588.0,1486010100.56,475,2001,78,47.49220223118578
2001-11-26,2001-11-23,Prod. Sold Swine or Pork Market Formula,256464,47.37,200.97,47.370000000000005,51541570.08,2441524174.6896,30165939.6,1428658899.456,481,2001,79,47.366308057886215
2001-11-26,2001-11-23,Prod. Sold Negotiated,97469,44.91,201.18,44.91,19608813.42,880631810.6922,9968539.52,440609446.784,481,2001,79,44.67070667738396
2001-11-27,2001-11-26,Prod. Sold Negotiated,47878,45.51,199.02,45.51,9528679.56,433650206.7756,19608813.42,880631810.6922,482,2001,80,45.10621481298766
2001-11-27,2001-11-26,Prod. Sold Swine or Pork Market Formula,131928,47.63,201.53,47.63,26587449.84,1266360235.8792,51541570.08,2441524174.6896,482,2001,80,47.45847848040943
2001-11-28,2001-11-27,Prod. Sold Negotiated,54727,46.44,197.12,46.44,10787786.24,500984792.9856,9528679.56,433650206.7756,483,2001,81,46.003818231082285
2001-11-28,2001-11-27,Prod. Sold Swine or Pork Market Formula,156957,48.49,199.3,48.49,31281530.1,1516841394.549,26587449.84,1266360235.8792,483,2001,81,48.09487973200656
2001-11-29,2001-11-28,Prod. Sold Swine or Pork Market Formula,154395,48.93,199.77,48.93,30843489.15,1509171924.1095002,31281530.1,1516841394.549,484,2001,82,48.708448789068186
2001-11-29,2001-11-28,Prod. Sold Negotiated,57433,46.69,198.51,46.69,11401024.83,532313849.3127,10787786.24,500984792.9856,484,2001,82,46.56845466115819
2001-11-30,2001-11-29,Prod. Sold Swine or Pork Market Formula,149664,48.74,201.1,48.74000000000001,30097430.4,1466948757.696,30843489.15,1509171924.1095002,485,2001,83,48.8361630211978
2001-11-30,2001-11-29,Prod. Sold Negotiated,55606,46.51,198.61,46.51,11043907.66,513652145.2666,11401024.83,532313849.3127,485,2001,83,46.601431973355865
2001-12-03,2001-11-30,Prod. Sold Swine or Pork Market Formula,217721,48.87,200.79,48.87,43716199.59,2136410673.9633,30097430.4,1466948757.696,491,2001,84,48.816992636014106
2001-12-03,2001-11-30,Prod. Sold Negotiated,86629,46.28,200.55,46.28,17373445.95,804043078.566,11043907.66,513652145.2666,491,2001,84,46.369385478910544
2001-12-04,2001-12-03,Prod. Sold Swine or Pork Market Formula,143405,48.58,201.16,48.58,28847349.8,1401404253.284,43716199.59,2136410673.9633,492,2001,85,48.75471165602666
2001-12-04,2001-12-03,Prod. Sold Negotiated,55012,46.55,197.62,46.55,10871471.44,506066995.532,17373445.95,804043078.566,492,2001,85,46.383923026159714
2001-12-05,2001-12-04,Prod. Sold Swine or Pork Market Formula,145301,48.86,200.54,48.85999999999999,29138662.54,1423715051.7043998,28847349.8,1401404253.284,493,2001,86,48.72070333830442
2001-12-05,2001-12-04,Prod. Sold Negotiated,52098,46.09,197.18,46.09,10272683.64,473467988.9676001,10871471.44,506066995.532,493,2001,86,46.326513440403694
2001-12-06,2001-12-05,Prod. Sold Swine or Pork Market Formula,149563,48.48,201.13,48.48,30081606.19,1458356268.0912,29138662.54,1423715051.7043998,494,2001,87,48.66697469637774
2001-12-06,2001-12-05,Prod. Sold Negotiated,48428,45.69,198.29,45.69,9602788.12,438751389.2027999,10272683.64,473467988.9676001,494,2001,87,45.89674092698869
2001-12-07,2001-12-06,Prod. Sold Swine or Pork Market Formula,154409,48.16,201.05,48.16,31043929.450000003,1495075642.312,30081606.19,1458356268.0912,495,2001,88,48.317481057303006
2001-12-07,2001-12-06,Prod. Sold Negotiated,48479,45.33,197.23,45.33,9561513.17,433423391.9961,9602788.12,438751389.2027999,495,2001,88,45.51038767346054
2001-12-10,2001-12-07,Prod. Sold Negotiated,96233,45.06,201.14,45.06,19356305.62,872195131.2371999,9561513.17,433423391.9961,501,2001,89,45.149273972378325
2001-12-10,2001-12-07,Prod. Sold Swine or Pork Market Formula,218748,47.94,202.55,47.94,44307407.400000006,2124097110.7560005,31043929.450000003,1495075642.312,501,2001,89,48.030637601992325
2001-12-11,2001-12-10,Prod. Sold Negotiated,49285,45.41,197.7,45.41,9743644.5,442458896.745,19356305.62,872195131.2371999,502,2001,90,45.17719180139268
2001-12-11,2001-12-10,Prod. Sold Swine or Pork Market Formula,139679,47.72,201.36,47.72,28125763.44,1342161431.3568,44307407.400000006,2124097110.7560005,502,2001,90,47.854574111763405
2001-12-12,2001-12-11,Prod. Sold Negotiated,49883,44.82,196.51,44.82,9802508.33,439348423.3506,9743644.5,442458896.745,503,2001,91,45.11411159858408
2001-12-12,2001-12-11,Prod. Sold Swine or Pork Market Formula,154564,47.71,199.74,47.71,30872613.360000003,1472932383.4056,28125763.44,1342161431.3568,503,2001,91,47.71476720970398
2001-12-13,2001-12-12,Prod. Sold Negotiated,50488,43.86,196.2,43.86,9905745.6,434466002.016,9802508.33,439348423.3506,504,2001,92,44.33748562760679
2001-12-13,2001-12-12,Prod. Sold Swine or Pork Market Formula,156201,46.6,199.62,46.6,31180843.62,1453027312.6920002,30872613.360000003,1472932383.4056,504,2001,92,47.152243218949835
2001-12-14,2001-12-13,Prod. Sold Negotiated,46386,43.44,197.06,43.44,9140825.16,397077444.9504,9905745.6,434466002.016,505,2001,93,43.658433712001184
2001-12-14,2001-12-13,Prod. Sold Swine or Pork Market Formula,157552,46.12,200.77,46.12,31631715.040000003,1458854697.6448,31180843.62,1453027312.6920002,505,2001,93,46.35827726901899
2001-12-17,2001-12-14,Prod. Sold Negotiated,75630,43.81,199.54,43.81,15091210.2,661145918.862,9140825.16,397077444.9504,511,2001,94,43.67042834376254
2001-12-17,2001-12-14,Prod. Sold Swine or Pork Market Formula,232232,46.3,200.66,46.3,46599673.12,2157564865.456,31631715.040000003,1458854697.6448,511,2001,94,46.227219638547695
2001-12-18,2001-12-17,Prod. Sold Negotiated,57192,45.5,197.22,45.5,11279406.24,513212983.92,15091210.2,661145918.862,512,2001,95,44.53285744965317
2001-12-18,2001-12-17,Prod. Sold Swine or Pork Market Formula,136527,47.11,198.74,47.11,27133375.98,1278253342.4178,46599673.12,2157564865.456,512,2001,95,46.59807575859222
2001-12-19,2001-12-18,Prod. Sold Negotiated,59032,46.17,197.27,46.17000000000001,11645242.64,537660852.6888001,11279406.24,513212983.92,513,2001,96,45.840346000919865
2001-12-19,2001-12-18,Prod. Sold Swine or Pork Market Formula,155202,47.92,198.16,47.92,30754828.32,1473771373.0944002,27133375.98,1278253342.4178,513,2001,96,47.54033656407961
2001-12-20,2001-12-19,Prod. Sold Negotiated,56146,46.35,195.66,46.35,10985526.36,509179146.786,11645242.64,537660852.6888001,514,2001,97,46.2573763832241
2001-12-20,2001-12-19,Prod. Sold Swine or Pork Market Formula,169652,48.2,199.14,48.2,33784499.28,1628412865.2960002,30754828.32,1473771373.0944002,514,2001,97,48.066572022829696
2001-12-21,2001-12-20,Prod. Sold Negotiated,51129,46.49,195.87,46.49,10014637.23,465580484.8227,10985526.36,509179146.786,515,2001,98,46.41676372811056
2001-12-21,2001-12-20,Prod. Sold Swine or Pork Market Formula,170059,48.4,198.41,48.4,33741406.19,1633084059.5959997,33784499.28,1628412865.2960002,515,2001,98,48.299936182877225
2001-12-26,2001-12-21,Prod. Sold Swine or Pork Market Formula,222032,48.78,199.09,48.78,44204350.88,2156288235.9264,33741406.19,1633084059.5959997,523,2001,99,48.61550439646529
2001-12-26,2001-12-21,Prod. Sold Negotiated,100636,47.57,196.61,47.57,19786043.96,941222111.1772,10014637.23,465580484.8227,523,2001,99,47.20706171213196
2001-12-27,2001-12-26,Prod. Sold Swine or Pork Market Formula,126004,48.93,199.81,48.93000000000001,25176859.24,1231903722.6132002,44204350.88,2156288235.9264,524,2001,100,48.834431579954696
2001-12-27,2001-12-26,Prod. Sold Negotiated,40671,47.01,197.98,47.01,8052044.579999998,378526615.7058,19786043.96,941222111.1772,524,2001,100,47.408022464857055
2001-12-28,2001-12-27,Prod. Sold Swine or Pork Market Formula,154269,49.53,200.16,49.53,30878483.04,1529411264.9712,25176859.24,1231903722.6132002,525,2001,101,49.26051425734689
2001-12-28,2001-12-27,Prod. Sold Negotiated,46243,47.82,196.26,47.82,9075651.18,433997639.4276,8052044.579999998,378526615.7058,525,2001,101,47.43920411238085
2001-12-31,2001-12-28,Prod. Sold Swine or Pork Market Formula,253839,50.02,201.68,50.02,51194249.52,2560736360.9904003,30878483.04,1529411264.9712,531,2001,102,49.83564575447103
2001-12-31,2001-12-28,Prod. Sold Negotiated,99694,48.29,199.49,48.29,19887956.06,960389398.1374,9075651.18,433997639.4276,531,2001,102,48.142727044002
2002-01-02,2001-12-31,Prod. Sold Swine or Pork Market Formula,104327,51.49,199.03,51.49,20764202.81,1069148802.6869,51194249.52,2560736360.9904003,13,2002,1,50.44418058118762
2002-01-02,2001-12-31,Prod. Sold Negotiated,36832,50.73,196.8,50.73,7248537.6,367718312.448,19887956.06,960389398.1374,13,2002,1,48.94175818090567
2002-01-03,2002-01-02,Prod. Sold Swine or Pork Market Formula,136818,51.87,199.75,51.870000000000005,27329395.5,1417575744.585,20764202.81,1069148802.6869,14,2002,2,51.70593664551901
2002-01-03,2002-01-02,Prod. Sold Negotiated,47468,51.22,198.07,51.22,9401986.76,481569761.8472,7248537.6,367718312.448,14,2002,2,51.006686392139535
2002-01-04,2002-01-03,Prod. Sold Swine or Pork Market Formula,137392,52.62,202.08,52.62,27764175.360000003,1460950907.4432,27329395.5,1417575744.585,15,2002,3,52.24795937338886
2002-01-04,2002-01-03,Prod. Sold Negotiated,47705,51.55,195.68,51.55,9334914.4,481214837.32,9401986.76,481569761.8472,15,2002,3,51.38440935060149
2002-01-07,2002-01-04,Prod. Sold Swine or Pork Market Formula,230527,52.62,201.34,52.62,46414306.18,2442320791.1916,27764175.360000003,1460950907.4432,21,2002,4,52.62
2002-01-07,2002-01-04,Prod. Sold Negotiated,78210,51.58,198.15,51.58,15497311.5,799351327.17,9334914.4,481214837.32,21,2002,4,51.5687224192818
2002-01-08,2002-01-07,Prod. Sold Swine or Pork Market Formula,144045,52.9,200.28,52.9,28849332.6,1526129694.54,46414306.18,2442320791.1916,22,2002,5,52.72732690126253
2002-01-08,2002-01-07,Prod. Sold Negotiated,56479,51.78,195.94,51.78000000000001,11066495.26,573023124.5628,15497311.5,799351327.17,22,2002,5,51.66332010061649
2002-01-09,2002-01-08,Prod. Sold Swine or Pork Market Formula,151863,52.9,200.65,52.9,30471310.95,1611932349.255,28849332.6,1526129694.54,23,2002,6,52.900000000000006
2002-01-09,2002-01-08,Prod. Sold Negotiated,55048,51.43,196.53,51.42999999999999,10818583.44,556399746.3191999,11066495.26,573023124.5628,23,2002,6,51.60698238119655
2002-01-10,2002-01-09,Prod. Sold Swine or Pork Market Formula,149130,52.7,199.45,52.7,29743978.5,1567507666.95,30471310.95,1611932349.255,24,2002,7,52.80120788666241
2002-01-10,2002-01-09,Prod. Sold Negotiated,56107,50.84,196.39,50.84,11018853.73,560198523.6331999,10818583.44,556399746.3191999,24,2002,7,51.13229456643239
2002-01-11,2002-01-10,Prod. Sold Swine or Pork Market Formula,152354,52.07,200.98,52.07,30620106.92,1594388967.3244,29743978.5,1567507666.95,25,2002,8,52.3804280686872
2002-01-11,2002-01-10,Prod. Sold Negotiated,51175,50.17,198.03,50.17,10134185.25,508432073.9925,11018853.73,560198523.6331999,25,2002,8,50.51901046634861
2002-01-14,2002-01-11,Prod. Sold Negotiated,67449,50.76,197.87,50.76,13346133.63,677449743.0588,10134185.25,508432073.9925,31,2002,9,50.50535399931928
2002-01-14,2002-01-11,Prod. Sold Swine or Pork Market Formula,192117,51.94,201.17,51.94,38648176.89,2007386307.6666,30620106.92,1594388967.3244,31,2002,9,51.99746661647514
2002-01-15,2002-01-14,Prod. Sold Negotiated,50678,51.04,199.4,51.04,10105193.2,515769060.928,13346133.63,677449743.0588,32,2002,10,50.880652196633086
2002-01-15,2002-01-14,Prod. Sold Swine or Pork Market Formula,134543,52.14,200.37,52.14000000000001,26958380.91,1405609980.6474,38648176.89,2007386307.6666,32,2002,10,52.0221819702603
2002-01-16,2002-01-15,Prod. Sold Negotiated,61791,51.39,198.06,51.38999999999999,12238325.46,628927545.3894,10105193.2,515769060.928,33,2002,11,51.231707222849735
2002-01-16,2002-01-15,Prod. Sold Swine or Pork Market Formula,150794,52.55,199.76,52.55,30122609.44,1582943126.0719998,26958380.91,1405609980.6474,33,2002,11,52.356363973271534
2002-01-17,2002-01-16,Prod. Sold Negotiated,57573,51.96,196.84,51.96,11332669.32,588845497.8672,12238325.46,628927545.3894,34,2002,12,51.66404959242029
2002-01-17,2002-01-16,Prod. Sold Swine or Pork Market Formula,140903,53.08,201.66,53.07999999999999,28414498.98,1508241605.8584,30122609.44,1582943126.0719998,34,2002,12,52.80726731070055
2002-01-18,2002-01-17,Prod. Sold Negotiated,52042,52.57,198.54,52.56999999999999,10332418.68,543175250.0076,11332669.32,588845497.8672,35,2002,13,52.25091852268498
2002-01-18,2002-01-17,Prod. Sold Swine or Pork Market Formula,151656,53.36,200.1,53.36,30346365.6,1619282068.416,28414498.98,1508241605.8584,35,2002,13,53.224602745870634
2002-01-21,2002-01-18,Prod. Sold Swine or Pork Market Formula,186620,54.34,200.9,54.34,37491958.0,2037312997.72,30346365.6,1619282068.416,41,2002,14,53.90161301297251
2002-01-21,2002-01-18,Prod. Sold Negotiated,72791,53.77,198.81,53.77,14471578.71,778136787.2367,10332418.68,543175250.0076,41,2002,14,53.27012482983896
2002-01-22,2002-01-21,Prod. Sold Negotiated,55282,55.2,197.25,55.2,10904374.5,601921472.4,14471578.71,778136787.2367,42,2002,15,54.38448945014823
2002-01-22,2002-01-21,Prod. Sold Swine or Pork Market Formula,127992,55.15,198.87,55.15,25453769.04,1403775362.556,37491958.0,2037312997.72,42,2002,15,54.66754491673912
2002-01-23,2002-01-22,Prod. Sold Swine or Pork Market Formula,143135,56.02,199.78,56.02,28595510.3,1601920487.006,25453769.04,1403775362.556,43,2002,16,55.61028539630479
2002-01-23,2002-01-22,Prod. Sold Negotiated,55819,55.64,196.53,55.64000000000001,10970108.07,610376813.0148001,10904374.5,601921472.4,43,2002,16,55.42066110754181
2002-01-24,2002-01-23,Prod. Sold Swine or Pork Market Formula,154393,56.12,200.63,56.12,30975867.59,1738365689.1508,28595510.3,1601920487.006,44,2002,17,56.07199790350192
2002-01-24,2002-01-23,Prod. Sold Negotiated,55696,55.99,195.67,55.99,10898036.319999998,610181053.5567999,10970108.07,610376813.0148001,44,2002,17,55.81442324524545
2002-01-25,2002-01-24,Prod. Sold Swine or Pork Market Formula,151081,56.69,200.37,56.690000000000005,30272099.970000003,1716125347.2993002,30975867.59,1738365689.1508,45,2002,18,56.40172521751022
2002-01-25,2002-01-24,Prod. Sold Negotiated,57406,55.63,195.61,55.63,11229187.66,624679709.5258,10898036.319999998,610181053.5567999,45,2002,18,55.80730615818533
2002-01-28,2002-01-25,Prod. Sold Negotiated,66530,55.71,197.5,55.71,13139675.0,732011294.25,11229187.66,624679709.5258,51,2002,19,55.673135948306914
2002-01-28,2002-01-25,Prod. Sold Swine or Pork Market Formula,159721,56.67,201.07,56.67,32115101.47,1819962800.3049,30272099.970000003,1716125347.2993002,51,2002,19,56.67970458660472
2002-01-29,2002-01-28,Prod. Sold Swine or Pork Market Formula,143253,57.09,199.51,57.09,28580406.03,1631655380.2527,32115101.47,1819962800.3049,52,2002,20,56.867770329749696
2002-01-29,2002-01-28,Prod. Sold Negotiated,55576,56.43,195.91,56.43,10887894.16,614403867.4488,13139675.0,732011294.25,52,2002,20,56.03626204269762
2002-01-30,2002-01-29,Prod. Sold Negotiated,54770,56.47,195.66,56.47,10716298.2,605149359.354,10887894.16,614403867.4488,53,2002,21,56.449841145684005
2002-01-30,2002-01-29,Prod. Sold Swine or Pork Market Formula,136204,56.82,200.28,56.82,27278937.12,1549989207.1584,28580406.03,1631655380.2527,53,2002,21,56.95814537001229
2002-01-31,2002-01-30,Prod. Sold Negotiated,58674,56.38,196.73,56.38,11542936.02,650790732.8076,10716298.2,605149359.354,54,2002,22,56.423328841795175
2002-01-31,2002-01-30,Prod. Sold Swine or Pork Market Formula,151470,57.05,199.21,57.05,30174338.700000003,1721446022.835,27278937.12,1549989207.1584,54,2002,22,56.940795512561245
2002-02-01,2002-01-31,Prod. Sold Negotiated,50534,55.93,196.72,55.93,9941048.48,556002841.4864,11542936.02,650790732.8076,55,2002,23,56.17177643625652
2002-02-01,2002-01-31,Prod. Sold Swine or Pork Market Formula,151226,57.15,199.22,57.15,30127243.72,1721771978.5979998,30174338.700000003,1721446022.835,55,2002,23,57.0999609504609
2002-02-04,2002-02-01,Prod. Sold Negotiated,57526,56.13,197.13,56.13,11340100.38,636519834.3294,9941048.48,556002841.4864,61,2002,24,56.0365741370882
2002-02-04,2002-02-01,Prod. Sold Swine or Pork Market Formula,154747,57.4,200.8,57.4,31073197.6,1783601542.24,30127243.72,1721771978.5979998,61,2002,24,57.27693208141068
2002-02-05,2002-02-04,Prod. Sold Negotiated,50335,56.63,196.92,56.63,9911968.2,561314759.166,11340100.38,636519834.3294,62,2002,25,56.36320008032837
2002-02-05,2002-02-04,Prod. Sold Swine or Pork Market Formula,137244,57.35,200.26,57.35,27484483.44,1576235125.284,31073197.6,1783601542.24,62,2002,25,57.37653212785081
2002-02-06,2002-02-05,Prod. Sold Swine or Pork Market Formula,152647,57.16,198.94,57.16,30367594.18,1735811683.3288,27484483.44,1576235125.284,63,2002,26,57.25026558886788
2002-02-06,2002-02-05,Prod. Sold Negotiated,52714,56.59,195.64,56.59,10312966.96,583610800.2664,9911968.2,561314759.166,63,2002,26,56.609603461017976
2002-02-07,2002-02-06,Prod. Sold Swine or Pork Market Formula,148748,56.98,199.46,56.98,29669276.08,1690555351.0384,30367594.18,1735811683.3288,64,2002,27,57.07104683386605
2002-02-07,2002-02-06,Prod. Sold Negotiated,48104,55.8,197.24,55.8,9488032.96,529432239.168,10312966.96,583610800.2664,64,2002,27,56.21145618561266
2002-02-08,2002-02-07,Prod. Sold Swine or Pork Market Formula,156430,56.54,200.21,56.540000000000006,31318850.3,1770767795.962,29669276.08,1690555351.0384,65,2002,28,56.7540495576772
2002-02-08,2002-02-07,Prod. Sold Negotiated,48367,55.48,197.14,55.48,9535070.38,529005704.6823999,9488032.96,529432239.168,65,2002,28,55.63960437647499
2002-02-11,2002-02-08,Prod. Sold Negotiated,59972,55.65,196.33,55.65,11774302.760000002,655239948.5940001,9535070.38,529005704.6823999,71,2002,29,55.573931973317535
2002-02-11,2002-02-08,Prod. Sold Swine or Pork Market Formula,154379,56.56,199.43,56.56,30787803.970000003,1741358192.5432005,31318850.3,1770767795.962,71,2002,29,56.54991449445535
2002-02-12,2002-02-11,Prod. Sold Negotiated,48418,55.59,197.05,55.59,9540766.9,530371231.9710001,11774302.760000002,655239948.5940001,72,2002,30,55.623143601070446
2002-02-12,2002-02-11,Prod. Sold Swine or Pork Market Formula,146259,56.19,199.8,56.19,29222548.200000003,1642014983.358,30787803.970000003,1741358192.5432005,72,2002,30,56.379825372739525
2002-02-13,2002-02-12,Prod. Sold Negotiated,59625,54.72,196.53,54.72,11718101.25,641214500.4,9540766.9,530371231.9710001,73,2002,31,55.11044727802219
2002-02-13,2002-02-12,Prod. Sold Swine or Pork Market Formula,150690,55.71,199.53,55.71,30067175.7,1675042358.247,29222548.200000003,1642014983.358,73,2002,31,55.94658101629311
2002-02-14,2002-02-13,Prod. Sold Negotiated,47550,53.73,196.9,53.73,9362595.0,503052229.35,11718101.25,641214500.4,74,2002,32,54.28031010835328
2002-02-14,2002-02-13,Prod. Sold Swine or Pork Market Formula,156742,55.27,199.1,55.27,31207332.2,1724829250.694,30067175.7,1675042358.247,74,2002,32,55.485906381975205
2002-02-15,2002-02-14,Prod. Sold Swine or Pork Market Formula,155334,54.98,198.41,54.97999999999999,30819818.94,1694473645.3211997,31207332.2,1724829250.694,75,2002,33,55.12590588430497
2002-02-15,2002-02-14,Prod. Sold Negotiated,49639,53.7,196.89,53.7,9773422.71,524832799.527,9362595.0,503052229.35,75,2002,33,53.714677967707615
2002-02-18,2002-02-15,Prod. Sold Negotiated,51584,53.98,197.16,53.98,10170301.44,548992871.7312,9773422.71,524832799.527,81,2002,34,53.84278599030864
2002-02-18,2002-02-15,Prod. Sold Swine or Pork Market Formula,155394,55.14,199.13,55.14,30943607.22,1706230502.1108,30819818.94,1694473645.3211997,81,2002,34,55.0601603386181
2002-02-19,2002-02-18,Prod. Sold Swine or Pork Market Formula,141324,54.94,198.78,54.94,28092384.72,1543395616.5168,30943607.22,1706230502.1108,82,2002,35,55.04482963427276
2002-02-19,2002-02-18,Prod. Sold Negotiated,55346,54.16,197.36,54.16,10923086.56,591594368.0896,10170301.44,548992871.7312,82,2002,35,54.07321193830028
2002-02-20,2002-02-19,Prod. Sold Negotiated,56889,54.25,196.21,54.25000000000001,11162190.69,605548844.9325001,10923086.56,591594368.0896,83,2002,36,54.20548718817193
2002-02-20,2002-02-19,Prod. Sold Swine or Pork Market Formula,141408,55.03,199.17,55.03,28164231.36,1549877651.7408,28092384.72,1543395616.5168,83,2002,36,54.98505747055236
2002-02-21,2002-02-20,Prod. Sold Swine or Pork Market Formula,151500,55.27,198.62,55.27,30090930.0,1663125701.1,28164231.36,1549877651.7408,84,2002,37,55.1539688129155
2002-02-21,2002-02-20,Prod. Sold Negotiated,58487,54.18,197.14,54.17999999999999,11530127.18,624702290.6124,11162190.69,605548844.9325001,84,2002,37,54.214432504990285
2002-02-22,2002-02-21,Prod. Sold Swine or Pork Market Formula,159975,55.1,199.61,55.1,31932609.750000004,1759486797.225,30090930.0,1663125701.1,85,2002,38,55.18247607473903
2002-02-22,2002-02-21,Prod. Sold Negotiated,52371,54.26,195.85,54.26,10256860.35,556537242.591,11530127.18,624702290.6124,85,2002,38,54.21766233522968
2002-02-25,2002-02-22,Prod. Sold Swine or Pork Market Formula,160030,55.31,200.01,55.31,32007600.3,1770340372.593,31932609.750000004,1759486797.225,91,2002,39,55.20512314641669
2002-02-25,2002-02-22,Prod. Sold Negotiated,60358,54.37,196.74,54.37,11874832.92,645634665.8604,10256860.35,556537242.591,91,2002,39,54.319020862311085
2002-02-26,2002-02-25,Prod. Sold Swine or Pork Market Formula,145695,55.34,200.25,55.34,29175423.75,1614567950.325,32007600.3,1770340372.593,92,2002,40,55.324305646477775
2002-02-26,2002-02-25,Prod. Sold Negotiated,57010,54.08,196.18,54.08,11184221.8,604842714.944,11874832.92,645634665.8604,92,2002,40,54.229342702405454
2002-02-27,2002-02-26,Prod. Sold Swine or Pork Market Formula,152202,55.39,198.34,55.39,30187744.68,1672099177.8252,29175423.75,1614567950.325,93,2002,41,55.365426325344814
2002-02-27,2002-02-26,Prod. Sold Negotiated,49985,53.93,195.58,53.93,9776066.3,527223255.559,11184221.8,604842714.944,93,2002,41,54.01003865509845
2002-02-28,2002-02-27,Prod. Sold Negotiated,55369,53.58,195.82,53.58,10842357.58,580933519.1364,9776066.3,527223255.559,94,2002,42,53.7459497944612
2002-02-28,2002-02-27,Prod. Sold Swine or Pork Market Formula,163270,54.99,198.25,54.99,32368277.5,1779931579.725,30187744.68,1672099177.8252,94,2002,42,55.18302854387473
2002-03-01,2002-02-28,Prod. Sold Swine or Pork Market Formula,155477,55.02,199.14,55.02,30961689.78,1703512171.6956,32368277.5,1779931579.725,95,2002,43,55.00466684309647
2002-03-01,2002-02-28,Prod. Sold Negotiated,48062,53.54,197.22,53.54,9478787.64,507494290.2456,10842357.58,580933519.1364,95,2002,43,53.56134202076235
2002-03-04,2002-03-01,Prod. Sold Swine or Pork Market Formula,160678,54.93,198.64,54.93,31917077.92,1753205090.1455998,30961689.78,1703512171.6956,101,2002,44,54.974316264171954
2002-03-04,2002-03-01,Prod. Sold Negotiated,58803,53.64,197.22,53.64,11597127.66,622069927.6824,9478787.64,507494290.2456,101,2002,44,53.595025499461926
2002-03-05,2002-03-04,Prod. Sold Negotiated,51300,54.08,197.37,54.080000000000005,10125081.0,547564380.48,11597127.66,622069927.6824,102,2002,45,53.84509128283091
2002-03-05,2002-03-04,Prod. Sold Swine or Pork Market Formula,144607,55.06,198.88,55.06,28759440.16,1583494775.2096,31917077.92,1753205090.1455998,102,2002,45,54.991617365977895
2002-03-06,2002-03-05,Prod. Sold Swine or Pork Market Formula,155212,55.26,198.71,55.26,30842176.52,1704338674.4952,28759440.16,1583494775.2096,103,2002,46,55.1634944293058
2002-03-06,2002-03-05,Prod. Sold Negotiated,54001,54.07,195.89,54.07,10578255.89,571966295.9722999,10125081.0,547564380.48,103,2002,46,54.074890555108965
2002-03-07,2002-03-06,Prod. Sold Swine or Pork Market Formula,143976,55.02,198.6,55.02,28593633.6,1573221720.672,30842176.52,1704338674.4952,104,2002,47,55.144539774083256
2002-03-07,2002-03-06,Prod. Sold Negotiated,57100,53.67,196.74,53.67000000000001,11233854.0,602920944.1800001,10578255.89,571966295.9722999,104,2002,47,53.86398867772713
2002-03-08,2002-03-07,Prod. Sold Negotiated,52119,52.88,195.3,52.88,10178840.7,538257096.2160001,11233854.0,602920944.1800001,105,2002,48,53.294461831373326
2002-03-08,2002-03-07,Prod. Sold Swine or Pork Market Formula,152581,54.59,199.08,54.59,30375825.48,1658216312.9532,28593633.6,1573221720.672,105,2002,48,54.79850220842826
2002-03-11,2002-03-08,Prod. Sold Negotiated,54243,52.78,197.2,52.78000000000001,10696719.6,564572860.488,10178840.7,538257096.2160001,111,2002,49,52.8287596047901
2002-03-11,2002-03-08,Prod. Sold Swine or Pork Market Formula,155529,54.33,199.29,54.33,30995374.41,1683978691.6953,30375825.48,1658216312.9532,111,2002,49,54.45868763587734
2002-03-12,2002-03-11,Prod. Sold Swine or Pork Market Formula,146266,54.09,198.04,54.09,28966518.64,1566798993.2376,30995374.41,1683978691.6953,112,2002,50,54.214060290294654
2002-03-12,2002-03-11,Prod. Sold Negotiated,47303,52.5,195.57,52.5,9251047.71,485680004.775,10696719.6,564572860.488,112,2002,50,52.650146201399615
2002-03-13,2002-03-12,Prod. Sold Swine or Pork Market Formula,153789,53.46,198.17,53.46,30476366.13,1629266533.3098,28966518.64,1566798993.2376,113,2002,51,53.76699900944932
2002-03-13,2002-03-12,Prod. Sold Negotiated,54533,51.89,195.3,51.89,10650294.9,552643802.3610001,9251047.71,485680004.775,113,2002,51,52.17355569841125
2002-03-14,2002-03-13,Prod. Sold Negotiated,52618,50.59,198.1,50.59,10423625.8,527331229.222,10650294.9,552643802.3610001,114,2002,52,51.24699133858847
2002-03-14,2002-03-13,Prod. Sold Swine or Pork Market Formula,153061,52.94,199.48,52.94,30532608.28,1616396282.3431995,30476366.13,1629266533.3098,114,2002,52,53.199760314623525
2002-03-15,2002-03-14,Prod. Sold Negotiated,45553,50.15,196.85,50.15,8967108.05,449700468.7074999,10423625.8,527331229.222,115,2002,53,50.38652510459268
2002-03-15,2002-03-14,Prod. Sold Swine or Pork Market Formula,160629,52.14,199.21,52.14,31998903.09,1668422807.1126,30532608.28,1616396282.3431995,115,2002,53,52.53062044221945
2002-03-18,2002-03-15,Prod. Sold Swine or Pork Market Formula,170113,51.92,198.98,51.92,33849084.739999995,1757444479.7007997,31998903.09,1668422807.1126,121,2002,54,52.02690924524489
2002-03-18,2002-03-15,Prod. Sold Negotiated,51994,49.53,197.87,49.53,10288052.78,509567254.1934,8967108.05,449700468.7074999,121,2002,54,49.8187333447944
2002-03-19,2002-03-18,Prod. Sold Swine or Pork Market Formula,150884,51.34,198.23,51.34,29909735.32,1535565811.3288002,33849084.739999995,1757444479.7007997,122,2002,55,51.64791769877054
2002-03-19,2002-03-18,Prod. Sold Negotiated,52756,49.57,197.27,49.57,10407176.12,515883720.2684001,10288052.78,509567254.1934,122,2002,55,49.55011512154863
2002-03-20,2002-03-19,Prod. Sold Swine or Pork Market Formula,164543,51.08,198.48,51.08,32658494.64,1668195906.2111998,29909735.32,1535565811.3288002,123,2002,56,51.20428881539676
2002-03-20,2002-03-19,Prod. Sold Negotiated,53130,49.09,196.6,49.09,10445358.0,512762624.22,10407176.12,515883720.2684001,123,2002,56,49.32956054975634
2002-03-21,2002-03-20,Prod. Sold Swine or Pork Market Formula,162333,50.61,198.55,50.61,32231217.15,1631221899.9615002,32658494.64,1668195906.2111998,124,2002,57,50.84654739799854
2002-03-21,2002-03-20,Prod. Sold Negotiated,50374,48.34,196.49,48.34,9897987.26,478468704.1484,10445358.0,512762624.22,124,2002,57,48.72508998396659
2002-03-22,2002-03-21,Prod. Sold Swine or Pork Market Formula,156451,50.05,199.53,50.05,31216668.03,1562394234.9015,32231217.15,1631221899.9615002,125,2002,58,50.33447727694617
2002-03-22,2002-03-21,Prod. Sold Negotiated,48101,47.59,197.8,47.59,9514377.8,452789239.5020001,9897987.26,478468704.1484,125,2002,58,47.972410408111294
2002-03-25,2002-03-22,Prod. Sold Swine or Pork Market Formula,168848,49.92,199.82,49.92,33739207.36,1684261231.4112,31216668.03,1562394234.9015,131,2002,59,49.982475747105774
2002-03-25,2002-03-22,Prod. Sold Negotiated,55991,47.66,197.66,47.66,11067181.06,527461849.3196,9514377.8,452789239.5020001,131,2002,59,47.62764062185328
2002-03-26,2002-03-25,Prod. Sold Swine or Pork Market Formula,152991,49.57,198.67,49.56999999999999,30394721.97,1506666368.0528998,33739207.36,1684261231.4112,132,2002,60,49.75412597979516
2002-03-26,2002-03-25,Prod. Sold Negotiated,50877,47.83,197.98,47.83,10072628.46,481773819.2418,11067181.06,527461849.3196,132,2002,60,47.74100105332453
2002-03-27,2002-03-26,Prod. Sold Negotiated,55078,47.97,196.48,47.97,10821725.44,519118169.3568,10072628.46,481773819.2418,133,2002,61,47.90250961522194
2002-03-27,2002-03-26,Prod. Sold Swine or Pork Market Formula,148709,49.52,198.77,49.52,29558887.93,1463756130.2936,30394721.97,1506666368.0528998,133,2002,61,49.54534853365852
2002-03-28,2002-03-27,Prod. Sold Negotiated,54839,47.69,197.22,47.69,10815347.58,515783926.0902,10821725.44,519118169.3568,134,2002,62,47.83004126715287
2002-03-28,2002-03-27,Prod. Sold Swine or Pork Market Formula,159513,49.71,199.24,49.71,31781370.12,1579851908.6652,29558887.93,1463756130.2936,134,2002,62,49.61844204303605
2002-03-29,2002-03-28,Prod. Sold Negotiated,53755,48.08,197.45,48.08,10613924.75,510317501.98,10815347.58,515783926.0902,135,2002,63,47.88316711219844
2002-03-29,2002-03-28,Prod. Sold Swine or Pork Market Formula,153916,49.7,200.65,49.7,30883245.4,1534897296.38,31781370.12,1579851908.6652,135,2002,63,49.70507166123279
2002-04-01,2002-03-29,Prod. Sold Negotiated,57325,48.19,197.87,48.19,11342897.75,546614242.5725,10613924.75,510317501.98,141,2002,64,48.136826016264415
2002-04-01,2002-03-29,Prod. Sold Swine or Pork Market Formula,143166,49.74,199.26,49.74,28527257.16,1418945771.1384,30883245.4,1534897296.38,141,2002,64,49.71920687819881
2002-04-02,2002-04-01,Prod. Sold Swine or Pork Market Formula,126222,49.83,199.85,49.830000000000005,25225466.7,1256985005.661,28527257.16,1418945771.1384,142,2002,65,49.782235850389895
2002-04-02,2002-04-01,Prod. Sold Negotiated,40349,49.07,196.69,49.07,7936244.81,389431532.8267,11342897.75,546614242.5725,142,2002,65,48.5522513507053
2002-04-03,2002-04-02,Prod. Sold Negotiated,49404,48.26,197.81,48.26,9772605.24,471625928.8824,7936244.81,389431532.8267,143,2002,66,48.62300258220888
2002-04-03,2002-04-02,Prod. Sold Swine or Pork Market Formula,153918,49.66,199.01,49.66,30631221.18,1521146443.7988,25225466.7,1256985005.661,143,2002,66,49.73677378487269
2002-04-04,2002-04-03,Prod. Sold Negotiated,53136,47.85,197.29,47.85,10483201.44,501621188.904,9772605.24,471625928.8824,144,2002,67,48.04780837227066
2002-04-04,2002-04-03,Prod. Sold Swine or Pork Market Formula,157154,49.54,200.54,49.54,31515663.16,1561285952.9464,30631221.18,1521146443.7988,144,2002,67,49.59914611135597
2002-04-05,2002-04-04,Prod. Sold Negotiated,45987,47.03,197.92,47.03,9101747.04,428055163.2912,10483201.44,501621188.904,145,2002,68,47.46891997926768
2002-04-05,2002-04-04,Prod. Sold Swine or Pork Market Formula,155613,49.13,198.99,49.13,30965430.87,1521331618.6431,31515663.16,1561285952.9464,145,2002,68,49.33680530800879
2002-04-08,2002-04-05,Prod. Sold Swine or Pork Market Formula,163699,48.32,200.57,48.32,32833108.43,1586495799.3376,30965430.87,1521331618.6431,151,2002,69,48.71314378165865
2002-04-08,2002-04-05,Prod. Sold Negotiated,60097,46.42,197.53,46.42,11870960.41,551049982.2322,9101747.04,428055163.2912,151,2002,69,46.68472813334361
2002-04-09,2002-04-08,Prod. Sold Negotiated,54589,45.72,198.06,45.72,10811897.34,494319946.3848,11870960.41,551049982.2322,152,2002,70,46.08634150681477
2002-04-09,2002-04-08,Prod. Sold Swine or Pork Market Formula,151351,48.11,199.57,48.11,30205119.07,1453168278.4577,32833108.43,1586495799.3376,152,2002,70,48.21937732616768
2002-04-10,2002-04-09,Prod. Sold Negotiated,56744,44.56,197.79,44.56,11223395.76,500114515.0656,10811897.34,494319946.3848,153,2002,71,45.129168781076935
2002-04-10,2002-04-09,Prod. Sold Swine or Pork Market Formula,152372,47.42,199.57,47.42,30408880.04,1441989091.4968,30205119.07,1453168278.4577,153,2002,71,47.76384024258947
2002-04-11,2002-04-10,Prod. Sold Swine or Pork Market Formula,147437,46.44,199.25,46.44,29376822.25,1364259625.29,30408880.04,1441989091.4968,154,2002,72,46.938458683225754
2002-04-11,2002-04-10,Prod. Sold Negotiated,50629,43.31,198.38,43.31,10043781.02,434996155.9762,11223395.76,500114515.0656,154,2002,72,43.96966652955992
2002-04-12,2002-04-11,Prod. Sold Negotiated,57872,42.48,196.77,42.48,11387473.44,483739871.7312,10043781.02,434996155.9762,155,2002,73,42.86898041466304
2002-04-12,2002-04-11,Prod. Sold Swine or Pork Market Formula,160840,45.51,200.07,45.51,32179258.8,1464478067.988,29376822.25,1364259625.29,155,2002,73,45.953830150108296
2002-04-15,2002-04-12,Prod. Sold Negotiated,54484,41.61,196.84,41.61,10724630.56,446251877.6016,11387473.44,483739871.7312,161,2002,74,42.05803976558721
2002-04-15,2002-04-12,Prod. Sold Swine or Pork Market Formula,162863,44.52,199.96,44.52,32566085.48,1449842125.5696,32179258.8,1464478067.988,161,2002,74,45.01204257952863
2002-04-16,2002-04-15,Prod. Sold Negotiated,41692,40.54,196.78,40.54,8204151.76,332596312.3504,10724630.56,446251877.6016,162,2002,75,41.1462383995549
2002-04-16,2002-04-15,Prod. Sold Swine or Pork Market Formula,144526,44.02,199.49,44.02,28831491.74,1269162266.3948002,32566085.48,1449842125.5696,162,2002,75,44.28520660060665
2002-04-17,2002-04-16,Prod. Sold Negotiated,49245,40.2,196.99,40.2,9700772.55,389971056.5100001,8204151.76,332596312.3504,163,2002,76,40.355790192134016
2002-04-17,2002-04-16,Prod. Sold Swine or Pork Market Formula,150178,43.4,199.76,43.4,29999557.28,1301980785.952,28831491.74,1269162266.3948002,163,2002,76,43.703845081408005
2002-04-18,2002-04-17,Prod. Sold Negotiated,47448,40.13,196.65,40.13,9330649.2,374438952.3960001,9700772.55,389971056.5100001,164,2002,77,40.165680680477806
2002-04-18,2002-04-17,Prod. Sold Swine or Pork Market Formula,157152,43.56,198.51,43.56,31196243.52,1358908367.7312,29999557.28,1301980785.952,164,2002,77,43.48156440307911
2002-04-19,2002-04-18,Prod. Sold Swine or Pork Market Formula,155994,44.02,198.77,44.02,31006927.380000003,1364924943.2676003,31196243.52,1358908367.7312,165,2002,78,43.78929999208128
2002-04-19,2002-04-18,Prod. Sold Negotiated,45571,41.26,196.17,41.26,8939663.07,368850498.2682,9330649.2,374438952.3960001,165,2002,78,40.682908955239206
2002-04-22,2002-04-19,Prod. Sold Swine or Pork Market Formula,162408,44.41,199.78,44.41,32445870.24,1440921097.3584,31006927.380000003,1364924943.2676003,171,2002,79,44.219422088043785
2002-04-22,2002-04-19,Prod. Sold Negotiated,53073,42.41,198.11,42.41,10514292.03,445911124.9923,8939663.07,368850498.2682,171,2002,79,41.881541263580885
2002-04-23,2002-04-22,Prod. Sold Swine or Pork Market Formula,146477,45.16,200.4,45.16,29353990.8,1325626224.528,32445870.24,1440921097.3584,172,2002,80,44.766238553445135
2002-04-23,2002-04-22,Prod. Sold Negotiated,49933,43.74,198.46,43.74,9909703.18,433450417.0932,10514292.03,445911124.9923,172,2002,80,43.05531474346149
2002-04-24,2002-04-23,Prod. Sold Swine or Pork Market Formula,151824,46.08,199.84,46.08,30340508.16,1398090616.0128,29353990.8,1325626224.528,173,2002,81,45.62760200677627
2002-04-24,2002-04-23,Prod. Sold Negotiated,57474,44.49,196.8,44.49,11310883.2,503221193.5680001,9909703.18,433450417.0932,173,2002,81,44.13976097964923
2002-04-25,2002-04-24,Prod. Sold Swine or Pork Market Formula,153398,46.94,198.34,46.94,30424959.32,1428147590.4808,30340508.16,1398090616.0128,174,2002,82,46.51059760914061
2002-04-25,2002-04-24,Prod. Sold Negotiated,54720,45.11,197.25,45.11,10793520.0,486895687.2,11310883.2,503221193.5680001,174,2002,82,44.79274431476168
2002-04-26,2002-04-25,Prod. Sold Negotiated,55072,45.26,198.67,45.26,10941154.24,495196640.9024,10793520.0,486895687.2,175,2002,83,45.18550944255606
2002-04-26,2002-04-25,Prod. Sold Swine or Pork Market Formula,155724,47.2,200.48,47.2,31219547.52,1473562642.944,30424959.32,1428147590.4808,175,2002,83,47.071675679980174
2002-04-29,2002-04-26,Prod. Sold Swine or Pork Market Formula,168914,47.38,200.84,47.38,33924687.76,1607351706.0688,31219547.52,1473562642.944,181,2002,84,47.29373728574069
2002-04-29,2002-04-26,Prod. Sold Negotiated,64859,45.47,198.87,45.47,12898509.33,586495219.2351,10941154.24,495196640.9024,181,2002,84,45.373621022853214
2002-04-30,2002-04-29,Prod. Sold Swine or Pork Market Formula,151647,47.24,199.68,47.24,30280872.96,1430468438.6304002,33924687.76,1607351706.0688,182,2002,85,47.313972662696806
2002-04-30,2002-04-29,Prod. Sold Negotiated,50637,45.37,197.79,45.37,10015492.23,454402882.4751,12898509.33,586495219.2351,182,2002,85,45.42629095073693
2002-05-01,2002-04-30,Prod. Sold Negotiated,56754,44.73,197.57,44.73,11212887.78,501552470.3994,10015492.23,454402882.4751,183,2002,86,45.03195026771617
2002-05-01,2002-04-30,Prod. Sold Swine or Pork Market Formula,156960,47.21,199.37,47.21,31293115.2,1477347968.592,30280872.96,1430468438.6304002,183,2002,86,47.22475340831326
2002-05-02,2002-05-01,Prod. Sold Swine or Pork Market Formula,161775,46.56,198.21,46.56,32065422.75,1492966083.24,31293115.2,1477347968.592,184,2002,87,46.88103841941636
2002-05-02,2002-05-01,Prod. Sold Negotiated,49692,43.63,197.98,43.63,9838022.16,429232906.8408001,11212887.78,501552470.3994,184,2002,87,44.21592130188935
2002-05-03,2002-05-02,Prod. Sold Swine or Pork Market Formula,154546,46.07,199.44,46.07,30822654.24,1419999680.8368,32065422.75,1492966083.24,185,2002,88,46.319841590004394
2002-05-03,2002-05-02,Prod. Sold Negotiated,48195,42.85,199.45,42.85,9612492.75,411895314.3375,9838022.16,429232906.8408001,185,2002,88,43.24452206382746
2002-05-06,2002-05-03,Prod. Sold Negotiated,55922,43.09,197.83,43.09,11063049.26,476706792.6134,9612492.75,411895314.3375,191,2002,89,42.9784189706425
2002-05-06,2002-05-03,Prod. Sold Swine or Pork Market Formula,159670,45.69,199.35,45.69,31830214.5,1454322500.505,30822654.24,1419999680.8368,191,2002,89,45.87694449028034
2002-05-07,2002-05-06,Prod. Sold Swine or Pork Market Formula,146535,45.7,198.03,45.7,29018326.05,1326137500.485,31830214.5,1454322500.505,192,2002,90,45.69476894364066
2002-05-07,2002-05-06,Prod. Sold Negotiated,48366,43.56,199.35,43.56,9641762.1,419995157.076,11063049.26,476706792.6134,192,2002,90,43.30886836388932
2002-05-08,2002-05-07,Prod. Sold Swine or Pork Market Formula,154754,46.01,198.28,46.01,30684623.12,1411799509.7512,29018326.05,1326137500.485,193,2002,91,45.859326018219214
2002-05-08,2002-05-07,Prod. Sold Negotiated,48703,43.92,196.1,43.92,9550658.3,419464912.536,9641762.1,419995157.076,193,2002,91,43.739145564568815
2002-05-09,2002-05-08,Prod. Sold Negotiated,50261,44.51,196.25,44.51,9863721.25,439034232.8375,9550658.3,419464912.536,194,2002,92,44.21975696738143
2002-05-09,2002-05-08,Prod. Sold Swine or Pork Market Formula,156926,46.43,198.6,46.43000000000001,31165503.6,1447014332.148,30684623.12,1411799509.7512,194,2002,92,46.22163273555214
2002-05-10,2002-05-09,Prod. Sold Negotiated,48379,44.5,198.61,44.5,9608553.19,427580616.955,9863721.25,439034232.8375,195,2002,93,44.50506552086681
2002-05-10,2002-05-09,Prod. Sold Swine or Pork Market Formula,156104,46.6,199.78,46.6,31186457.12,1453288901.792,31165503.6,1447014332.148,195,2002,93,46.51502856444576
2002-05-13,2002-05-10,Prod. Sold Negotiated,61671,45.31,197.78,45.31000000000001,12197290.38,552659227.1178001,9608553.19,427580616.955,201,2002,94,44.9530806238284
2002-05-13,2002-05-10,Prod. Sold Swine or Pork Market Formula,157119,47.01,199.58,47.01,31357810.020000003,1474130649.0402,31186457.12,1453288901.792,201,2002,94,46.805561639717055
2002-05-14,2002-05-13,Prod. Sold Negotiated,52915,46.3,196.49,46.3,10397268.35,481393524.605,12197290.38,552659227.1178001,202,2002,95,45.76556524424763
2002-05-14,2002-05-13,Prod. Sold Swine or Pork Market Formula,150232,47.56,198.49,47.56,29819549.68,1418217782.7808,31357810.020000003,1474130649.0402,202,2002,95,47.27808532444724
2002-05-15,2002-05-14,Prod. Sold Swine or Pork Market Formula,158025,48.35,198.79,48.35,31413789.75,1518856734.4125,29819549.68,1418217782.7808,203,2002,96,47.9652840190248
2002-05-15,2002-05-14,Prod. Sold Negotiated,50938,47.26,195.67,47.26,9967038.46,471042237.6196,10397268.35,481393524.605,203,2002,96,46.769859200751256
2002-05-16,2002-05-15,Prod. Sold Swine or Pork Market Formula,148606,49.4,198.07,49.4,29434390.42,1454058886.748,31413789.75,1518856734.4125,204,2002,97,48.857921680724935
2002-05-16,2002-05-15,Prod. Sold Negotiated,49580,48.41,196.21,48.41,9728091.8,470936924.038,9967038.46,471042237.6196,204,2002,97,47.8280239441077
2002-05-17,2002-05-16,Prod. Sold Negotiated,43072,49.34,196.85,49.34,8478723.2,418340202.688,9728091.8,470936924.038,205,2002,98,48.84309126697888
2002-05-17,2002-05-16,Prod. Sold Swine or Pork Market Formula,146510,50.37,199.25,50.37,29192117.5,1470406958.475,29434390.42,1454058886.748,205,2002,98,49.882995746798336
2002-05-20,2002-05-17,Prod. Sold Swine or Pork Market Formula,148374,51.41,199.63,51.41,29619901.62,1522759142.2842,29192117.5,1470406958.475,211,2002,99,50.89378235173232
2002-05-20,2002-05-17,Prod. Sold Negotiated,50898,50.15,195.91,50.15,9971427.18,500067073.077,8478723.2,418340202.688,211,2002,99,49.7777664056633
2002-05-21,2002-05-20,Prod. Sold Negotiated,54994,50.99,196.88,50.99,10827218.72,552079882.5328001,9971427.18,500067073.077,212,2002,100,50.587281531140455
2002-05-21,2002-05-20,Prod. Sold Swine or Pork Market Formula,136350,51.96,197.6,51.96,26942760.0,1399945809.6,29619901.62,1522759142.2842,212,2002,100,51.67198410003322
2002-05-22,2002-05-21,Prod. Sold Negotiated,54434,51.35,195.54,51.35000000000001,10644024.36,546570650.886,10827218.72,552079882.5328001,213,2002,101,51.16846422563068
2002-05-22,2002-05-21,Prod. Sold Swine or Pork Market Formula,147924,52.18,198.07,52.17999999999999,29299306.68,1528837822.5624,26942760.0,1399945809.6,213,2002,101,52.074609007991725
2002-05-23,2002-05-22,Prod. Sold Swine or Pork Market Formula,155639,51.94,198.28,51.94,30860100.92,1602873641.7848,29299306.68,1528837822.5624,214,2002,102,52.05688668295996
2002-05-23,2002-05-22,Prod. Sold Negotiated,45518,50.53,195.24,50.53,8886934.32,449056791.18960005,10644024.36,546570650.886,214,2002,102,50.97688538428674
2002-05-24,2002-05-23,Prod. Sold Negotiated,47023,50.13,196.43,50.13,9236727.89,463037169.12570006,8886934.32,449056791.18960005,215,2002,103,50.32613992397401
2002-05-24,2002-05-23,Prod. Sold Swine or Pork Market Formula,156424,51.4,198.21,51.4,31004801.040000003,1593646773.456,30860100.92,1602873641.7848,215,2002,103,51.66936847822978
2002-05-28,2002-05-24,Prod. Sold Negotiated,51616,49.0,197.59,49.0,10198805.44,499741466.56,9236727.89,463037169.12570006,222,2002,104,49.53703195783103
2002-05-28,2002-05-24,Prod. Sold Swine or Pork Market Formula,149684,51.19,199.49,51.19,29860461.16,1528557006.7804,31004801.040000003,1593646773.456,222,2002,104,51.29697412584874
2002-05-29,2002-05-28,Prod. Sold Negotiated,42574,48.63,195.3,48.63,8314702.2,404343967.986,10198805.44,499741466.56,223,2002,105,48.833827285794655
2002-05-29,2002-05-28,Prod. Sold Swine or Pork Market Formula,141988,50.19,196.94,50.18999999999999,27963116.72,1403468828.1767998,29860461.16,1528557006.7804,223,2002,105,50.706406321690594
2002-05-30,2002-05-29,Prod. Sold Swine or Pork Market Formula,159667,49.36,196.89,49.36,31436835.63,1551722206.6968,27963116.72,1403468828.1767998,224,2002,106,49.75073073225454
2002-05-30,2002-05-29,Prod. Sold Negotiated,45640,47.28,196.64,47.28,8974649.6,424321433.088,8314702.2,404343967.986,224,2002,106,47.92923474863876
2002-05-31,2002-05-30,Prod. Sold Swine or Pork Market Formula,159958,48.52,196.76,48.52,31473336.08,1527086266.6016,31436835.63,1551722206.6968,225,2002,107,48.939756316211145
2002-05-31,2002-05-30,Prod. Sold Negotiated,46115,45.99,197.03,45.99,9086038.45,417866908.3155,8974649.6,424321433.088,225,2002,107,46.631021978340414
2002-06-03,2002-05-31,Prod. Sold Negotiated,63143,45.35,197.31,45.35,12458745.33,565004100.7155,9086038.45,417866908.3155,231,2002,108,45.619905916317336
2002-06-03,2002-05-31,Prod. Sold Swine or Pork Market Formula,183320,47.78,196.75,47.78,36068210.0,1723339073.8,31473336.08,1527086266.6016,231,2002,108,48.12482877652244
2002-06-04,2002-06-03,Prod. Sold Swine or Pork Market Formula,148713,47.64,196.95,47.64000000000001,29289025.35,1395329167.674,36068210.0,1723339073.8,232,2002,109,47.71726075579787
2002-06-04,2002-06-03,Prod. Sold Negotiated,53170,45.16,197.24,45.16,10487250.8,473604246.128,12458745.33,565004100.7155,232,2002,109,45.26316229460202
2002-06-05,2002-06-04,Prod. Sold Swine or Pork Market Formula,150798,47.33,198.24,47.33,29894195.52,1414892273.9615998,29289025.35,1395329167.674,233,2002,110,47.483415068072155
2002-06-05,2002-06-04,Prod. Sold Negotiated,47794,45.58,195.87,45.58,9361410.78,426693103.3524,10487250.8,473604246.128,233,2002,110,45.35808854676437
2002-06-06,2002-06-05,Prod. Sold Swine or Pork Market Formula,155907,47.77,197.77,47.77,30833727.39,1472927157.4203,29894195.52,1414892273.9615998,234,2002,111,47.5534036568599
2002-06-06,2002-06-05,Prod. Sold Negotiated,46353,45.91,196.94,45.91,9128759.82,419101363.3362,9361410.78,426693103.3524,234,2002,111,45.742923901881134
2002-06-07,2002-06-06,Prod. Sold Swine or Pork Market Formula,139885,48.27,197.09,48.27,27569934.65,1330800745.5555005,30833727.39,1472927157.4203,235,2002,112,48.006029160561184
2002-06-07,2002-06-06,Prod. Sold Negotiated,47998,46.76,196.43,46.76,9428247.14,440864836.2664,9128759.82,419101363.3362,235,2002,112,46.34185897845888
2002-06-10,2002-06-07,Prod. Sold Swine or Pork Market Formula,159228,48.73,197.11,48.73,31385431.08,1529412056.5284,27569934.65,1330800745.5555005,241,2002,113,48.514885230004666
2002-06-10,2002-06-07,Prod. Sold Negotiated,51022,47.76,196.44,47.76,10022761.68,478687097.8368,9428247.14,440864836.2664,241,2002,113,47.27528235747312
2002-06-11,2002-06-10,Prod. Sold Negotiated,46203,48.95,198.58,48.95,9174991.74,449115845.673,10022761.68,478687097.8368,242,2002,114,48.32872488836248
2002-06-11,2002-06-10,Prod. Sold Swine or Pork Market Formula,142746,49.89,195.06,49.89,27844034.76,1389138894.1764002,31385431.08,1529412056.5284,242,2002,114,49.27532114824151
2002-06-12,2002-06-11,Prod. Sold Swine or Pork Market Formula,144600,50.28,196.15,50.28,28363290.0,1426106221.2,27844034.76,1389138894.1764002,243,2002,115,50.086801451540914
2002-06-12,2002-06-11,Prod. Sold Negotiated,53127,49.69,194.89,49.69,10353921.03,514486335.9807,9174991.74,449115845.673,243,2002,115,49.34233630937049
2002-06-13,2002-06-12,Prod. Sold Negotiated,48849,49.35,195.79,49.35,9564145.71,471990590.7885,10353921.03,514486335.9807,244,2002,116,49.52674070461519
2002-06-13,2002-06-12,Prod. Sold Swine or Pork Market Formula,145853,50.5,195.94,50.5,28578436.82,1443211059.41,28363290.0,1426106221.2,244,2002,116,50.390415620521566
2002-06-14,2002-06-13,Prod. Sold Swine or Pork Market Formula,144889,50.38,195.67,50.38,28350430.63,1428294695.1394,28578436.82,1443211059.41,245,2002,117,50.44024030640364
2002-06-14,2002-06-13,Prod. Sold Negotiated,42966,48.81,194.91,48.81,8374503.06,408759494.3586,9564145.71,471990590.7885,245,2002,117,49.09790566946364
2002-06-17,2002-06-14,Prod. Sold Negotiated,51694,48.42,195.37,48.42,10099456.78,489015697.2876,8374503.06,408759494.3586,251,2002,118,48.59679242683684
2002-06-17,2002-06-14,Prod. Sold Swine or Pork Market Formula,153709,50.31,195.68,50.31,30077777.12,1513212966.9072,28350430.63,1428294695.1394,251,2002,118,50.34396527500196
2002-06-18,2002-06-17,Prod. Sold Swine or Pork Market Formula,136380,50.3,195.47,50.3,26658198.6,1340907389.58,30077777.12,1513212966.9072,252,2002,119,50.30530135892408
2002-06-18,2002-06-17,Prod. Sold Negotiated,42906,49.29,195.72,49.29,8397562.32,413915846.7528,10099456.78,489015697.2876,252,2002,119,48.81497603256516
2002-06-19,2002-06-18,Prod. Sold Swine or Pork Market Formula,144307,51.04,195.31,51.04,28184600.17,1438541992.6768,26658198.6,1340907389.58,253,2002,120,50.68029795330592
2002-06-19,2002-06-18,Prod. Sold Negotiated,46044,49.95,193.46,49.95,8907672.24,444938228.388,8397562.32,413915846.7528,253,2002,120,49.62972747714088
2002-06-20,2002-06-19,Prod. Sold Negotiated,50077,50.6,194.41,50.6,9735469.57,492614760.242,8907672.24,444938228.388,254,2002,121,50.28943072927256
2002-06-20,2002-06-19,Prod. Sold Swine or Pork Market Formula,149758,51.78,195.94,51.78,29343582.52,1519410702.8856,28184600.17,1438541992.6768,254,2002,121,51.417454145941136
2002-06-21,2002-06-20,Prod. Sold Negotiated,50531,52.2,194.36,52.2,9821205.16,512666909.35200006,9735469.57,492614760.242,255,2002,122,51.40350716432865
2002-06-21,2002-06-20,Prod. Sold Swine or Pork Market Formula,144015,53.0,196.52,53.0,28301827.8,1499996873.4,29343582.52,1519410702.8856,255,2002,122,52.378976218996925
2002-06-24,2002-06-21,Prod. Sold Negotiated,50906,53.97,193.63,53.97,9856928.78,531978446.2566,9821205.16,512666909.35200006,261,2002,123,53.08660662610573
2002-06-24,2002-06-21,Prod. Sold Swine or Pork Market Formula,148577,54.52,196.07,54.52,29131492.39,1588248965.1028,28301827.8,1499996873.4,261,2002,123,53.77097873301272
2002-06-25,2002-06-24,Prod. Sold Swine or Pork Market Formula,140571,56.01,194.83,56.01,27387447.930000003,1533970958.5593002,29131492.39,1588248965.1028,262,2002,124,55.24201101408937
2002-06-25,2002-06-24,Prod. Sold Negotiated,45244,55.82,192.8,55.82,8723043.200000001,486920271.4240001,9856928.78,531978446.2566,262,2002,124,54.8385497447128
2002-06-26,2002-06-25,Prod. Sold Swine or Pork Market Formula,148181,57.06,193.89,57.06,28730814.09,1639380251.9753995,27387447.930000003,1533970958.5593002,263,2002,125,56.54756751739298
2002-06-26,2002-06-25,Prod. Sold Negotiated,51410,57.15,192.42,57.14999999999999,9892312.2,565345642.2299999,8723043.200000001,486920271.4240001,263,2002,125,56.52677002631925
2002-06-27,2002-06-26,Prod. Sold Negotiated,49719,57.72,191.98,57.72,9545053.62,550940494.9463999,9892312.2,565345642.2299999,264,2002,126,57.429908327794166
2002-06-27,2002-06-26,Prod. Sold Swine or Pork Market Formula,157864,57.4,193.05,57.39999999999999,30475645.200000003,1749302034.48,28730814.09,1639380251.9753995,264,2002,126,57.235009948107965
2002-06-28,2002-06-27,Prod. Sold Swine or Pork Market Formula,147839,57.82,193.96,57.82,28674852.44,1657979968.0808,30475645.200000003,1749302034.48,265,2002,127,57.60360670671105
2002-06-28,2002-06-27,Prod. Sold Negotiated,45360,57.7,193.2,57.7,8763552.0,505656950.4,9545053.62,550940494.9463999,265,2002,127,57.71042684933863
2002-07-01,2002-06-28,Prod. Sold Negotiated,63675,56.5,192.46,56.5,12254890.5,692401313.25,8763552.0,505656950.4,271,2002,128,57.00033499865654
2002-07-01,2002-06-28,Prod. Sold Swine or Pork Market Formula,175343,57.07,195.32,57.07,34247994.76,1954533060.9532,28674852.44,1657979968.0808,271,2002,128,57.41178585818983
2002-07-02,2002-07-01,Prod. Sold Negotiated,45317,55.73,189.96,55.73,8608417.32,479747097.2436,12254890.5,692401313.25,272,2002,129,56.18229000915924
2002-07-02,2002-07-01,Prod. Sold Swine or Pork Market Formula,143783,56.61,192.95,56.61,27742929.85,1570527258.8084998,34247994.76,1954533060.9532,272,2002,129,56.86413522525616
2002-07-03,2002-07-02,Prod. Sold Swine or Pork Market Formula,150678,56.33,193.44,56.33,29147152.32,1641859090.1856,27742929.85,1570527258.8084998,273,2002,130,56.46654436874932
2002-07-03,2002-07-02,Prod. Sold Negotiated,42510,54.77,191.34,54.77,8133863.4,445491698.418,8608417.32,479747097.2436,273,2002,130,55.2636054272061
2002-07-05,2002-07-03,Prod. Sold Negotiated,43030,54.21,190.45,54.21,8195063.499999998,444254392.335,8133863.4,445491698.418,275,2002,131,54.488950572312255
2002-07-05,2002-07-03,Prod. Sold Swine or Pork Market Formula,141545,56.1,192.6,56.1,27261567.0,1529373908.7,29147152.32,1641859090.1856,275,2002,131,56.21884412754649
2002-07-08,2002-07-05,Prod. Sold Negotiated,40739,55.33,190.05,55.33,7742446.95,428389589.7435,8195063.499999998,444254392.335,281,2002,132,54.75409630733764
2002-07-08,2002-07-05,Prod. Sold Swine or Pork Market Formula,152401,56.04,193.53,56.040000000000006,29494165.53,1652853036.3012002,27261567.0,1529373908.7,281,2002,132,56.068819890909445
2002-07-09,2002-07-08,Prod. Sold Negotiated,37029,56.27,189.38,56.27,7012552.02,394596302.1654,7742446.95,428389589.7435,282,2002,133,55.77675021070504
2002-07-09,2002-07-08,Prod. Sold Swine or Pork Market Formula,127262,56.16,193.05,56.16,24567929.1,1379734898.256,29494165.53,1652853036.3012002,282,2002,133,56.09453269082852
2002-07-10,2002-07-09,Prod. Sold Swine or Pork Market Formula,134287,56.18,192.99,56.18,25916048.130000003,1455963583.9434,24567929.1,1379734898.256,283,2002,134,56.170267038990175
2002-07-10,2002-07-09,Prod. Sold Negotiated,47408,56.4,190.69,56.4,9040231.52,509869057.728,7012552.02,394596302.1654,283,2002,134,56.34321036221984
2002-07-11,2002-07-10,Prod. Sold Negotiated,43714,55.58,189.83,55.58,8298228.62,461215546.6996,9040231.52,509869057.728,284,2002,135,56.00754603272398
2002-07-11,2002-07-10,Prod. Sold Swine or Pork Market Formula,153619,56.13,192.36,56.13,29550150.840000004,1658649966.6492002,25916048.130000003,1455963583.9434,284,2002,135,56.153362019221845
2002-07-12,2002-07-11,Prod. Sold Negotiated,50070,54.69,191.04,54.69,9565372.8,523130238.4319999,8298228.62,461215546.6996,285,2002,136,55.10343418374367
2002-07-12,2002-07-11,Prod. Sold Swine or Pork Market Formula,150664,56.03,193.58,56.03,29165537.12,1634145044.8336,29550150.840000004,1658649966.6492002,285,2002,136,56.08032752210982
2002-07-15,2002-07-12,Prod. Sold Swine or Pork Market Formula,148188,55.81,193.48,55.81,28671414.24,1600151628.7344,29165537.12,1634145044.8336,291,2002,137,55.92093977147
2002-07-15,2002-07-12,Prod. Sold Negotiated,57741,54.21,191.26,54.21000000000001,11043543.66,598670501.8086001,9565372.8,523130238.4319999,291,2002,137,54.43278604277481
2002-07-16,2002-07-15,Prod. Sold Swine or Pork Market Formula,140730,55.83,192.39,55.83,27075044.7,1511599745.6009998,28671414.24,1600151628.7344,292,2002,138,55.819713637499056
2002-07-16,2002-07-15,Prod. Sold Negotiated,45012,54.81,190.77,54.81,8586939.24,470650139.7444,11043543.66,598670501.8086001,292,2002,138,54.472457300222615
2002-07-17,2002-07-16,Prod. Sold Swine or Pork Market Formula,145282,55.84,191.67,55.84,27846200.94,1554931860.4896,27075044.7,1511599745.6009998,293,2002,139,55.83507020564
2002-07-17,2002-07-16,Prod. Sold Negotiated,48862,55.34,190.44,55.34,9305279.28,514954155.3552,8586939.24,470650139.7444,293,2002,139,55.08563926814818
2002-07-18,2002-07-17,Prod. Sold Swine or Pork Market Formula,147756,56.12,191.07,56.12,28231738.92,1584365188.1904,27846200.94,1554931860.4896,294,2002,140,55.98096250535121
2002-07-18,2002-07-17,Prod. Sold Negotiated,42331,55.49,190.97,55.49,8083951.07,448578444.8743,9305279.28,514954155.3552,294,2002,140,55.409732393906665
2002-07-19,2002-07-18,Prod. Sold Swine or Pork Market Formula,158594,56.08,192.94,56.08,30599126.36,1715999006.2688,28231738.92,1584365188.1904,295,2002,141,56.099195188638234
2002-07-19,2002-07-18,Prod. Sold Negotiated,54252,55.41,188.86,55.41,10246032.72,567732673.0152,8083951.07,448578444.8743,295,2002,141,55.44528186893176
2002-07-22,2002-07-19,Prod. Sold Negotiated,56198,55.31,190.21,55.31,10689421.58,591231907.5898,10246032.72,567732673.0152,301,2002,142,55.35894105746728
2002-07-22,2002-07-19,Prod. Sold Swine or Pork Market Formula,152561,56.49,191.89,56.49,29274930.29,1653740812.0821,30599126.36,1715999006.2688,301,2002,142,56.28046614661611
2002-07-23,2002-07-22,Prod. Sold Negotiated,45276,55.93,190.19,55.93,8611042.44,481615603.6692,10689421.58,591231907.5898,302,2002,143,55.586617510712045
2002-07-23,2002-07-22,Prod. Sold Swine or Pork Market Formula,135181,56.89,191.07,56.89,25829033.67,1469413725.4863,29274930.29,1653740812.0821,302,2002,143,56.67749310803666
2002-07-24,2002-07-23,Prod. Sold Swine or Pork Market Formula,144214,57.0,191.36,57.0,27596791.040000003,1573017089.2800002,25829033.67,1469413725.4863,303,2002,144,56.946819843790486
2002-07-24,2002-07-23,Prod. Sold Negotiated,46726,55.3,188.31,55.3,8798973.06,486583210.218,8611042.44,481615603.6692,303,2002,144,55.61159976492841
2002-07-25,2002-07-24,Prod. Sold Negotiated,47024,55.59,189.47,55.59,8909637.28,495286736.3952,8798973.06,486583210.218,304,2002,145,55.44590613049764
2002-07-25,2002-07-24,Prod. Sold Swine or Pork Market Formula,156873,57.03,190.85,57.03,29939212.05,1707433263.2115002,27596791.040000003,1573017089.2800002,304,2002,145,57.01561068397634
2002-07-26,2002-07-25,Prod. Sold Swine or Pork Market Formula,141755,56.16,192.76,56.16,27324693.8,1534554803.8079998,29939212.05,1707433263.2115002,305,2002,146,56.614860947692414
2002-07-26,2002-07-25,Prod. Sold Negotiated,50071,55.36,189.66,55.36,9496465.86,525724350.0096,8909637.28,495286736.3952,305,2002,146,55.47133353751271
2002-07-29,2002-07-26,Prod. Sold Swine or Pork Market Formula,152136,56.0,191.7,56.0,29164471.2,1633210387.2,27324693.8,1534554803.8079998,311,2002,147,56.07739450579593
2002-07-29,2002-07-26,Prod. Sold Negotiated,58150,55.04,189.07,55.03999999999999,10994420.5,605132904.3199999,9496465.86,525724350.0096,311,2002,147,55.18830344680121
2002-07-30,2002-07-29,Prod. Sold Swine or Pork Market Formula,150572,55.72,189.86,55.72,28587599.92,1592901067.5424,29164471.2,1633210387.2,312,2002,148,55.86139842567779
2002-07-30,2002-07-29,Prod. Sold Negotiated,46873,55.1,189.13,55.1,8865090.49,488466485.999,10994420.5,605132904.3199999,312,2002,148,55.06678341020923
2002-07-31,2002-07-30,Prod. Sold Swine or Pork Market Formula,168960,55.75,190.58,55.75,32200396.8,1795172121.6,28587599.92,1592901067.5424,313,2002,149,55.735891491020006
2002-07-31,2002-07-30,Prod. Sold Negotiated,51427,54.53,187.44,54.53,9639476.88,525640674.2664,8865090.49,488466485.999,313,2002,149,54.80307320826599
2002-08-01,2002-07-31,Prod. Sold Swine or Pork Market Formula,149811,55.78,191.04,55.78,28619893.44,1596417656.0832,32200396.8,1795172121.6,314,2002,150,55.76411694682502
2002-08-01,2002-07-31,Prod. Sold Negotiated,48595,54.88,187.45,54.88,9109132.75,499909205.32000005,9639476.88,525640674.2664,314,2002,150,54.700049754377446
2002-08-02,2002-08-01,Prod. Sold Negotiated,51837,54.22,188.74,54.22,9783715.38,530473047.9036,9109132.75,499909205.32000005,315,2002,151,54.5382171144145
2002-08-02,2002-08-01,Prod. Sold Swine or Pork Market Formula,148609,55.39,191.41,55.39,28445248.69,1575582324.9391,28619893.44,1596417656.0832,315,2002,151,55.58559678684709
2002-08-05,2002-08-02,Prod. Sold Swine or Pork Market Formula,154544,54.85,191.47,54.85,29590539.68,1623041101.448,28445248.69,1575582324.9391,321,2002,152,55.11467176071894
2002-08-05,2002-08-02,Prod. Sold Negotiated,55635,54.05,188.22,54.05,10471619.7,565991044.785,9783715.38,530473047.9036,321,2002,152,54.13211326092761
2002-08-06,2002-08-05,Prod. Sold Negotiated,43287,53.9,187.28,53.9,8106789.36,436955946.504,10471619.7,565991044.785,322,2002,153,53.98454668803594
2002-08-06,2002-08-05,Prod. Sold Swine or Pork Market Formula,139716,53.72,190.47,53.72,26611706.52,1429580874.2544,29590539.68,1623041101.448,322,2002,153,54.31494614715951
2002-08-07,2002-08-06,Prod. Sold Swine or Pork Market Formula,144471,53.11,190.55,53.11,27528949.05,1462062484.0455,26611706.52,1429580874.2544,323,2002,154,53.409832737640414
2002-08-07,2002-08-06,Prod. Sold Negotiated,47080,52.66,187.64,52.66,8834091.2,465203242.592,8106789.36,436955946.504,323,2002,154,53.25338230800914
2002-08-08,2002-08-07,Prod. Sold Negotiated,51112,51.37,187.99,51.37,9608544.88,493590950.4856,8834091.2,465203242.592,324,2002,155,51.98791479257992
2002-08-08,2002-08-07,Prod. Sold Swine or Pork Market Formula,151456,52.63,190.71,52.63,28884173.76,1520174064.9888,27528949.05,1462062484.0455,324,2002,155,52.864234427838795
2002-08-09,2002-08-08,Prod. Sold Negotiated,47898,49.91,187.01,49.91,8957404.98,447064082.5518,9608544.88,493590950.4856,325,2002,156,50.66560235972759
2002-08-09,2002-08-08,Prod. Sold Swine or Pork Market Formula,148312,51.56,191.98,51.56000000000001,28472937.76,1468064670.9056,28884173.76,1520174064.9888,325,2002,156,52.09883581484789
2002-08-12,2002-08-09,Prod. Sold Swine or Pork Market Formula,150788,50.85,191.12,50.85,28818602.56,1465425940.176,28472937.76,1468064670.9056,331,2002,157,51.2028581304794
2002-08-12,2002-08-09,Prod. Sold Negotiated,57664,49.03,188.29,49.03,10857554.56,532345900.0767999,8957404.98,447064082.5518,331,2002,157,49.42780633245744
2002-08-13,2002-08-12,Prod. Sold Negotiated,47837,48.77,189.12,48.77,9046933.44,441218943.8688,10857554.56,532345900.0767999,332,2002,158,48.91182551119124
2002-08-13,2002-08-12,Prod. Sold Swine or Pork Market Formula,140330,50.47,190.85,50.47,26781980.5,1351686555.835,28818602.56,1465425940.176,332,2002,158,50.666959606718194
2002-08-14,2002-08-13,Prod. Sold Negotiated,51811,48.37,187.51,48.37,9715080.61,469918449.1057,9046933.44,441218943.8688,333,2002,159,48.56287766048762
2002-08-14,2002-08-13,Prod. Sold Swine or Pork Market Formula,142472,49.98,190.67,49.98,27165136.24,1357713509.2752,26781980.5,1351686555.835,333,2002,159,50.223259904106605
2002-08-15,2002-08-14,Prod. Sold Negotiated,52065,47.73,188.8,47.73,9829872.0,469179790.56,9715080.61,469918449.1057,334,2002,160,48.04812057642027
2002-08-15,2002-08-14,Prod. Sold Swine or Pork Market Formula,146654,49.93,190.55,49.93,27944919.700000003,1395289840.621,27165136.24,1357713509.2752,334,2002,160,49.9546462608109
2002-08-16,2002-08-15,Prod. Sold Negotiated,46224,47.28,188.85,47.28,8729402.4,412726145.472,9829872.0,469179790.56,335,2002,161,47.51834134377581
2002-08-16,2002-08-15,Prod. Sold Swine or Pork Market Formula,162634,48.78,187.94,48.78,30565433.96,1490981868.5688,27944919.700000003,1395289840.621,335,2002,161,49.32924736640192
2002-08-19,2002-08-16,Prod. Sold Swine or Pork Market Formula,164688,48.61,191.09,48.61,31470229.92,1529767876.4112,30565433.96,1490981868.5688,341,2002,162,48.69376026704979
2002-08-19,2002-08-16,Prod. Sold Negotiated,61510,46.14,188.19,46.14,11575566.9,534096656.766,8729402.4,412726145.472,341,2002,162,46.63010262409016
2002-08-20,2002-08-19,Prod. Sold Swine or Pork Market Formula,144427,47.94,191.84,47.94,27706875.68,1328267620.0992,31470229.92,1529767876.4112,342,2002,163,48.2963042469316
2002-08-20,2002-08-19,Prod. Sold Negotiated,40998,45.3,188.19,45.3,7715413.62,349508236.986,11575566.9,534096656.766,342,2002,163,45.80404261130839
2002-08-21,2002-08-20,Prod. Sold Negotiated,48751,44.19,188.73,44.19,9200776.229999999,406582301.6036999,7715413.62,349508236.986,343,2002,164,44.6962670255028
2002-08-21,2002-08-20,Prod. Sold Swine or Pork Market Formula,159107,47.26,191.43,47.26,30457853.01,1439438133.2526,27706875.68,1328267620.0992,343,2002,164,47.583919252900074
2002-08-22,2002-08-21,Prod. Sold Swine or Pork Market Formula,162027,46.64,191.63,46.64,31049234.01,1448136274.2264,30457853.01,1439438133.2526,344,2002,165,46.94701939859483
2002-08-22,2002-08-21,Prod. Sold Negotiated,48517,43.05,188.41,43.05,9141087.97,393523837.1085,9200776.229999999,406582301.6036999,344,2002,165,43.62185489914378
2002-08-23,2002-08-22,Prod. Sold Swine or Pork Market Formula,152940,45.77,191.68,45.77,29315539.2,1341772229.184,31049234.01,1448136274.2264,345,2002,166,46.2174933334832
2002-08-23,2002-08-22,Prod. Sold Negotiated,42492,42.52,187.53,42.52,7968524.76,338821672.7952,9141087.97,393523837.1085,345,2002,166,42.80316109198692
2002-08-26,2002-08-23,Prod. Sold Swine or Pork Market Formula,175498,44.42,191.88,44.42,33674556.24,1495823788.1808002,29315539.2,1341772229.184,351,2002,167,45.04828890230366
2002-08-26,2002-08-23,Prod. Sold Negotiated,59397,41.86,188.8,41.86,11214153.6,469424469.696,7968524.76,338821672.7952,351,2002,167,42.134165382065035
2002-08-27,2002-08-26,Prod. Sold Negotiated,44163,40.42,189.0,40.42,8346807.0,337377938.94,11214153.6,469424469.696,352,2002,168,41.24554131743408
2002-08-27,2002-08-26,Prod. Sold Swine or Pork Market Formula,150829,44.0,191.38,43.99999999999999,28865654.02,1270088776.88,33674556.24,1495823788.1808002,352,2002,168,44.2261475227218
2002-08-28,2002-08-27,Prod. Sold Swine or Pork Market Formula,162771,42.55,191.26,42.55,31131581.46,1324648791.123,28865654.02,1270088776.88,353,2002,169,43.247618781834575
2002-08-28,2002-08-27,Prod. Sold Negotiated,52255,38.93,187.68,38.93,9807218.4,381795012.312,8346807.0,337377938.94,353,2002,169,39.61506803069694
2002-08-29,2002-08-28,Prod. Sold Negotiated,46443,37.23,188.23,37.23,8741965.889999999,325463390.0847,9807218.4,381795012.312,354,2002,170,38.12881425616048
2002-08-29,2002-08-28,Prod. Sold Swine or Pork Market Formula,151119,41.5,191.67,41.5,28964978.73,1202046617.2949998,31131581.46,1324648791.123,354,2002,170,42.04392731347108
2002-08-30,2002-08-29,Prod. Sold Swine or Pork Market Formula,162277,39.23,191.17,39.23,31022494.09,1217012443.1507,28964978.73,1202046617.2949998,355,2002,171,40.326070539834085
2002-08-30,2002-08-29,Prod. Sold Negotiated,43222,35.12,187.81,35.12,8117523.82,285087436.5584,8741965.889999999,325463390.0847,355,2002,171,36.21407510815462
2002-09-03,2002-08-30,Prod. Sold Negotiated,61266,33.37,188.22,33.37,11531486.52,384805705.1724,8117523.82,285087436.5584,362,2002,172,34.09297110333751
2002-09-03,2002-08-30,Prod. Sold Swine or Pork Market Formula,181299,36.8,191.67,36.8,34749579.33,1278784519.344,31022494.09,1217012443.1507,362,2002,172,37.946149980057896
2002-09-04,2002-09-03,Prod. Sold Swine or Pork Market Formula,157766,34.86,190.83,34.86,30106485.78,1049512094.2908,34749579.33,1278784519.344,363,2002,173,35.89944301563564
2002-09-04,2002-09-03,Prod. Sold Negotiated,39072,30.84,188.73,30.84,7374058.56,227415965.9904,11531486.52,384805705.1724,363,2002,173,32.38318009727546
2002-09-05,2002-09-04,Prod. Sold Negotiated,42768,28.45,186.6,28.45,7980508.8,227045475.36,7374058.56,227415965.9904,364,2002,174,29.59780179377193
2002-09-05,2002-09-04,Prod. Sold Swine or Pork Market Formula,149684,33.69,192.77,33.69,28854584.68,972110957.8691999,30106485.78,1049512094.2908,364,2002,174,34.28742111341918
2002-09-06,2002-09-05,Prod. Sold Swine or Pork Market Formula,147897,32.8,192.75,32.8,28507146.75,935034413.4,28854584.68,972110957.8691999,365,2002,175,33.247695348884974
2002-09-06,2002-09-05,Prod. Sold Negotiated,45268,27.7,187.25,27.7,8476433.0,234797194.1,7980508.8,227045475.36,365,2002,175,28.063699505821912
2002-09-09,2002-09-06,Prod. Sold Negotiated,87522,29.35,187.77,29.35,16434005.94,482338074.3390001,8476433.0,234797194.1,371,2002,176,28.78854403835728
2002-09-09,2002-09-06,Prod. Sold Swine or Pork Market Formula,247789,32.37,193.32,32.37,47902569.48,1550606174.0675998,28507146.75,935034413.4,371,2002,176,32.5304255807678
2002-09-10,2002-09-09,Prod. Sold Swine or Pork Market Formula,144052,32.91,191.62,32.91,27603244.24,908422767.9384,47902569.48,1550606174.0675998,372,2002,177,32.56741197604829
2002-09-10,2002-09-09,Prod. Sold Negotiated,43630,30.24,187.76,30.24,8191968.8,247725136.512,16434005.94,482338074.3390001,372,2002,177,29.646063498357996
2002-09-11,2002-09-10,Prod. Sold Swine or Pork Market Formula,137472,34.05,191.87,34.05,26376752.64,898128427.392,27603244.24,908422767.9384,373,2002,178,33.467048902326646
2002-09-11,2002-09-10,Prod. Sold Negotiated,46638,32.07,186.67,32.07,8705915.459999999,279198708.8022,8191968.8,247725136.512,373,2002,178,31.18282959018208
2002-09-12,2002-09-11,Prod. Sold Negotiated,40846,34.74,188.44,34.74,7697020.24,267394483.13760003,8705915.459999999,279198708.8022,374,2002,179,33.32288816689076
2002-09-12,2002-09-11,Prod. Sold Swine or Pork Market Formula,141622,35.83,192.72,35.83,27293391.84,977922229.6272,26376752.64,898128427.392,374,2002,179,34.9552004228031
2002-09-13,2002-09-12,Prod. Sold Swine or Pork Market Formula,139380,37.4,192.6,37.4,26844588.0,1003987591.2,27293391.84,977922229.6272,375,2002,180,36.608492350186665
2002-09-13,2002-09-12,Prod. Sold Negotiated,39136,36.62,188.41,36.61999999999999,7373613.76,270021735.89119995,7697020.24,267394483.13760003,375,2002,180,35.65982818166774
2002-09-16,2002-09-13,Prod. Sold Swine or Pork Market Formula,187625,38.48,193.64,38.48,36331705.0,1398044008.4,26844588.0,1003987591.2,381,2002,181,38.02109122800225
2002-09-16,2002-09-13,Prod. Sold Negotiated,67128,37.02,189.98,37.02,12752977.44,472115224.8288,7373613.76,270021735.89119995,381,2002,181,36.87345528834511
2002-09-17,2002-09-16,Prod. Sold Swine or Pork Market Formula,137952,40.0,192.62,40.0,26572314.24,1062892569.6,36331705.0,1398044008.4,382,2002,182,39.12208802764572
2002-09-17,2002-09-16,Prod. Sold Negotiated,42940,38.06,186.95,38.06,8027632.999999998,305531711.98,12752977.44,472115224.8288,382,2002,182,37.42175616323233
2002-09-18,2002-09-17,Prod. Sold Negotiated,48253,38.01,187.19,38.01,9032479.07,343324529.4507,8027632.999999998,305531711.98,383,2002,183,38.033527491985566
2002-09-18,2002-09-17,Prod. Sold Swine or Pork Market Formula,139092,40.01,192.7,40.01,26803028.4,1072389166.284,26572314.24,1062892569.6,383,2002,183,40.00502161242894
2002-09-19,2002-09-18,Prod. Sold Swine or Pork Market Formula,150070,40.2,193.3,40.2,29008531.0,1166142946.2,26803028.4,1072389166.284,384,2002,184,40.1087541102462
2002-09-19,2002-09-18,Prod. Sold Negotiated,48141,37.78,187.63,37.78,9032695.83,341255248.4574,9032479.07,343324529.4507,384,2002,184,37.89499862014068
2002-09-20,2002-09-19,Prod. Sold Negotiated,43927,38.14,187.48,38.14,8235433.96,314099451.2344,9032695.83,341255248.4574,385,2002,185,37.951689480080056
2002-09-20,2002-09-19,Prod. Sold Swine or Pork Market Formula,139935,40.95,193.62,40.95000000000001,27094214.7,1109508091.9650002,29008531.0,1166142946.2,385,2002,185,40.56220439430293
2002-09-23,2002-09-20,Prod. Sold Swine or Pork Market Formula,206724,41.39,193.14,41.39,39926673.36,1652565010.3704,27094214.7,1109508091.9650002,391,2002,186,41.21212329897319
2002-09-23,2002-09-20,Prod. Sold Negotiated,85484,40.5,189.18,40.5,16171863.12,654960456.36,8235433.96,314099451.2344,391,2002,186,39.70369616996524
2002-09-24,2002-09-23,Prod. Sold Negotiated,49932,40.32,189.52,40.32,9463112.64,381552701.6448,16171863.12,654960456.36,392,2002,187,40.43355327146992
2002-09-24,2002-09-23,Prod. Sold Swine or Pork Market Formula,140441,42.58,191.77,42.58,26932370.57,1146780338.8706,39926673.36,1652565010.3704,392,2002,187,41.869359546508846
2002-09-25,2002-09-24,Prod. Sold Negotiated,53987,41.09,188.33,41.09,10167371.71,417777303.56390005,9463112.64,381552701.6448,393,2002,188,40.71881217789208
2002-09-25,2002-09-24,Prod. Sold Swine or Pork Market Formula,137804,42.55,192.81,42.55,26569989.24,1130553042.162,26932370.57,1146780338.8706,393,2002,188,42.56510159776072
2002-09-26,2002-09-25,Prod. Sold Negotiated,40593,40.62,188.18,40.62,7638790.74,310287679.8588,10167371.71,417777303.56390005,394,2002,189,40.88837139766182
2002-09-26,2002-09-25,Prod. Sold Swine or Pork Market Formula,146811,42.95,193.3,42.95,28378566.3,1218859422.585,26569989.24,1130553042.162,394,2002,189,42.75658280110268
2002-09-27,2002-09-26,Prod. Sold Swine or Pork Market Formula,150063,43.53,193.43,43.53,29026686.09,1263531645.4977,28378566.3,1218859422.585,395,2002,190,43.243274173203226
2002-09-27,2002-09-26,Prod. Sold Negotiated,41503,39.88,187.95,39.88,7800488.85,311083495.338,7638790.74,310287679.8588,395,2002,190,40.24612492925261
2002-09-30,2002-09-27,Prod. Sold Swine or Pork Market Formula,175878,43.8,194.35,43.8,34181889.3,1497166751.3399997,29026686.09,1263531645.4977,401,2002,191,43.6760104116262
2002-09-30,2002-09-27,Prod. Sold Negotiated,69669,41.34,189.99,41.34,13236413.31,547193326.2354001,7800488.85,311083495.338,401,2002,191,40.79863161627216
2002-10-01,2002-09-30,Prod. Sold Negotiated,48055,42.44,189.3,42.44,9096811.5,386068680.06,13236413.31,547193326.2354001,402,2002,192,41.788054086909995
2002-10-01,2002-09-30,Prod. Sold Swine or Pork Market Formula,147138,43.92,192.07,43.92,28260795.66,1241214145.3872,34181889.3,1497166751.3399997,402,2002,192,43.8543105326328
2002-10-02,2002-10-01,Prod. Sold Swine or Pork Market Formula,146869,43.96,193.82,43.96,28466149.58,1251371935.5368,28260795.66,1241214145.3872,403,2002,193,43.94007240083848
2002-10-02,2002-10-01,Prod. Sold Negotiated,41905,41.76,189.17,41.75999999999999,7927168.85,331038571.17599994,9096811.5,386068680.06,403,2002,193,42.12335990131708
2002-10-03,2002-10-02,Prod. Sold Negotiated,41434,42.88,188.54,42.88,7811966.3599999985,334977117.5168,7927168.85,331038571.17599994,404,2002,194,42.31590108391984
2002-10-03,2002-10-02,Prod. Sold Swine or Pork Market Formula,145108,44.4,194.01,44.4,28152403.08,1249966696.752,28466149.58,1251371935.5368,404,2002,194,44.17878089024256
2002-10-04,2002-10-03,Prod. Sold Negotiated,43255,43.3,188.99,43.3,8174762.45,353967214.085,7811966.3599999985,334977117.5168,405,2002,195,43.09476565154795
2002-10-04,2002-10-03,Prod. Sold Swine or Pork Market Formula,148327,45.15,193.98,45.15,28772471.46,1299077086.419,28152403.08,1249966696.752,405,2002,195,44.77908478093942
2002-10-07,2002-10-04,Prod. Sold Negotiated,75269,44.43,189.56,44.42999999999999,14267991.64,633926868.5652,8174762.45,353967214.085,411,2002,196,44.018398040122165
2002-10-07,2002-10-04,Prod. Sold Swine or Pork Market Formula,163628,45.83,194.48,45.83,31822373.44,1458419374.7552,28772471.46,1299077086.419,411,2002,196,45.5071131170467
2002-10-08,2002-10-07,Prod. Sold Negotiated,44791,44.64,188.18,44.64,8428770.38,376260309.7632,14267991.64,633926868.5652,412,2002,197,44.507986532979466
2002-10-08,2002-10-07,Prod. Sold Swine or Pork Market Formula,144215,46.17,193.7,46.17,27934445.5,1289733348.735,31822373.44,1458419374.7552,412,2002,197,45.98893937526254
2002-10-09,2002-10-08,Prod. Sold Negotiated,44550,44.45,189.37,44.45,8436433.5,374999469.0750001,8428770.38,376260309.7632,413,2002,198,44.5449568344145
2002-10-09,2002-10-08,Prod. Sold Swine or Pork Market Formula,146250,46.25,194.52,46.25,28448550.0,1315745437.5,27934445.5,1289733348.735,413,2002,198,46.210364723083934
2002-10-10,2002-10-09,Prod. Sold Negotiated,43074,44.48,189.12,44.48,8146154.88,362340969.0624,8436433.5,374999469.0750001,414,2002,199,44.464737424628765
2002-10-10,2002-10-09,Prod. Sold Swine or Pork Market Formula,147884,46.68,194.48,46.68,28760480.32,1342539221.3376,28448550.0,1315745437.5,414,2002,199,46.466172280292554
2002-10-11,2002-10-10,Prod. Sold Swine or Pork Market Formula,146223,47.34,194.44,47.34,28431600.12,1345951949.6808002,28760480.32,1342539221.3376,415,2002,200,47.00810235149404
2002-10-11,2002-10-10,Prod. Sold Negotiated,49648,44.82,189.57,44.82,9411771.36,421835592.3552,8146154.88,362340969.0624,415,2002,200,44.662253998488154
2002-10-14,2002-10-11,Prod. Sold Swine or Pork Market Formula,155288,47.15,196.24,47.15,30473717.12,1436835762.208,28431600.12,1345951949.6808002,421,2002,201,47.24170656022088
2002-10-14,2002-10-11,Prod. Sold Negotiated,67076,46.03,191.33,46.03,12833651.08,590732959.2124,9411771.36,421835592.3552,421,2002,201,45.51806351615412
2002-10-15,2002-10-14,Prod. Sold Negotiated,41736,45.85,189.81,45.85,7921910.16,363219580.836,12833651.08,590732959.2124,422,2002,202,45.96129822834894
2002-10-15,2002-10-14,Prod. Sold Swine or Pork Market Formula,136691,47.62,194.65,47.62,26606903.15,1267020728.003,30473717.12,1436835762.208,422,2002,202,47.36908038877903
2002-10-16,2002-10-15,Prod. Sold Swine or Pork Market Formula,132821,47.44,195.38,47.44,25950566.98,1231094897.5312,26606903.15,1267020728.003,423,2002,203,47.53112391740229
2002-10-16,2002-10-15,Prod. Sold Negotiated,47342,45.6,190.3,45.6,9009182.6,410818726.56,7921910.16,363219580.836,423,2002,203,45.716972812568784
2002-10-17,2002-10-16,Prod. Sold Swine or Pork Market Formula,145840,47.09,195.88,47.09,28567139.2,1345226584.928,25950566.98,1231094897.5312,424,2002,204,47.25660089133266
2002-10-17,2002-10-16,Prod. Sold Negotiated,41384,45.85,189.96,45.85,7861304.64,360440817.744,9009182.6,410818726.56,424,2002,204,45.716494925845424
2002-10-18,2002-10-17,Prod. Sold Negotiated,43601,45.43,189.72,45.43,8271981.72,375796129.5396,7861304.64,360440817.744,425,2002,205,45.63465439434499
2002-10-18,2002-10-17,Prod. Sold Swine or Pork Market Formula,150770,47.01,196.31,47.01,29597658.7,1391385935.487,28567139.2,1345226584.928,425,2002,205,47.0492913105265
2002-10-21,2002-10-18,Prod. Sold Negotiated,69825,45.42,191.89,45.42,13398719.249999998,608569828.3349999,8271981.72,375796129.5396,431,2002,206,45.42381712697316
2002-10-21,2002-10-18,Prod. Sold Swine or Pork Market Formula,181623,46.25,196.05,46.25,35607189.15,1646832498.1875,29597658.7,1391385935.487,431,2002,206,46.59497773330822
2002-10-22,2002-10-21,Prod. Sold Swine or Pork Market Formula,136045,45.9,196.6,45.9,26746447.0,1227661917.3,35607189.15,1646832498.1875,432,2002,207,46.099868315177645
2002-10-22,2002-10-21,Prod. Sold Negotiated,43999,44.04,191.85,44.04,8441208.15,371750806.926,13398719.249999998,608569828.3349999,432,2002,207,44.88662518452328
2002-10-23,2002-10-22,Prod. Sold Swine or Pork Market Formula,152805,45.58,196.07,45.58,29960476.35,1365598512.0329998,26746447.0,1227661917.3,433,2002,208,45.73093153594622
2002-10-23,2002-10-22,Prod. Sold Negotiated,46838,43.33,192.12,43.33,8998516.56,389905722.5448,8441208.15,371750806.926,433,2002,208,43.673655527031535
2002-10-24,2002-10-23,Prod. Sold Negotiated,44585,41.42,191.03,41.42,8517072.55,352777145.021,8998516.56,389905722.5448,434,2002,209,42.401249704001536
2002-10-24,2002-10-23,Prod. Sold Swine or Pork Market Formula,145730,44.22,196.27,44.22,28602427.1,1264799326.362,29960476.35,1365598512.0329998,434,2002,209,44.9157689157401
2002-10-25,2002-10-24,Prod. Sold Swine or Pork Market Formula,157704,43.33,196.85,43.33,31044032.4,1345137923.892,28602427.1,1264799326.362,435,2002,210,43.75678409301058
2002-10-25,2002-10-24,Prod. Sold Negotiated,42938,39.88,192.71,39.88,8274581.98,329990329.36240005,8517072.55,352777145.021,435,2002,210,40.66111967486982
2002-10-28,2002-10-25,Prod. Sold Swine or Pork Market Formula,195149,41.9,197.7,41.9,38580957.3,1616542110.87,31044032.4,1345137923.892,441,2002,211,42.53760104702752
2002-10-28,2002-10-25,Prod. Sold Negotiated,71958,39.2,193.44,39.2,13919555.52,545646576.3840001,8274581.98,329990329.36240005,441,2002,211,39.45352261363615
2002-10-29,2002-10-28,Prod. Sold Swine or Pork Market Formula,147033,40.98,197.35,40.98,29016962.55,1189115125.299,38580957.3,1616542110.87,442,2002,212,41.50508244032897
2002-10-29,2002-10-28,Prod. Sold Negotiated,45779,37.55,191.32,37.55,8758438.28,328879357.414,13919555.52,545646576.3840001,442,2002,212,38.56275566130547
2002-10-30,2002-10-29,Prod. Sold Negotiated,48902,36.66,191.93,36.66,9385760.86,344081993.12759995,8758438.28,328879357.414,443,2002,213,37.0896144464164
2002-10-30,2002-10-29,Prod. Sold Swine or Pork Market Formula,153701,40.33,197.31,40.330000000000005,30326744.31,1223077598.0223,29016962.55,1189115125.299,443,2002,213,40.64782688772705
2002-10-31,2002-10-30,Prod. Sold Negotiated,41939,35.63,191.41,35.63,8027543.99,286021392.36370003,9385760.86,344081993.12759995,444,2002,214,36.185169381635205
2002-10-31,2002-10-30,Prod. Sold Swine or Pork Market Formula,154197,39.35,197.49,39.35,30452365.53,1198300583.6055,30326744.31,1223077598.0223,444,2002,214,39.838987244170525
2002-11-01,2002-10-31,Prod. Sold Negotiated,42323,36.25,192.34,36.25,8140405.82,295089710.975,8027543.99,286021392.36370003,445,2002,215,35.942163982923695
2002-11-01,2002-10-31,Prod. Sold Swine or Pork Market Formula,149217,39.84,198.14,39.84000000000001,29565856.38,1177903718.1792002,30452365.53,1198300583.6055,445,2002,215,39.591381186665686
2002-11-04,2002-11-01,Prod. Sold Swine or Pork Market Formula,220932,40.11,198.61,40.11,43879304.52,1759998904.2972002,29565856.38,1177903718.1792002,451,2002,216,40.001309636676154
2002-11-04,2002-11-01,Prod. Sold Negotiated,96043,37.92,195.22,37.92,18749514.46,710981588.3232001,8140405.82,295089710.975,451,2002,216,37.41443964214683
2002-11-05,2002-11-04,Prod. Sold Swine or Pork Market Formula,144614,40.36,197.31,40.36,28533788.34,1151623697.4024,43879304.52,1759998904.2972002,452,2002,217,40.20851045996325
2002-11-05,2002-11-04,Prod. Sold Negotiated,42880,39.04,193.4,39.04,8292992.0,323758407.68,18749514.46,710981588.3232001,452,2002,217,38.263464872745374
2002-11-06,2002-11-05,Prod. Sold Negotiated,47713,38.88,192.52,38.88,9185706.76,357140278.8288,8292992.0,323758407.68,453,2002,218,38.95591404475925
2002-11-06,2002-11-05,Prod. Sold Swine or Pork Market Formula,144617,40.98,198.45,40.98,28699243.65,1176095004.777,28533788.34,1151623697.4024,453,2002,218,40.67089618082979
2002-11-07,2002-11-06,Prod. Sold Swine or Pork Market Formula,147067,41.37,197.77,41.37,29085440.59,1203264677.2083,28699243.65,1176095004.777,454,2002,219,41.17630325888756
2002-11-07,2002-11-06,Prod. Sold Negotiated,40751,39.18,190.96,39.18,7781810.96,304891353.4128,9185706.76,357140278.8288,454,2002,219,39.01758897008537
2002-11-08,2002-11-07,Prod. Sold Swine or Pork Market Formula,146898,42.34,198.33,42.34000000000001,29134280.340000004,1233545429.5956004,29085440.59,1203264677.2083,455,2002,220,41.85540686005312
2002-11-08,2002-11-07,Prod. Sold Negotiated,49757,40.34,193.26,40.34,9616037.82,387910965.65880007,7781810.96,304891353.4128,455,2002,220,39.821148455320696
2002-11-11,2002-11-08,Prod. Sold Swine or Pork Market Formula,183339,43.0,198.24,43.0,36345123.36,1562840304.48,29134280.340000004,1233545429.5956004,461,2002,221,42.70634086540407
2002-11-11,2002-11-08,Prod. Sold Negotiated,83238,41.42,196.57,41.42,16362093.66,677717919.3972,9616037.82,387910965.65880007,461,2002,221,41.02022833614514
2002-11-12,2002-11-11,Prod. Sold Negotiated,45013,42.11,192.21,42.11,8651948.73,364333561.0203,16362093.66,677717919.3972,462,2002,222,41.658659730827296
2002-11-12,2002-11-11,Prod. Sold Swine or Pork Market Formula,140377,43.11,197.64,43.11,27744110.28,1196048594.1708,36345123.36,1562840304.48,462,2002,222,43.04761879581744
2002-11-13,2002-11-12,Prod. Sold Swine or Pork Market Formula,152610,43.31,197.88,43.31,30198466.8,1307895597.108,27744110.28,1196048594.1708,463,2002,223,43.21423584287011
2002-11-13,2002-11-12,Prod. Sold Negotiated,45351,40.97,192.87,40.97,8746847.370000001,358358336.74890006,8651948.73,364333561.0203,463,2002,223,41.53689103634015
2002-11-14,2002-11-13,Prod. Sold Swine or Pork Market Formula,146015,42.97,198.3,42.97,28954774.5,1244186660.265,30198466.8,1307895597.108,464,2002,224,43.143574236784886
2002-11-14,2002-11-13,Prod. Sold Negotiated,45992,39.9,192.79,39.9,8866797.68,353785227.432,8746847.370000001,358358336.74890006,464,2002,224,40.43135660786466
2002-11-15,2002-11-14,Prod. Sold Swine or Pork Market Formula,144422,42.47,198.02,42.47,28598444.44,1214575935.3668,28954774.5,1244186660.265,465,2002,225,42.721547828542704
2002-11-15,2002-11-14,Prod. Sold Negotiated,46501,39.35,192.54,39.35,8953302.54,352312454.949,8866797.68,353785227.432,465,2002,225,39.623665055964544
2002-11-18,2002-11-15,Prod. Sold Swine or Pork Market Formula,196425,41.81,199.26,41.81,39139645.5,1636428578.355,28598444.44,1214575935.3668,471,2002,226,42.08864637675965
2002-11-18,2002-11-15,Prod. Sold Negotiated,69862,39.81,196.98,39.81,13761416.76,547842001.2156,8953302.54,352312454.949,471,2002,226,39.628685007109034
2002-11-19,2002-11-18,Prod. Sold Negotiated,52612,39.45,195.27,39.45,10273545.24,405291359.71800005,13761416.76,547842001.2156,472,2002,227,39.65612098465561
2002-11-19,2002-11-18,Prod. Sold Swine or Pork Market Formula,138070,41.27,198.44,41.27,27398610.8,1130740667.716,39139645.5,1636428578.355,472,2002,227,41.58764295828113
2002-11-20,2002-11-19,Prod. Sold Negotiated,48657,38.57,194.45,38.57,9461353.65,364924410.2805,10273545.24,405291359.71800005,473,2002,228,39.028108240715696
2002-11-20,2002-11-19,Prod. Sold Swine or Pork Market Formula,146225,41.23,198.98,41.23,29095850.5,1199621916.115,27398610.8,1130740667.716,473,2002,228,41.249399148284304
2002-11-21,2002-11-20,Prod. Sold Negotiated,45376,38.42,194.04,38.42,8804759.04,338278842.3168,9461353.65,364924410.2805,474,2002,229,38.49769595379082
2002-11-21,2002-11-20,Prod. Sold Swine or Pork Market Formula,142993,41.1,198.88,41.1,28438447.84,1168820206.224,29095850.5,1199621916.115,474,2002,229,41.16574270781312
2002-11-22,2002-11-21,Prod. Sold Negotiated,45456,38.58,193.67,38.58,8803463.52,339637622.6016,8804759.04,338278842.3168,475,2002,230,38.499994114022606
2002-11-22,2002-11-21,Prod. Sold Swine or Pork Market Formula,149310,41.37,199.57,41.37,29797796.7,1232734849.479,28438447.84,1168820206.224,475,2002,230,41.23815116638357
2002-11-25,2002-11-22,Prod. Sold Negotiated,79741,39.86,196.66,39.86,15681865.06,625079141.2916,8803463.52,339637622.6016,481,2002,231,39.39978835657512
2002-11-25,2002-11-22,Prod. Sold Swine or Pork Market Formula,194315,41.91,199.37,41.91,38740581.55,1623617772.7605,29797796.7,1232734849.479,481,2002,231,41.675229195250175
2002-11-26,2002-11-25,Prod. Sold Negotiated,45968,39.86,194.42,39.86,8937098.559999999,356232748.60159993,15681865.06,625079141.2916,482,2002,232,39.86
2002-11-26,2002-11-25,Prod. Sold Swine or Pork Market Formula,147622,42.01,198.2,42.01,29258680.4,1229157163.604,38740581.55,1623617772.7605,482,2002,232,41.95302793818779
2002-11-27,2002-11-26,Prod. Sold Swine or Pork Market Formula,140139,42.43,198.77,42.43,27855429.03,1181905853.7429,29258680.4,1229157163.604,483,2002,233,42.214840455525945
2002-11-27,2002-11-26,Prod. Sold Negotiated,48282,40.57,195.06,40.57,9417886.92,382083672.3444,8937098.559999999,356232748.60159993,483,2002,233,40.22429882881063
2002-11-29,2002-11-27,Prod. Sold Negotiated,48684,41.21,195.83,41.21,9533787.72,392887391.9412,9417886.92,382083672.3444,485,2002,234,40.891956990962775
2002-11-29,2002-11-27,Prod. Sold Swine or Pork Market Formula,146111,43.05,198.28,43.05,28970889.08,1247196774.894,27855429.03,1181905853.7429,485,2002,234,42.74608507865723
2002-12-02,2002-11-29,Prod. Sold Swine or Pork Market Formula,213413,43.65,199.77,43.65,42633515.010000005,1860952930.1865,28970889.08,1247196774.894,491,2002,235,43.40724211842959
2002-12-02,2002-11-29,Prod. Sold Negotiated,99375,42.35,197.65,42.35,19641468.75,831816201.5625,9533787.72,392887391.9412,491,2002,235,41.9774748085942
2002-12-03,2002-12-02,Prod. Sold Swine or Pork Market Formula,135795,43.97,199.64,43.97,27110113.8,1192031703.7859998,42633515.010000005,1860952930.1865,492,2002,236,43.77438751128986
2002-12-03,2002-12-02,Prod. Sold Negotiated,47108,43.31,194.92,43.31,9182291.36,397685038.8016,19641468.75,831816201.5625,492,2002,236,42.65582407263866
2002-12-04,2002-12-03,Prod. Sold Negotiated,48897,43.19,195.76,43.19,9572076.72,413417993.5367999,9182291.36,397685038.8016,493,2002,237,43.24875297735972
2002-12-04,2002-12-03,Prod. Sold Swine or Pork Market Formula,141620,44.71,199.1,44.71,28196542.0,1260667392.82,27110113.8,1192031703.7859998,493,2002,237,44.34726817465612
2002-12-05,2002-12-04,Prod. Sold Swine or Pork Market Formula,138135,45.03,199.47,45.03,27553788.45,1240747093.9035,28196542.0,1260667392.82,494,2002,238,44.8681553370685
2002-12-05,2002-12-04,Prod. Sold Negotiated,43199,43.59,194.31,43.59,8393997.69,365894359.3071,9572076.72,413417993.5367999,494,2002,238,43.3768855154096
2002-12-06,2002-12-05,Prod. Sold Swine or Pork Market Formula,141548,45.82,199.6,45.82,28252980.8,1294551580.256,27553788.45,1240747093.9035,495,2002,239,45.4299488795349
2002-12-06,2002-12-05,Prod. Sold Negotiated,45447,44.72,196.48,44.72,8929426.559999999,399323955.7631999,8393997.69,365894359.3071,495,2002,239,44.17246290497676
2002-12-09,2002-12-06,Prod. Sold Negotiated,84836,46.01,198.96,46.01,16878970.560000002,776601435.4656001,8929426.559999999,399323955.7631999,501,2002,240,45.56367393763972
2002-12-09,2002-12-06,Prod. Sold Swine or Pork Market Formula,165355,46.64,201.02,46.64,33239662.1,1550297840.344,28252980.8,1294551580.256,501,2002,240,46.263248519442
2002-12-10,2002-12-09,Prod. Sold Negotiated,49516,45.77,195.6,45.77,9685329.6,443297535.792,16878970.560000002,776601435.4656001,502,2002,241,45.922496128638834
2002-12-10,2002-12-09,Prod. Sold Swine or Pork Market Formula,139904,46.67,200.22,46.67,28011578.88,1307300386.3296,33239662.1,1550297840.344,502,2002,241,46.65371967902943
2002-12-11,2002-12-10,Prod. Sold Negotiated,40131,45.14,195.91,45.14,7862064.21,354893578.4394,9685329.6,443297535.792,503,2002,242,45.48773013668404
2002-12-11,2002-12-10,Prod. Sold Swine or Pork Market Formula,148165,46.57,199.24,46.57,29520394.6,1374764776.522,28011578.88,1307300386.3296,503,2002,242,46.618688715483984
2002-12-12,2002-12-11,Prod. Sold Negotiated,46105,43.6,193.76,43.6,8933304.8,389492089.28,7862064.21,354893578.4394,504,2002,243,44.32088793501299
2002-12-12,2002-12-11,Prod. Sold Swine or Pork Market Formula,149417,45.75,198.81,45.75,29705593.77,1359030914.9775,29520394.6,1374764776.522,504,2002,243,46.158717933431085
2002-12-13,2002-12-12,Prod. Sold Swine or Pork Market Formula,142717,45.2,199.73,45.2,28504866.41,1288419961.732,29705593.77,1359030914.9775,505,2002,244,45.48067252041951
2002-12-13,2002-12-12,Prod. Sold Negotiated,42263,42.95,194.19,42.95,8207051.97,352492882.1115,8933304.8,389492089.28,505,2002,244,43.28877055174039
2002-12-16,2002-12-13,Prod. Sold Negotiated,60703,43.25,196.79,43.25,11945743.37,516653400.7525,8207051.97,352492882.1115,511,2002,245,43.12782758920232
2002-12-16,2002-12-13,Prod. Sold Swine or Pork Market Formula,199635,44.78,199.33,44.78,39793244.55,1781941490.9490004,28504866.41,1288419961.732,511,2002,245,44.95529099595759
2002-12-17,2002-12-16,Prod. Sold Swine or Pork Market Formula,141642,45.12,199.07,45.11999999999999,28196672.94,1272233883.0527997,39793244.55,1781941490.9490004,512,2002,246,44.9210042717144
2002-12-17,2002-12-16,Prod. Sold Negotiated,42769,43.21,193.28,43.21,8266392.32,357190812.14720005,11945743.37,516653400.7525,512,2002,246,43.23364073456306
2002-12-18,2002-12-17,Prod. Sold Swine or Pork Market Formula,140467,45.28,198.5,45.28000000000001,27882699.5,1262528633.36,28196672.94,1272233883.0527997,513,2002,247,45.19955210135016
2002-12-18,2002-12-17,Prod. Sold Negotiated,48790,43.32,193.26,43.32,9429155.4,408471011.928,8266392.32,357190812.14720005,513,2002,247,43.268614014689575
2002-12-19,2002-12-18,Prod. Sold Swine or Pork Market Formula,143874,45.39,198.35,45.39,28537407.9,1295312944.581,27882699.5,1262528633.36,514,2002,248,45.33563822923527
2002-12-19,2002-12-18,Prod. Sold Negotiated,49169,43.33,194.99,43.33,9587463.31,415424785.2223,9429155.4,408471011.928,514,2002,248,43.32504162356946
2002-12-20,2002-12-19,Prod. Sold Swine or Pork Market Formula,149421,45.31,197.65,45.31,29533060.65,1338142978.0515,28537407.9,1295312944.581,515,2002,249,45.34931417618981
2002-12-20,2002-12-19,Prod. Sold Negotiated,43368,43.72,194.23,43.72,8423366.639999999,368269589.5008,9587463.31,415424785.2223,515,2002,249,43.51239653579096
2002-12-23,2002-12-20,Prod. Sold Negotiated,89700,43.39,197.41,43.39,17707677.0,768336105.03,8423366.639999999,368269589.5008,521,2002,250,43.49637581221382
2002-12-23,2002-12-20,Prod. Sold Swine or Pork Market Formula,195362,44.62,199.94,44.62,39060678.28,1742887464.8536,29533060.65,1338142978.0515,521,2002,250,44.917079765097725
2002-12-24,2002-12-23,Prod. Sold Negotiated,40654,42.33,193.76,42.33,7877119.04,333438448.9632,17707677.0,768336105.03,522,2002,251,43.0636442155198
2002-12-24,2002-12-23,Prod. Sold Swine or Pork Market Formula,138060,44.28,198.7,44.28,27432522.0,1214712074.16,39060678.28,1742887464.8536,522,2002,251,44.47972915364693
2002-12-26,2002-12-24,Prod. Sold Negotiated,23106,42.26,190.09,42.26,4392219.54,185615197.7604,7877119.04,333438448.9632,524,2002,252,42.30494116200353
2002-12-26,2002-12-24,Prod. Sold Swine or Pork Market Formula,73455,44.38,198.65,44.38,14591835.75,647585670.585,27432522.0,1214712074.16,524,2002,252,44.31472232898075
2002-12-27,2002-12-26,Prod. Sold Negotiated,36548,43.02,195.7,43.02,7152443.6,307698123.672,4392219.54,185615197.7604,525,2002,253,42.730854547255326
2002-12-27,2002-12-26,Prod. Sold Swine or Pork Market Formula,137460,44.43,199.14,44.43,27373784.4,1216217240.892,14591835.75,647585670.585,525,2002,253,44.4126145357821
2002-12-30,2002-12-27,Prod. Sold Negotiated,79625,42.89,196.4,42.89,15638350.0,670728831.5,7152443.6,307698123.672,531,2002,254,42.9307979504496
2002-12-30,2002-12-27,Prod. Sold Swine or Pork Market Formula,229032,44.28,200.83,44.28,45996496.56,2036724867.6768005,27373784.4,1216217240.892,531,2002,254,44.33596363549757
2002-12-31,2002-12-30,Prod. Sold Swine or Pork Market Formula,132264,44.58,199.83,44.57999999999999,26430315.12,1178263448.0496,45996496.56,2036724867.6768005,532,2002,255,44.38947733790951
2002-12-31,2002-12-30,Prod. Sold Negotiated,49152,43.16,194.8,43.16,9574809.6,413248782.336,15638350.0,670728831.5,532,2002,255,42.992533701964106
2003-01-02,2002-12-31,Prod. Sold Swine or Pork Market Formula,138400,44.91,198.89,44.91,27526376.0,1236209546.1599998,26430315.12,1178263448.0496,14,2003,1,44.74835176307972
2003-01-02,2002-12-31,Prod. Sold Negotiated,42701,43.08,193.22,43.08,8250687.22,355439605.4376,9574809.6,413248782.336,14,2003,1,43.12297129980358
2003-01-03,2003-01-02,Prod. Sold Swine or Pork Market Formula,151255,44.97,200.42,44.97,30314527.1,1363244283.6869998,27526376.0,1236209546.1599998,15,2003,2,44.941446113883366
2003-01-03,2003-01-02,Prod. Sold Negotiated,34372,42.99,196.46,42.99000000000001,6752723.12,290299566.92880005,8250687.22,355439605.4376,15,2003,2,43.03949287081886
2003-01-06,2003-01-03,Prod. Sold Negotiated,85009,44.17,198.19,44.17,16847933.71,744173231.9707,6752723.12,290299566.92880005,21,2003,3,43.832373240753576
2003-01-06,2003-01-03,Prod. Sold Swine or Pork Market Formula,200000,45.17,200.75,45.17,40150000.0,1813575500.0,30314527.1,1363244283.6869998,21,2003,3,45.083958048545526
2003-01-07,2003-01-06,Prod. Sold Negotiated,42156,44.49,198.11,44.49,8351525.16,371559354.3684,16847933.71,744173231.9707,22,2003,4,44.27605339047109
2003-01-07,2003-01-06,Prod. Sold Swine or Pork Market Formula,136725,45.74,199.7,45.74,27303982.5,1248884159.55,40150000.0,1813575500.0,22,2003,4,45.40072425745952
2003-01-08,2003-01-07,Prod. Sold Negotiated,47308,44.73,196.1,44.73,9277098.8,414964629.324,8351525.16,371559354.3684,23,2003,5,44.61630048250232
2003-01-08,2003-01-07,Prod. Sold Swine or Pork Market Formula,137059,45.93,200.64,45.93,27499517.76,1263052850.7168,27303982.5,1248884159.55,23,2003,5,45.835338953709375
2003-01-09,2003-01-08,Prod. Sold Negotiated,44504,43.96,197.83,43.96,8804226.32,387033789.0272,9277098.8,414964629.324,24,2003,6,44.35506872580366
2003-01-09,2003-01-08,Prod. Sold Swine or Pork Market Formula,146157,45.92,199.26,45.92,29123243.82,1337339356.2144,27499517.76,1263052850.7168,24,2003,6,45.92485661896253
2003-01-10,2003-01-09,Prod. Sold Negotiated,41358,43.3,196.24,43.3,8116093.92,351426866.736,8804226.32,387033789.0272,25,2003,7,43.64342076797477
2003-01-10,2003-01-09,Prod. Sold Swine or Pork Market Formula,155788,45.63,199.43,45.63,31068800.84,1417669382.3292,29123243.82,1337339356.2144,25,2003,7,45.77031323832754
2003-01-13,2003-01-10,Prod. Sold Swine or Pork Market Formula,155796,45.32,199.82,45.32,31131156.72,1410864022.5504,31068800.84,1417669382.3292,31,2003,8,45.47484461144703
2003-01-13,2003-01-10,Prod. Sold Negotiated,46970,43.95,196.59,43.95,9233832.3,405826929.585,8116093.92,351426866.736,31,2003,8,43.64593755148546
2003-01-14,2003-01-13,Prod. Sold Swine or Pork Market Formula,134938,45.82,200.22,45.82,27017286.36,1237932061.0152,31131156.72,1410864022.5504,32,2003,9,45.55231306746106
2003-01-14,2003-01-13,Prod. Sold Negotiated,39718,44.47,195.81,44.47,7777181.58,345851264.8626,9233832.3,405826929.585,32,2003,9,44.187736236659866
2003-01-15,2003-01-14,Prod. Sold Negotiated,50023,44.8,196.67,44.8,9838023.41,440743448.768,7777181.58,345851264.8626,33,2003,10,44.65430371529272
2003-01-15,2003-01-14,Prod. Sold Swine or Pork Market Formula,139073,46.37,200.39,46.37,27868838.47,1292278039.8539,27017286.36,1237932061.0152,33,2003,10,46.099266594352855
2003-01-16,2003-01-15,Prod. Sold Swine or Pork Market Formula,151887,46.88,199.61,46.88,30318164.07,1421315531.6016002,27868838.47,1292278039.8539,34,2003,11,46.6357339783927
2003-01-16,2003-01-15,Prod. Sold Negotiated,55209,45.78,196.73,45.78,10861266.57,497228783.5746,9838023.41,440743448.768,34,2003,11,45.31422252883478
2003-01-17,2003-01-16,Prod. Sold Swine or Pork Market Formula,137059,47.69,200.67,47.69,27503629.53,1311648092.2856998,30318164.07,1421315531.6016002,35,2003,12,47.26528621359301
2003-01-17,2003-01-16,Prod. Sold Negotiated,42767,46.81,196.43,46.81,8400721.81,393237787.9261,10861266.57,497228783.5746,35,2003,12,46.22921340900009
2003-01-20,2003-01-17,Prod. Sold Swine or Pork Market Formula,136598,48.33,200.55,48.33,27394728.9,1323987247.737,27503629.53,1311648092.2856998,41,2003,13,48.00936522324898
2003-01-20,2003-01-17,Prod. Sold Negotiated,58096,47.59,198.01,47.59,11503588.96,547455798.6064,8400721.81,393237787.9261,41,2003,13,47.26079678932284
2003-01-21,2003-01-20,Prod. Sold Swine or Pork Market Formula,133025,48.94,199.86,48.94,26586376.5,1301137265.9099998,27394728.9,1323987247.737,42,2003,14,48.63043270779334
2003-01-21,2003-01-20,Prod. Sold Negotiated,44123,48.56,196.67,48.56,8677670.41,421387675.1096,11503588.96,547455798.6064,42,2003,14,48.0070869688248
2003-01-22,2003-01-21,Prod. Sold Negotiated,42716,48.45,195.47,48.45,8349696.52,404542796.394,8677670.41,421387675.1096,43,2003,15,48.506059386575984
2003-01-22,2003-01-21,Prod. Sold Swine or Pork Market Formula,143100,49.04,200.29,49.04,28661499.0,1405559910.96,26586376.5,1301137265.9099998,43,2003,15,48.99187801112823
2003-01-23,2003-01-22,Prod. Sold Swine or Pork Market Formula,143361,49.58,199.72,49.58,28632058.92,1419577481.2536,28661499.0,1405559910.96,44,2003,16,49.30986126151197
2003-01-23,2003-01-22,Prod. Sold Negotiated,46519,48.48,195.4,48.48,9089812.6,440674114.84799993,8349696.52,404542796.394,44,2003,16,48.4656365856472
2003-01-24,2003-01-23,Prod. Sold Negotiated,39106,48.93,195.19,48.93,7633100.14,373487589.8502,9089812.6,440674114.84799993,45,2003,17,48.685400525399146
2003-01-24,2003-01-23,Prod. Sold Swine or Pork Market Formula,125898,49.71,199.64,49.71,25134276.72,1249424895.7512,28632058.92,1419577481.2536,45,2003,17,49.64077140899982
2003-01-27,2003-01-24,Prod. Sold Negotiated,57891,49.47,197.28,49.470000000000006,11420736.48,564983833.6656001,7633100.14,373487589.8502,51,2003,18,49.25367222529485
2003-01-27,2003-01-24,Prod. Sold Swine or Pork Market Formula,145819,50.18,201.12,50.18,29327117.28,1471634745.1104,25134276.72,1249424895.7512,51,2003,18,49.963092036564476
2003-01-28,2003-01-27,Prod. Sold Negotiated,43543,49.11,195.23,49.11,8500899.889999999,417479193.5978999,11420736.48,564983833.6656001,52,2003,19,49.31638189837616
2003-01-28,2003-01-27,Prod. Sold Swine or Pork Market Formula,141183,50.37,199.33,50.37,28142007.39,1417512912.2343,29327117.28,1471634745.1104,52,2003,19,50.273040940414575
2003-01-29,2003-01-28,Prod. Sold Negotiated,44122,48.97,194.97,48.97,8602466.34,421262776.6698,8500899.889999999,417479193.5978999,53,2003,20,49.03958431273679
2003-01-29,2003-01-28,Prod. Sold Swine or Pork Market Formula,146806,50.1,199.15,50.1,29236414.9,1464744386.4900002,28142007.39,1417512912.2343,53,2003,20,50.232425077094256
2003-01-30,2003-01-29,Prod. Sold Swine or Pork Market Formula,150054,49.92,198.16,49.92,29734700.64,1484356255.9488,29236414.9,1464744386.4900002,54,2003,21,50.00923953080776
2003-01-30,2003-01-29,Prod. Sold Negotiated,45920,48.28,195.26,48.28,8966339.2,432894856.576,8602466.34,421262776.6698,54,2003,21,48.6178546003646
2003-01-31,2003-01-30,Prod. Sold Negotiated,44000,48.31,195.55,48.31,8604200.0,415668902.0,8966339.2,432894856.576,55,2003,22,48.29469084113253
2003-01-31,2003-01-30,Prod. Sold Swine or Pork Market Formula,150210,49.76,199.12,49.76,29909815.2,1488312404.352,29734700.64,1484356255.9488,55,2003,22,49.83976512233183
2003-02-03,2003-01-31,Prod. Sold Swine or Pork Market Formula,143787,49.69,199.39,49.68999999999999,28669689.93,1424596892.6216998,29909815.2,1488312404.352,61,2003,23,49.72574094829504
2003-02-03,2003-01-31,Prod. Sold Negotiated,53315,48.37,196.59,48.37,10481195.85,506975443.2645,8604200.0,415668902.0,61,2003,23,48.34295041695454
2003-02-04,2003-02-03,Prod. Sold Negotiated,51200,48.79,197.46,48.79,10109952.0,493264558.08,10481195.85,506975443.2645,62,2003,24,48.57621384834551
2003-02-04,2003-02-03,Prod. Sold Swine or Pork Market Formula,133094,49.89,198.89,49.89,26471065.66,1320641465.7773998,28669689.93,1424596892.6216998,62,2003,24,49.78601270558142
2003-02-05,2003-02-04,Prod. Sold Negotiated,54045,49.46,195.65,49.46,10573904.25,522985304.205,10109952.0,493264558.08,63,2003,25,49.1325142662892
2003-02-05,2003-02-04,Prod. Sold Swine or Pork Market Formula,135274,49.87,199.26,49.87,26954697.24,1344230751.3588,26471065.66,1320641465.7773998,63,2003,25,49.87990947596184
2003-02-06,2003-02-05,Prod. Sold Swine or Pork Market Formula,143797,49.96,198.98,49.96,28612727.06,1429491843.9176,26954697.24,1344230751.3588,64,2003,26,49.91634271729957
2003-02-06,2003-02-05,Prod. Sold Negotiated,42603,48.95,195.39,48.95,8324200.169999999,407469598.3215,10573904.25,522985304.205,64,2003,26,49.23535619486752
2003-02-07,2003-02-06,Prod. Sold Swine or Pork Market Formula,139069,49.89,200.04,49.89000000000001,27819362.76,1387908008.0964,28612727.06,1429491843.9176,65,2003,27,49.92549205603742
2003-02-07,2003-02-06,Prod. Sold Negotiated,43783,48.65,195.85,48.65,8574900.55,417168911.75749993,8324200.169999999,407469598.3215,65,2003,27,48.797774730287536
2003-02-10,2003-02-07,Prod. Sold Swine or Pork Market Formula,147083,49.82,199.7,49.82,29372475.1,1463336709.482,27819362.76,1387908008.0964,71,2003,28,49.85404953339612
2003-02-10,2003-02-07,Prod. Sold Negotiated,55680,48.76,196.85,48.76,10960608.0,534439246.08,8574900.55,417168911.75749993,71,2003,28,48.71171668768766
2003-02-11,2003-02-10,Prod. Sold Swine or Pork Market Formula,137701,49.76,197.93,49.76,27255158.93,1356216708.3567998,29372475.1,1463336709.482,72,2003,29,49.79112170473281
2003-02-11,2003-02-10,Prod. Sold Negotiated,40529,48.45,194.97,48.45,7901939.13,382848950.8485,10960608.0,534439246.08,72,2003,29,48.63013412804658
2003-02-12,2003-02-11,Prod. Sold Swine or Pork Market Formula,143502,49.77,198.59,49.77,28498062.18,1418348554.6986,27255158.93,1356216708.3567998,73,2003,30,49.76511146470332
2003-02-12,2003-02-11,Prod. Sold Negotiated,48762,48.46,195.77,48.46,9546136.74,462605786.4204,7901939.13,382848950.8485,73,2003,30,48.45547116874727
2003-02-13,2003-02-12,Prod. Sold Negotiated,47401,48.46,196.0,48.46,9290596.0,450222282.16,9546136.74,462605786.4204,74,2003,31,48.46
2003-02-13,2003-02-12,Prod. Sold Swine or Pork Market Formula,137700,50.14,198.39,50.14,27318303.0,1369739712.4199998,28498062.18,1418348554.6986,74,2003,31,49.9510897588441
2003-02-14,2003-02-13,Prod. Sold Negotiated,48323,48.59,197.12,48.59,9525429.76,462840632.0384,9290596.0,450222282.16,75,2003,32,48.52581123371082
2003-02-14,2003-02-13,Prod. Sold Swine or Pork Market Formula,143648,50.15,198.97,50.15,28581642.56,1433369374.3839998,27318303.0,1369739712.4199998,75,2003,32,50.14511300007069
2003-02-17,2003-02-14,Prod. Sold Negotiated,44472,48.06,198.91,48.06,8845925.52,425135180.4912,9525429.76,462840632.0384,81,2003,33,48.334801597152484
2003-02-17,2003-02-14,Prod. Sold Swine or Pork Market Formula,134265,50.11,199.24,50.11,26750958.6,1340490535.446,28581642.56,1433369374.3839998,81,2003,33,50.13066170175326
2003-02-18,2003-02-17,Prod. Sold Negotiated,35622,48.48,194.09,48.48,6913873.98,335184610.5504,8845925.52,425135180.4912,82,2003,34,48.24425533088793
2003-02-18,2003-02-17,Prod. Sold Swine or Pork Market Formula,124682,50.39,198.57,50.39,24758104.74,1247560897.8486,26750958.6,1340490535.446,82,2003,34,50.244583486433086
2003-02-19,2003-02-18,Prod. Sold Swine or Pork Market Formula,133668,50.09,199.52,50.09000000000001,26669439.360000003,1335872217.5424004,24758104.74,1247560897.8486,83,2003,35,50.23442516266298
2003-02-19,2003-02-18,Prod. Sold Negotiated,44781,48.62,195.2,48.62,8741251.2,424999633.3439999,6913873.98,335184610.5504,83,2003,35,48.55817089636328
2003-02-20,2003-02-19,Prod. Sold Negotiated,40869,48.43,194.92,48.43,7966185.479999999,385802362.7964,8741251.2,424999633.3439999,84,2003,36,48.52940709396721
2003-02-20,2003-02-19,Prod. Sold Swine or Pork Market Formula,142074,49.77,198.92,49.77,28261360.08,1406567891.1816,26669439.360000003,1335872217.5424004,84,2003,36,49.92536312382496
2003-02-21,2003-02-20,Prod. Sold Negotiated,42472,48.01,195.37,48.01,8297754.64,398375200.2664,7966185.479999999,385802362.7964,85,2003,37,48.21571877890066
2003-02-21,2003-02-20,Prod. Sold Swine or Pork Market Formula,152973,49.54,199.46,49.54,30511994.58,1511564211.4932,28261360.08,1406567891.1816,85,2003,37,49.65059625328522
2003-02-24,2003-02-21,Prod. Sold Negotiated,52470,48.19,196.87,48.19,10329768.9,497791563.291,8297754.64,398375200.2664,91,2003,38,48.10981779907605
2003-02-24,2003-02-21,Prod. Sold Swine or Pork Market Formula,157424,49.44,198.49,49.44,31247089.76,1544856117.7344,30511994.58,1511564211.4932,91,2003,38,49.48940486878338
2003-02-25,2003-02-24,Prod. Sold Swine or Pork Market Formula,133759,49.02,199.87,49.02,26734411.33,1310520843.3966002,31247089.76,1544856117.7344,92,2003,39,49.24634422104439
2003-02-25,2003-02-24,Prod. Sold Negotiated,46120,47.63,196.82,47.63,9077338.4,432353627.992,10329768.9,497791563.291,92,2003,39,47.92806969655905
2003-02-26,2003-02-25,Prod. Sold Swine or Pork Market Formula,146326,49.18,199.59,49.18,29205206.34,1436312047.8012,26734411.33,1310520843.3966002,93,2003,40,49.10353351719288
2003-02-26,2003-02-25,Prod. Sold Negotiated,53427,47.87,194.59,47.87,10396359.93,497673749.84909993,9077338.4,432353627.992,93,2003,40,47.75812801866999
2003-02-27,2003-02-26,Prod. Sold Negotiated,44320,47.53,195.52,47.53,8665446.4,411868667.392,10396359.93,497673749.84909993,94,2003,41,47.71543690534915
2003-02-27,2003-02-26,Prod. Sold Swine or Pork Market Formula,148149,49.11,199.6,49.11,29570540.4,1452209239.044,29205206.34,1436312047.8012,94,2003,41,49.14478244951686
2003-02-28,2003-02-27,Prod. Sold Negotiated,49102,47.24,195.64,47.24,9606315.28,453802333.8272,8665446.4,411868667.392,95,2003,42,47.37753350662136
2003-02-28,2003-02-27,Prod. Sold Swine or Pork Market Formula,142843,49.15,199.1,49.15,28440041.3,1397828029.895,29570540.4,1452209239.044,95,2003,42,49.12961024383246
2003-03-03,2003-02-28,Prod. Sold Negotiated,57626,47.64,196.56,47.64,11326966.56,539616686.9184,9606315.28,453802333.8272,101,2003,43,47.45643938387828
2003-03-03,2003-02-28,Prod. Sold Swine or Pork Market Formula,150739,49.17,199.8,49.17,30117652.200000003,1480884958.6740005,28440041.3,1397828029.895,101,2003,43,49.16028648855509
2003-03-04,2003-03-03,Prod. Sold Swine or Pork Market Formula,139305,49.29,198.95,49.29,27714729.75,1366059029.3775,30117652.200000003,1480884958.6740005,102,2003,44,49.22750701350803
2003-03-04,2003-03-03,Prod. Sold Negotiated,48070,47.63,196.23,47.63,9432776.1,449283125.643,11326966.56,539616686.9184,102,2003,44,47.63545621723039
2003-03-05,2003-03-04,Prod. Sold Swine or Pork Market Formula,140125,49.27,199.73,49.27,27987166.25,1378927681.1375,27714729.75,1366059029.3775,103,2003,45,49.27995109026451
2003-03-05,2003-03-04,Prod. Sold Negotiated,48176,47.82,195.81,47.82,9433342.56,451102441.2192,9432776.1,449283125.643,103,2003,45,47.725002852399115
2003-03-06,2003-03-05,Prod. Sold Swine or Pork Market Formula,144387,49.27,198.53,49.27,28665151.11,1412331995.1897,27987166.25,1378927681.1375,104,2003,46,49.27
2003-03-06,2003-03-05,Prod. Sold Negotiated,47524,47.84,196.75,47.84,9350347.0,447320600.48,9433342.56,451102441.2192,104,2003,46,47.829955815091736
2003-03-07,2003-03-06,Prod. Sold Swine or Pork Market Formula,152753,49.2,199.92,49.2,30538379.76,1502488284.192,28665151.11,1412331995.1897,105,2003,47,49.2338925828952
2003-03-07,2003-03-06,Prod. Sold Negotiated,41562,48.1,195.47,48.1,8124124.14,390770371.134,9350347.0,447320600.48,105,2003,47,47.960877608225005
2003-03-10,2003-03-07,Prod. Sold Swine or Pork Market Formula,154264,49.17,199.32,49.17,30747900.48,1511874266.6016002,30538379.76,1502488284.192,111,2003,48,49.18494871917847
2003-03-10,2003-03-07,Prod. Sold Negotiated,51328,47.9,196.48,47.9,10084925.44,483067928.576,8124124.14,390770371.134,111,2003,48,47.989231720791445
2003-03-11,2003-03-10,Prod. Sold Swine or Pork Market Formula,132054,49.41,199.51,49.41,26346093.54,1301760481.8114,30747900.48,1511874266.6016002,112,2003,49,49.2807482942494
2003-03-11,2003-03-10,Prod. Sold Negotiated,49449,48.34,195.76,48.34,9680136.24,467937785.84160006,10084925.44,483067928.576,112,2003,49,48.115494391798926
2003-03-12,2003-03-11,Prod. Sold Negotiated,48286,48.67,195.26,48.67,9428324.36,458876546.6012,9680136.24,467937785.84160006,113,2003,50,48.5028256249381
2003-03-12,2003-03-11,Prod. Sold Swine or Pork Market Formula,144310,49.53,199.08,49.53,28729234.8,1422958999.644,26346093.54,1301760481.8114,113,2003,50,49.47259623464643
2003-03-13,2003-03-12,Prod. Sold Swine or Pork Market Formula,141949,50.0,199.09,50.0,28260626.41,1413031320.5,28729234.8,1422958999.644,114,2003,51,49.76306767433168
2003-03-13,2003-03-12,Prod. Sold Negotiated,45597,49.23,195.18,49.23,8899622.46,438128413.7058,9428324.36,458876546.6012,114,2003,51,48.94192290694348
2003-03-14,2003-03-13,Prod. Sold Negotiated,47446,49.69,195.21,49.69,9261933.66,460225483.5654,8899622.46,438128413.7058,115,2003,52,49.46458834999872
2003-03-14,2003-03-13,Prod. Sold Swine or Pork Market Formula,135435,50.52,200.69,50.52,27180450.15,1373156341.578,28260626.41,1413031320.5,115,2003,52,50.254934336686325
2003-03-17,2003-03-14,Prod. Sold Swine or Pork Market Formula,149800,50.62,199.81,50.62,29931538.0,1515134453.56,27180450.15,1373156341.578,121,2003,53,50.57240850295981
2003-03-17,2003-03-14,Prod. Sold Negotiated,51885,49.55,194.64,49.55,10098896.4,500400316.61999995,9261933.66,460225483.5654,121,2003,53,49.61697392148898
2003-03-18,2003-03-17,Prod. Sold Swine or Pork Market Formula,132237,50.78,199.91,50.78,26435498.67,1342394622.4626,29931538.0,1515134453.56,122,2003,54,50.69503817899746
2003-03-18,2003-03-17,Prod. Sold Negotiated,42813,49.93,194.79,49.93,8339544.27,416393445.4011,10098896.4,500400316.61999995,122,2003,54,49.72187065215097
2003-03-19,2003-03-18,Prod. Sold Swine or Pork Market Formula,143515,50.81,199.42,50.81,28619761.3,1454170071.653,26435498.67,1342394622.4626,123,2003,55,50.795595110067005
2003-03-19,2003-03-18,Prod. Sold Negotiated,51129,49.58,195.64,49.58,10002877.56,495942669.4247999,8339544.27,416393445.4011,123,2003,55,49.739130594724735
2003-03-20,2003-03-19,Prod. Sold Swine or Pork Market Formula,146449,50.76,199.23,50.76,29177034.27,1481026259.5452,28619761.3,1454170071.653,124,2003,56,50.784758951614656
2003-03-20,2003-03-19,Prod. Sold Negotiated,45377,49.8,194.81,49.8,8839893.37,440226689.8259999,10002877.56,495942669.4247999,124,2003,56,49.68321075114826
2003-03-21,2003-03-20,Prod. Sold Swine or Pork Market Formula,141375,50.93,200.48,50.93,28342860.0,1443501859.8,29177034.27,1481026259.5452,125,2003,57,50.84376729931704
2003-03-21,2003-03-20,Prod. Sold Negotiated,49165,50.02,195.95,50.02,9633881.75,481886765.1350001,8839893.37,440226689.8259999,125,2003,57,49.9147277138123
2003-03-24,2003-03-21,Prod. Sold Negotiated,58566,50.14,196.8,50.14,11525788.8,577903050.432,9633881.75,481886765.1350001,131,2003,58,50.085364659281055
2003-03-24,2003-03-21,Prod. Sold Swine or Pork Market Formula,159262,51.13,199.75,51.13,31812584.5,1626577445.485,28342860.0,1443501859.8,131,2003,58,51.03576793094762
2003-03-25,2003-03-24,Prod. Sold Negotiated,47057,50.49,196.17,50.49,9231171.69,466081858.6281,11525788.8,577903050.432,132,2003,59,50.29565429693122
2003-03-25,2003-03-24,Prod. Sold Swine or Pork Market Formula,141646,51.33,199.8,51.33,28300870.8,1452683698.164,31812584.5,1626577445.485,132,2003,59,51.22415819023799
2003-03-26,2003-03-25,Prod. Sold Swine or Pork Market Formula,151473,51.37,199.2,51.37,30173421.6,1550008667.5919998,28300870.8,1452683698.164,133,2003,60,51.35064046975966
2003-03-26,2003-03-25,Prod. Sold Negotiated,52297,50.41,195.62,50.41,10230339.14,515711396.0474,9231171.69,466081858.6281,133,2003,60,50.44794637228584
2003-03-27,2003-03-26,Prod. Sold Swine or Pork Market Formula,152069,51.34,198.98,51.34,30258689.62,1553481125.0908,30173421.6,1550008667.5919998,134,2003,61,51.35497883541921
2003-03-27,2003-03-26,Prod. Sold Negotiated,51485,50.48,194.89,50.48,10033911.65,506511860.09199995,10230339.14,515711396.0474,134,2003,61,50.44466073445195
2003-03-28,2003-03-27,Prod. Sold Swine or Pork Market Formula,148946,50.91,199.91,50.91,29775794.86,1515885716.3226,30258689.62,1553481125.0908,135,2003,62,51.12672937894444
2003-03-28,2003-03-27,Prod. Sold Negotiated,51761,50.0,194.79,50.0,10082525.19,504126259.5,10033911.65,506511860.09199995,135,2003,62,50.23942001410624
2003-03-31,2003-03-28,Prod. Sold Swine or Pork Market Formula,146714,50.45,200.96,50.45,29483645.44,1487449912.4480002,29775794.86,1515885716.3226,141,2003,63,50.68113390147224
2003-03-31,2003-03-28,Prod. Sold Negotiated,45904,49.81,195.83,49.81,8989380.32,447761033.73920006,10082525.19,504126259.5,141,2003,63,49.91044511730072
2003-04-01,2003-03-31,Prod. Sold Swine or Pork Market Formula,146104,50.08,200.22,50.08,29252942.88,1464987379.4304,29483645.44,1487449912.4480002,142,2003,64,50.26572663351448
2003-04-01,2003-03-31,Prod. Sold Negotiated,45353,49.18,194.85,49.18,8837032.05,434605236.2189999,8989380.32,447761033.73920006,142,2003,64,49.497692056262025
2003-04-02,2003-04-01,Prod. Sold Swine or Pork Market Formula,142891,49.67,199.52,49.67,28509612.32,1416072443.9344,29252942.88,1464987379.4304,143,2003,65,49.877638089057385
2003-04-02,2003-04-01,Prod. Sold Negotiated,46281,48.59,196.59,48.59,9098381.79,442090371.1761001,8837032.05,434605236.2189999,143,2003,65,48.88070134405664
2003-04-03,2003-04-02,Prod. Sold Negotiated,39004,48.24,194.14,48.24,7572236.56,365284691.6544,9098381.79,442090371.1761001,144,2003,66,48.43102072638476
2003-04-03,2003-04-02,Prod. Sold Swine or Pork Market Formula,142885,49.28,199.77,49.28,28544136.450000003,1406655044.2560005,28509612.32,1416072443.9344,144,2003,66,49.47488200240133
2003-04-04,2003-04-03,Prod. Sold Negotiated,36908,48.03,196.19,48.03,7240980.52,347784294.3756,7572236.56,365284691.6544,145,2003,67,48.137348030411765
2003-04-04,2003-04-03,Prod. Sold Swine or Pork Market Formula,141495,49.02,200.62,49.02,28386726.9,1391517352.6380002,28544136.450000003,1406655044.2560005,145,2003,67,49.150359440210394
2003-04-07,2003-04-04,Prod. Sold Negotiated,37250,47.36,195.7,47.36,7289825.0,345246112.0,7240980.52,347784294.3756,151,2003,68,47.69387391646819
2003-04-07,2003-04-04,Prod. Sold Swine or Pork Market Formula,149779,49.02,199.11,49.02,29822496.69,1461898787.7438002,28386726.9,1391517352.6380002,151,2003,68,49.02000000000001
2003-04-08,2003-04-07,Prod. Sold Negotiated,42228,47.89,196.69,47.89,8305825.32,397765974.5748,7289825.0,345246112.0,152,2003,69,47.64226379338313
2003-04-08,2003-04-07,Prod. Sold Swine or Pork Market Formula,135262,49.32,199.67,49.32,27007763.54,1332022897.7928,29822496.69,1461898787.7438002,152,2003,69,49.16257068380839
2003-04-09,2003-04-08,Prod. Sold Negotiated,41219,48.53,196.59,48.53,8103243.21,393250392.9813,8305825.32,397765974.5748,153,2003,70,48.20604936288239
2003-04-09,2003-04-08,Prod. Sold Swine or Pork Market Formula,148710,49.76,199.33,49.76,29642364.3,1475004047.568,27007763.54,1332022897.7928,153,2003,70,49.55023143617322
2003-04-10,2003-04-09,Prod. Sold Swine or Pork Market Formula,144862,50.16,199.46,50.16,28894174.52,1449331793.9232,29642364.3,1475004047.568,154,2003,71,49.957443682885646
2003-04-10,2003-04-09,Prod. Sold Negotiated,48180,49.08,196.01,49.08,9443761.8,463499829.14399993,8103243.21,393250392.9813,154,2003,71,48.8260088623124
2003-04-11,2003-04-10,Prod. Sold Swine or Pork Market Formula,135710,50.31,200.35,50.31,27189498.5,1367903669.535,28894174.52,1449331793.9232,155,2003,72,50.2327203579114
2003-04-11,2003-04-10,Prod. Sold Negotiated,50710,49.58,196.48,49.58,9963500.8,493990369.6639999,9443761.8,463499829.14399993,155,2003,72,49.336695161119735
2003-04-14,2003-04-11,Prod. Sold Swine or Pork Market Formula,136546,50.36,199.58,50.36,27251850.680000003,1372403200.2448,27189498.5,1367903669.535,161,2003,73,50.33502863273088
2003-04-14,2003-04-11,Prod. Sold Negotiated,49917,49.44,195.71,49.44,9769256.07,482992020.1008,9963500.8,493990369.6639999,161,2003,73,49.51068906393514
2003-04-15,2003-04-14,Prod. Sold Swine or Pork Market Formula,142387,49.87,198.64,49.87,28283753.68,1410510796.0216,27251850.680000003,1372403200.2448,162,2003,74,50.11044767293139
2003-04-15,2003-04-14,Prod. Sold Negotiated,43317,49.19,194.43,49.19,8422124.31,414284294.8089,9769256.07,482992020.1008,162,2003,74,49.32425666257768
2003-04-16,2003-04-15,Prod. Sold Swine or Pork Market Formula,140991,49.83,198.04,49.83,27921857.64,1391346166.2012,28283753.68,1410510796.0216,163,2003,75,49.850128775768646
2003-04-16,2003-04-15,Prod. Sold Negotiated,48909,48.67,195.42,48.67,9557796.78,465177969.2826,8422124.31,414284294.8089,163,2003,75,48.91357752290892
2003-04-17,2003-04-16,Prod. Sold Swine or Pork Market Formula,144927,49.24,199.61,49.24,28928878.470000003,1424457975.8628,27921857.64,1391346166.2012,164,2003,76,49.52977454180584
2003-04-17,2003-04-16,Prod. Sold Negotiated,41769,48.28,194.3,48.28,8115716.7,391826802.276,9557796.78,465177969.2826,164,2003,76,48.49091113254974
2003-04-18,2003-04-17,Prod. Sold Swine or Pork Market Formula,130566,49.28,200.65,49.28,26198067.9,1291040786.1120002,28928878.470000003,1424457975.8628,165,2003,77,49.259009264706336
2003-04-18,2003-04-17,Prod. Sold Negotiated,37147,47.43,198.75,47.43,7382966.25,350174089.2375,8115716.7,391826802.276,165,2003,77,47.87509325193984
2003-04-21,2003-04-18,Prod. Sold Swine or Pork Market Formula,147444,49.77,199.28,49.77,29382640.32,1462374008.7264,26198067.9,1291040786.1120002,171,2003,78,49.53903760887343
2003-04-21,2003-04-18,Prod. Sold Negotiated,48197,47.77,196.73,47.77,9481795.809999999,452945385.8437,7382966.25,350174089.2375,171,2003,78,47.621156600011936
2003-04-22,2003-04-21,Prod. Sold Swine or Pork Market Formula,104597,49.34,202.14,49.34,21143237.58,1043207342.1972,29382640.32,1462374008.7264,172,2003,79,49.590060679056506
2003-04-22,2003-04-21,Prod. Sold Negotiated,30339,48.45,196.39,48.45,5958276.21,288678482.37450004,9481795.809999999,452945385.8437,172,2003,79,48.03240990440665
2003-04-23,2003-04-22,Prod. Sold Negotiated,48247,48.71,197.03,48.71,9506106.41,463042443.2311,5958276.21,288678482.37450004,173,2003,80,48.609824528876025
2003-04-23,2003-04-22,Prod. Sold Swine or Pork Market Formula,125351,50.05,198.89,50.05,24931060.39,1247799572.5194998,21143237.58,1043207342.1972,173,2003,80,49.724184972029846
2003-04-24,2003-04-23,Prod. Sold Negotiated,59805,51.09,196.35,51.09,11742711.75,599935143.3075,9506106.41,463042443.2311,174,2003,81,50.02525686532582
2003-04-24,2003-04-23,Prod. Sold Swine or Pork Market Formula,138157,50.94,199.39,50.94,27547124.23,1403250508.2761998,24931060.39,1247799572.5194998,174,2003,81,50.51718347332763
2003-04-25,2003-04-24,Prod. Sold Negotiated,57856,52.26,196.35,52.26,11360025.6,593674937.856,11742711.75,599935143.3075,175,2003,82,51.66530974579511
2003-04-25,2003-04-24,Prod. Sold Swine or Pork Market Formula,127619,51.7,200.81,51.7,25627171.39,1324924760.8630002,27547124.23,1403250508.2761998,175,2003,82,51.3062794218392
2003-04-28,2003-04-25,Prod. Sold Swine or Pork Market Formula,151943,53.61,200.11,53.61,30405313.73,1630028869.0653,25627171.39,1324924760.8630002,181,2003,83,52.73643715069798
2003-04-28,2003-04-25,Prod. Sold Negotiated,91537,53.82,196.83,53.82,18017227.71,969687195.3522,11360025.6,593674937.856,181,2003,83,53.21675640370478
2003-04-29,2003-04-28,Prod. Sold Negotiated,52645,54.56,195.67,54.56,10301047.15,562025132.504,18017227.71,969687195.3522,182,2003,84,54.08918217754032
2003-04-29,2003-04-28,Prod. Sold Swine or Pork Market Formula,128451,54.47,199.49,54.47,25624689.99,1395776863.7553,30405313.73,1630028869.0653,182,2003,84,54.0033112962392
2003-04-30,2003-04-29,Prod. Sold Swine or Pork Market Formula,131921,55.17,199.28,55.17,26289216.88,1450376095.2696,25624689.99,1395776863.7553,183,2003,85,54.82448019472089
2003-04-30,2003-04-29,Prod. Sold Negotiated,60928,55.38,194.91,55.38,11875476.48,657663887.4624001,10301047.15,562025132.504,183,2003,85,54.99910808006116
2003-05-01,2003-04-30,Prod. Sold Swine or Pork Market Formula,138908,55.54,198.62,55.53999999999999,27589906.96,1532343432.5584,26289216.88,1450376095.2696,184,2003,86,55.3594660649181
2003-05-01,2003-04-30,Prod. Sold Negotiated,43145,55.08,194.46,55.08,8389976.700000001,462119916.636,11875476.48,657663887.4624001,184,2003,86,55.255798829286285
2003-05-02,2003-05-01,Prod. Sold Swine or Pork Market Formula,136502,55.55,199.89,55.55,27285384.78,1515703124.5289998,27589906.96,1532343432.5584,185,2003,87,55.54497225325184
2003-05-02,2003-05-01,Prod. Sold Negotiated,47556,54.77,194.56,54.77,9252495.36,506759170.8672,8389976.700000001,462119916.636,185,2003,87,54.91742224151778
2003-05-05,2003-05-02,Prod. Sold Negotiated,46478,54.49,194.96,54.49,9061350.88,493753009.45120007,9252495.36,506759170.8672,191,2003,88,54.631461201915165
2003-05-05,2003-05-02,Prod. Sold Swine or Pork Market Formula,129395,56.03,199.11,56.03,25763838.450000003,1443547868.3535,27285384.78,1515703124.5289998,191,2003,88,55.78311637198498
2003-05-06,2003-05-05,Prod. Sold Swine or Pork Market Formula,124008,56.12,197.76,56.12,24523822.08,1376276895.1295998,25763838.450000003,1443547868.3535,192,2003,89,56.07389036920664
2003-05-06,2003-05-05,Prod. Sold Negotiated,42587,55.0,195.0,55.0,8304465.0,456745575.0,9061350.88,493753009.45120007,192,2003,89,54.733885872064185
2003-05-07,2003-05-06,Prod. Sold Swine or Pork Market Formula,137023,56.4,198.5,56.4,27199065.5,1534027294.2,24523822.08,1376276895.1295998,193,2003,90,56.26724116723416
2003-05-07,2003-05-06,Prod. Sold Negotiated,48504,55.49,194.54,55.49,9435968.16,523601873.1984,8304465.0,456745575.0,193,2003,90,55.26062635318426
2003-05-08,2003-05-07,Prod. Sold Negotiated,53784,55.94,194.61,55.940000000000005,10466904.24,585518623.1856,9435968.16,523601873.1984,194,2003,91,55.72665463021308
2003-05-08,2003-05-07,Prod. Sold Swine or Pork Market Formula,141170,57.19,199.17,57.19,28116828.9,1608001444.791,27199065.5,1534027294.2,194,2003,91,56.80155356922151
2003-05-09,2003-05-08,Prod. Sold Swine or Pork Market Formula,137602,57.41,199.0,57.41,27382798.0,1572046433.1799998,28116828.9,1608001444.791,195,2003,92,57.298545154201754
2003-05-09,2003-05-08,Prod. Sold Negotiated,51600,56.95,193.77,56.95,9998532.0,569416397.4,10466904.24,585518623.1856,195,2003,92,56.43344256343102
2003-05-12,2003-05-09,Prod. Sold Negotiated,58194,57.47,195.3,57.47,11365288.2,653163112.8540001,9998532.0,569416397.4,201,2003,93,57.22663357061954
2003-05-12,2003-05-09,Prod. Sold Swine or Pork Market Formula,147290,58.26,199.58,58.26,29396138.200000003,1712619011.532,27382798.0,1572046433.1799998,201,2003,93,57.85007019402381
2003-05-13,2003-05-12,Prod. Sold Swine or Pork Market Formula,131453,58.84,199.49,58.84,26223558.970000003,1542994209.7948003,29396138.200000003,1712619011.532,202,2003,94,58.533458234698976
2003-05-13,2003-05-12,Prod. Sold Negotiated,50597,58.65,195.26,58.64999999999999,9879570.22,579436793.4029999,11365288.2,653163112.8540001,202,2003,94,58.018739494005054
2003-05-14,2003-05-13,Prod. Sold Negotiated,49684,59.66,194.6,59.66,9668506.4,576823091.824,9879570.22,579436793.4029999,203,2003,95,59.14954743138304
2003-05-14,2003-05-13,Prod. Sold Swine or Pork Market Formula,136454,60.1,197.86,60.1,26998788.44,1622627185.2440002,26223558.970000003,1542994209.7948003,203,2003,95,59.47917649427106
2003-05-15,2003-05-14,Prod. Sold Negotiated,49274,60.34,194.96,60.34000000000001,9606459.04,579653738.4736001,9668506.4,576823091.824,204,2003,96,59.998905518016855
2003-05-15,2003-05-14,Prod. Sold Swine or Pork Market Formula,135095,60.84,200.03,60.84000000000001,27023052.85,1644082535.3940003,26998788.44,1622627185.2440002,204,2003,96,60.47016618892444
2003-05-16,2003-05-15,Prod. Sold Swine or Pork Market Formula,130696,61.64,198.59,61.64,25954918.64,1599861184.9696,27023052.85,1644082535.3940003,205,2003,97,61.231935257768775
2003-05-16,2003-05-15,Prod. Sold Negotiated,45128,60.93,195.85,60.93000000000001,8838318.8,538518764.484,9606459.04,579653738.4736001,205,2003,97,60.622714605577485
2003-05-19,2003-05-16,Prod. Sold Swine or Pork Market Formula,122621,62.57,198.35,62.57,24321875.35,1521819740.6495,25954918.64,1599861184.9696,211,2003,98,62.08989630961749
2003-05-19,2003-05-16,Prod. Sold Negotiated,46903,61.44,194.36,61.44,9116067.08,560091161.3952,8838318.8,538518764.484,211,2003,98,61.18894476379607
2003-05-20,2003-05-19,Prod. Sold Swine or Pork Market Formula,124384,62.9,198.71,62.9,24716344.64,1554658077.856,24321875.35,1521819740.6495,212,2003,99,62.73632727967825
2003-05-20,2003-05-19,Prod. Sold Negotiated,46458,63.0,193.77,63.00000000000001,9002166.66,567136499.58,9116067.08,560091161.3952,212,2003,99,62.21509652381823
2003-05-21,2003-05-20,Prod. Sold Swine or Pork Market Formula,135746,63.53,198.73,63.53,26976802.58,1713836267.9074,24716344.64,1554658077.856,213,2003,100,63.228774441863045
2003-05-21,2003-05-20,Prod. Sold Negotiated,45501,63.77,193.7,63.77,8813543.7,562039681.749,9002166.66,567136499.58,213,2003,100,63.380923831375085
2003-05-22,2003-05-21,Prod. Sold Swine or Pork Market Formula,133616,63.99,198.83,63.99,26566869.28,1700013965.2272,26976802.58,1713836267.9074,214,2003,101,63.758239107335655
2003-05-22,2003-05-21,Prod. Sold Negotiated,46148,63.51,193.21,63.51,8916255.08,566271360.1308,8813543.7,562039681.749,214,2003,101,63.639246890527865
2003-05-23,2003-05-22,Prod. Sold Swine or Pork Market Formula,136984,63.64,198.47,63.64,27187214.48,1730194329.5072,26566869.28,1700013965.2272,215,2003,102,63.812980424882966
2003-05-23,2003-05-22,Prod. Sold Negotiated,44096,63.09,193.44,63.09,8529930.24,538153298.8416001,8916255.08,566271360.1308,215,2003,102,63.304650198018194
2003-05-27,2003-05-23,Prod. Sold Swine or Pork Market Formula,129064,63.21,200.05,63.21000000000001,25819253.200000003,1632034994.7720003,27187214.48,1730194329.5072,222,2003,103,63.43054859978552
2003-05-27,2003-05-23,Prod. Sold Negotiated,47252,62.45,194.78,62.45,9203744.56,574773847.7720001,8529930.24,538153298.8416001,222,2003,103,62.75784117872738
2003-05-28,2003-05-27,Prod. Sold Negotiated,34856,61.79,193.68,61.790000000000006,6750910.08,417138733.8432,9203744.56,574773847.7720001,223,2003,104,62.17073349418487
2003-05-28,2003-05-27,Prod. Sold Swine or Pork Market Formula,140415,62.27,199.31,62.27000000000001,27986113.65,1742695296.9855,25819253.200000003,1632034994.7720003,223,2003,104,62.72107206639184
2003-05-29,2003-05-28,Prod. Sold Negotiated,41134,60.79,193.57,60.79,7962308.38,484028726.4202,6750910.08,417138733.8432,224,2003,105,61.248832994178215
2003-05-29,2003-05-28,Prod. Sold Swine or Pork Market Formula,139022,61.69,200.06,61.69,27812741.32,1715768012.0308,27986113.65,1742695296.9855,224,2003,105,61.98090105748097
2003-05-30,2003-05-29,Prod. Sold Negotiated,42530,59.91,194.3,59.91,8263579.000000002,495071017.8900001,7962308.38,484028726.4202,225,2003,106,60.34183039610127
2003-05-30,2003-05-29,Prod. Sold Swine or Pork Market Formula,140957,61.27,200.13,61.27,28209724.41,1728409814.6007,27812741.32,1715768012.0308,225,2003,106,61.478511910394985
2003-06-02,2003-05-30,Prod. Sold Swine or Pork Market Formula,143345,61.52,199.36,61.52,28577259.200000003,1758072985.9840002,28209724.41,1728409814.6007,231,2003,107,61.39580902076198
2003-06-02,2003-05-30,Prod. Sold Negotiated,44174,59.84,194.27,59.84,8581682.98,513527909.5232,8263579.000000002,495071017.8900001,231,2003,107,59.87433906404584
2003-06-03,2003-06-02,Prod. Sold Negotiated,42206,60.14,196.12,60.14,8277440.72,497805284.9008,8581682.98,513527909.5232,232,2003,108,59.98729307763488
2003-06-03,2003-06-02,Prod. Sold Swine or Pork Market Formula,135252,61.42,199.58,61.42,26993594.16,1657946553.3072,28577259.200000003,1758072985.9840002,232,2003,108,61.47142490617316
2003-06-04,2003-06-03,Prod. Sold Negotiated,47327,61.16,195.88,61.16,9270412.76,566978444.4016,8277440.72,497805284.9008,233,2003,109,60.67885912746976
2003-06-04,2003-06-03,Prod. Sold Swine or Pork Market Formula,133411,62.06,198.6,62.06,26495424.6,1644306050.676,26993594.16,1657946553.3072,233,2003,109,61.73701968249007
2003-06-05,2003-06-04,Prod. Sold Negotiated,49839,62.3,195.7,62.3,9753492.3,607642570.29,9270412.76,566978444.4016,234,2003,110,61.744474175356295
2003-06-05,2003-06-04,Prod. Sold Swine or Pork Market Formula,140317,62.78,199.26,62.78000000000001,27959565.42,1755301517.0676,26495424.6,1644306050.676,234,2003,110,62.429679382826194
2003-06-06,2003-06-05,Prod. Sold Negotiated,50186,62.84,196.21,62.84000000000001,9846995.06,618785169.5704001,9753492.3,607642570.29,235,2003,111,62.57128801619759
2003-06-06,2003-06-05,Prod. Sold Swine or Pork Market Formula,137099,63.65,199.84,63.65,27397864.16,1743874053.784,27959565.42,1755301517.0676,235,2003,111,63.21058613812177
2003-06-09,2003-06-06,Prod. Sold Swine or Pork Market Formula,127281,64.4,199.13,64.4,25345465.53,1632247980.1320002,27397864.16,1743874053.784,241,2003,112,64.01040764318876
2003-06-09,2003-06-06,Prod. Sold Negotiated,51455,63.71,194.76,63.71,10021375.8,638461852.218,9846995.06,618785169.5704001,241,2003,112,63.2788179084956
2003-06-10,2003-06-09,Prod. Sold Negotiated,50794,64.53,196.32,64.53,9971878.08,643485292.5024,10021375.8,638461852.218,242,2003,113,64.11898495435901
2003-06-10,2003-06-09,Prod. Sold Swine or Pork Market Formula,125945,65.24,198.9,65.24,25050460.5,1634292043.02,25345465.53,1632247980.1320002,242,2003,113,64.81754142601675
2003-06-11,2003-06-10,Prod. Sold Negotiated,49426,65.63,196.11,65.63,9692932.86,636147183.6018001,9971878.08,643485292.5024,243,2003,114,65.0721982534453
2003-06-11,2003-06-10,Prod. Sold Swine or Pork Market Formula,128729,65.89,199.19,65.89,25641529.51,1689520379.4139,25050460.5,1634292043.02,243,2003,114,65.56878950260608
2003-06-12,2003-06-11,Prod. Sold Negotiated,53307,66.28,193.84,66.28,10333028.88,684873154.1664001,9692932.86,636147183.6018001,244,2003,115,65.96538807569898
2003-06-12,2003-06-11,Prod. Sold Swine or Pork Market Formula,136948,66.97,198.9,66.97,27238957.2,1824192963.684,25641529.51,1689520379.4139,244,2003,115,66.44631246242741
2003-06-13,2003-06-12,Prod. Sold Negotiated,43480,66.55,193.78,66.55,8425554.4,560720645.32,10333028.88,684873154.1664001,245,2003,116,66.40127246786412
2003-06-13,2003-06-12,Prod. Sold Swine or Pork Market Formula,122511,67.48,199.65,67.48,24459321.15,1650514991.202,27238957.2,1824192963.684,245,2003,116,67.21128953970283
2003-06-16,2003-06-13,Prod. Sold Negotiated,49183,66.52,194.03,66.52,9542977.49,634798862.6348,8425554.4,560720645.32,251,2003,117,66.53406718331512
2003-06-16,2003-06-13,Prod. Sold Swine or Pork Market Formula,109836,67.49,198.9,67.49,21846380.4,1474412213.196,24459321.15,1650514991.202,251,2003,117,67.48471785971678
2003-06-17,2003-06-16,Prod. Sold Swine or Pork Market Formula,118089,67.45,197.17,67.45,23283608.13,1570479368.3685,21846380.4,1474412213.196,252,2003,118,67.46936307197196
2003-06-17,2003-06-16,Prod. Sold Negotiated,47698,67.09,192.9,67.09,9200944.2,617291346.3780001,9542977.49,634798862.6348,252,2003,118,66.79979940808215
2003-06-18,2003-06-17,Prod. Sold Negotiated,47816,66.93,193.46,66.93,9250483.36,619134851.2848002,9200944.2,617291346.3780001,253,2003,119,67.00978521267328
2003-06-18,2003-06-17,Prod. Sold Swine or Pork Market Formula,130544,67.55,197.64,67.55,25800716.16,1742838376.6079998,23283608.13,1570479368.3685,253,2003,119,67.50256406507211
2003-06-19,2003-06-18,Prod. Sold Swine or Pork Market Formula,114909,67.93,197.04,67.93,22641669.36,1538048599.6248002,25800716.16,1742838376.6079998,254,2003,120,67.72760963388659
2003-06-19,2003-06-18,Prod. Sold Negotiated,48857,67.41,193.16,67.41,9437218.12,636162873.4691999,9250483.36,619134851.2848002,254,2003,120,67.17239817306843
2003-06-20,2003-06-19,Prod. Sold Swine or Pork Market Formula,118760,68.05,198.33,68.05,23553670.8,1602827297.94,22641669.36,1538048599.6248002,255,2003,121,67.99118453692972
2003-06-20,2003-06-19,Prod. Sold Negotiated,50658,67.08,193.68,67.08,9811441.44,658151491.7952,9437218.12,636162873.4691999,255,2003,121,67.24179214816972
2003-06-23,2003-06-20,Prod. Sold Swine or Pork Market Formula,126172,67.86,198.87,67.86,25091825.64,1702731287.9304,23553670.8,1602827297.94,261,2003,122,67.95199613077277
2003-06-23,2003-06-20,Prod. Sold Negotiated,47167,67.12,193.01,67.12,9103702.67,611040523.2104,9811441.44,658151491.7952,261,2003,122,67.0992516697035
2003-06-24,2003-06-23,Prod. Sold Swine or Pork Market Formula,109386,67.53,197.02,67.53,21551229.720000003,1455354542.9916005,25091825.64,1702731287.9304,262,2003,123,67.7075248726159
2003-06-24,2003-06-23,Prod. Sold Negotiated,40128,66.65,190.97,66.65,7663244.16,510755223.26400006,9103702.67,611040523.2104,262,2003,123,66.90518899166808
2003-06-25,2003-06-24,Prod. Sold Swine or Pork Market Formula,120247,67.03,196.57,67.03,23636952.79,1584384945.5137,21551229.720000003,1455354542.9916005,263,2003,124,67.26846090418918
2003-06-25,2003-06-24,Prod. Sold Negotiated,48921,66.96,192.61,66.96,9422673.81,630942238.3176,7663244.16,510755223.26400006,263,2003,124,66.82096119074369
2003-06-26,2003-06-25,Prod. Sold Negotiated,46871,66.03,189.64,66.03,8888616.44,586915343.5332,9422673.81,630942238.3176,264,2003,125,66.50856194313232
2003-06-26,2003-06-25,Prod. Sold Swine or Pork Market Formula,119334,66.46,196.1,66.46,23401397.4,1555256871.2039998,23636952.79,1584384945.5137,264,2003,125,66.74642720324753
2003-06-27,2003-06-26,Prod. Sold Swine or Pork Market Formula,127024,65.76,196.83,65.76,25002133.92,1644140326.5792005,23401397.4,1555256871.2039998,265,2003,126,66.0984252704974
2003-06-27,2003-06-26,Prod. Sold Negotiated,49131,65.2,191.43,65.2,9405147.33,613215605.916,8888616.44,586915343.5332,265,2003,126,65.603282328227
2003-06-30,2003-06-27,Prod. Sold Negotiated,50315,64.57,191.54,64.57,9637335.1,622282727.407,9405147.33,613215605.916,271,2003,127,64.88115915898472
2003-06-30,2003-06-27,Prod. Sold Swine or Pork Market Formula,128875,65.05,195.96,65.05,25254345.0,1642795142.25,25002133.92,1644140326.5792005,271,2003,127,65.40321843998377
2003-07-01,2003-06-30,Prod. Sold Swine or Pork Market Formula,128987,63.75,195.86,63.75,25263393.82,1610541356.025,25254345.0,1642795142.25,272,2003,128,64.39988357093692
2003-07-01,2003-06-30,Prod. Sold Negotiated,42316,62.97,189.33,62.970000000000006,8011688.28,504496010.9916,9637335.1,622282727.407,272,2003,128,63.8436877858904
2003-07-02,2003-07-01,Prod. Sold Negotiated,48134,61.28,191.68,61.28,9226325.12,565389203.3536,8011688.28,504496010.9916,273,2003,129,62.065459024715686
2003-07-02,2003-07-01,Prod. Sold Swine or Pork Market Formula,124239,63.07,195.43,63.06999999999999,24280027.77,1531341351.4539,25263393.82,1610541356.025,273,2003,129,63.41674851365266
2003-07-03,2003-07-02,Prod. Sold Swine or Pork Market Formula,122212,62.61,196.12,62.61,23968217.44,1500650093.9184,24280027.77,1531341351.4539,274,2003,130,62.841486403818166
2003-07-03,2003-07-02,Prod. Sold Negotiated,42195,61.49,190.29,61.49,8029286.55,493720829.9595,9226325.12,565389203.3536,274,2003,130,61.377716047842654
2003-07-07,2003-07-03,Prod. Sold Negotiated,40029,61.48,189.63,61.48,7590699.27,466676191.1196,8029286.55,493720829.9595,281,2003,131,61.48514039298276
2003-07-07,2003-07-03,Prod. Sold Swine or Pork Market Formula,124568,62.45,195.86,62.45000000000001,24397888.48,1523648135.5760002,23968217.44,1500650093.9184,281,2003,131,62.5292893022387
2003-07-08,2003-07-07,Prod. Sold Negotiated,34268,62.23,192.27,62.23,6588708.36,410015321.2428,7590699.27,466676191.1196,282,2003,132,61.82850054381292
2003-07-08,2003-07-07,Prod. Sold Swine or Pork Market Formula,99359,62.72,194.6,62.72,19335261.4,1212707595.008,24397888.48,1523648135.5760002,282,2003,132,62.56937216030232
2003-07-09,2003-07-08,Prod. Sold Negotiated,50528,62.47,192.68,62.470000000000006,9735735.04,608191367.9488001,6588708.36,410015321.2428,283,2003,133,62.37313360353836
2003-07-09,2003-07-08,Prod. Sold Swine or Pork Market Formula,125510,62.9,195.44,62.900000000000006,24529674.4,1542916519.76,19335261.4,1212707595.008,283,2003,133,62.82065765084284
2003-07-10,2003-07-09,Prod. Sold Negotiated,49182,62.46,192.58,62.46,9471469.56,591587988.7176,9735735.04,608191367.9488001,284,2003,134,62.46506879332144
2003-07-10,2003-07-09,Prod. Sold Swine or Pork Market Formula,124307,63.28,195.78,63.28000000000001,24336824.46,1540034251.8288002,24529674.4,1542916519.76,284,2003,134,63.089250171601115
2003-07-11,2003-07-10,Prod. Sold Negotiated,51489,62.41,191.84,62.41,9877649.76,616464121.5216,9471469.56,591587988.7176,285,2003,135,62.43447519549433
2003-07-11,2003-07-10,Prod. Sold Swine or Pork Market Formula,123606,63.4,196.78,63.400000000000006,24323188.68,1542090162.312,24336824.46,1540034251.8288002,285,2003,135,63.3399831864657
2003-07-14,2003-07-11,Prod. Sold Negotiated,48448,61.77,192.51,61.77,9326724.48,576111771.1296,9877649.76,616464121.5216,291,2003,136,62.09917999656728
2003-07-14,2003-07-11,Prod. Sold Swine or Pork Market Formula,128852,63.43,194.84,63.43,25105523.68,1592443367.0224,24323188.68,1542090162.312,291,2003,136,63.41523741312367
2003-07-15,2003-07-14,Prod. Sold Negotiated,42198,61.82,192.42,61.82,8119739.159999998,501962274.8712,9326724.48,576111771.1296,292,2003,137,61.79327044416436
2003-07-15,2003-07-14,Prod. Sold Swine or Pork Market Formula,106139,62.86,195.56,62.86,20756542.84,1304756282.9224,25105523.68,1592443367.0224,292,2003,137,63.17202581094682
2003-07-16,2003-07-15,Prod. Sold Swine or Pork Market Formula,122688,62.34,195.4,62.34,23973235.2,1494491482.368,20756542.84,1304756282.9224,293,2003,138,62.581302388470334
2003-07-16,2003-07-15,Prod. Sold Negotiated,52986,61.17,192.76,61.17,10213581.36,624764771.7911999,8119739.159999998,501962274.8712,293,2003,138,61.45788186233051
2003-07-17,2003-07-16,Prod. Sold Negotiated,50980,60.45,192.28,60.45,9802434.4,592557159.48,10213581.36,624764771.7911999,294,2003,139,60.81739472367402
2003-07-17,2003-07-16,Prod. Sold Swine or Pork Market Formula,120810,61.42,195.25,61.42,23588152.5,1448784326.55,23973235.2,1494491482.368,294,2003,139,61.88372440861309
2003-07-18,2003-07-17,Prod. Sold Negotiated,47749,59.71,191.83,59.71,9159690.67,546925129.9057,9802434.4,592557159.48,295,2003,140,60.092541589047755
2003-07-18,2003-07-17,Prod. Sold Swine or Pork Market Formula,134551,60.84,196.64,60.84,26458108.64,1609711329.6576,23588152.5,1448784326.55,295,2003,140,61.11336964117515
2003-07-21,2003-07-18,Prod. Sold Swine or Pork Market Formula,129735,61.02,195.97,61.02,25424167.95,1551382728.309,26458108.64,1609711329.6576,301,2003,141,60.92820642677585
2003-07-21,2003-07-18,Prod. Sold Negotiated,52864,59.77,192.83,59.77,10193765.12,609281341.2224001,9159690.67,546925129.9057,301,2003,141,59.741602929928206
2003-07-22,2003-07-21,Prod. Sold Swine or Pork Market Formula,114949,61.16,194.46,61.16,22352982.54,1367108412.1464,25424167.95,1551382728.309,302,2003,142,61.08550029718192
2003-07-22,2003-07-21,Prod. Sold Negotiated,42963,60.15,191.31,60.15,8219251.53,494387979.5295,10193765.12,609281341.2224001,302,2003,142,59.9396254144972
2003-07-23,2003-07-22,Prod. Sold Swine or Pork Market Formula,121570,61.26,194.63,61.26,23661169.1,1449483219.0659995,22352982.54,1367108412.1464,303,2003,143,61.21142150459518
2003-07-23,2003-07-22,Prod. Sold Negotiated,54555,61.05,191.5,61.05,10447282.5,637806596.625,8219251.53,494387979.5295,303,2003,143,60.65371184253534
2003-07-24,2003-07-23,Prod. Sold Swine or Pork Market Formula,127942,61.38,195.13,61.38000000000001,24965322.46,1532371492.5948002,23661169.1,1449483219.0659995,304,2003,144,61.3216091887177
2003-07-24,2003-07-23,Prod. Sold Negotiated,55361,60.99,191.51,60.99,10602185.11,646627269.8589,10447282.5,637806596.625,304,2003,144,61.01977923060165
2003-07-25,2003-07-24,Prod. Sold Swine or Pork Market Formula,133203,61.11,195.89,61.11000000000001,26093135.67,1594551520.7937,24965322.46,1532371492.5948002,305,2003,145,61.242018030137885
2003-07-25,2003-07-24,Prod. Sold Negotiated,49991,60.64,191.96,60.63999999999999,9596272.36,581917955.9104,10602185.11,646627269.8589,305,2003,145,60.82371525617793
2003-07-28,2003-07-25,Prod. Sold Swine or Pork Market Formula,130360,61.05,194.96,61.05,25414985.6,1551584870.88,26093135.67,1594551520.7937,311,2003,146,61.08039497659008
2003-07-28,2003-07-25,Prod. Sold Negotiated,48600,60.09,189.05,60.09,9187830.0,552096704.7,9596272.36,581917955.9104,311,2003,146,60.37097961227253
2003-07-29,2003-07-28,Prod. Sold Negotiated,40583,60.32,191.31,60.32,7763933.73,468320482.5936,9187830.0,552096704.7,312,2003,147,60.1953403519741
2003-07-29,2003-07-28,Prod. Sold Swine or Pork Market Formula,105109,60.69,194.83,60.68999999999999,20478386.470000003,1242833274.8643,25414985.6,1551584870.88,312,2003,147,60.88936200813582
2003-07-30,2003-07-29,Prod. Sold Swine or Pork Market Formula,123802,60.65,194.44,60.65,24072060.88,1459970492.372,20478386.470000003,1242833274.8643,313,2003,148,60.66838669435493
2003-07-30,2003-07-29,Prod. Sold Negotiated,45952,60.0,189.83,60.0,8723068.16,523384089.6,7763933.73,468320482.5936,313,2003,148,60.15069196996374
2003-07-31,2003-07-30,Prod. Sold Negotiated,46496,60.01,191.18,60.01,8889105.280000001,533435207.8528001,8723068.16,523384089.6,314,2003,149,60.00504713703296
2003-07-31,2003-07-30,Prod. Sold Swine or Pork Market Formula,128403,60.5,194.75,60.5,25006484.25,1512892297.125,24072060.88,1459970492.372,314,2003,149,60.57357204909876
2003-08-01,2003-07-31,Prod. Sold Swine or Pork Market Formula,119875,60.12,195.92,60.120000000000005,23485910.0,1411972909.2,25006484.25,1512892297.125,315,2003,150,60.31595782311779
2003-08-01,2003-07-31,Prod. Sold Negotiated,46279,59.61,190.5,59.61,8816149.5,525530671.695,8889105.280000001,533435207.8528001,315,2003,150,59.81082411443277
2003-08-04,2003-08-01,Prod. Sold Swine or Pork Market Formula,133588,60.29,195.16,60.29,26071034.08,1571822644.6832,23485910.0,1411972909.2,321,2003,151,60.20943400114513
2003-08-04,2003-08-01,Prod. Sold Negotiated,47384,59.57,189.51,59.57,8979741.84,534923221.4088,8816149.5,525530671.695,321,2003,151,59.58981614594417
2003-08-05,2003-08-04,Prod. Sold Swine or Pork Market Formula,107932,59.68,192.0,59.68000000000001,20722944.0,1236745297.92,26071034.08,1571822644.6832,322,2003,152,60.01985849122747
2003-08-05,2003-08-04,Prod. Sold Negotiated,37168,59.09,190.42,59.09000000000001,7077530.56,418211280.7904,8979741.84,534923221.4088,322,2003,152,59.35843139829901
2003-08-06,2003-08-05,Prod. Sold Negotiated,41465,58.69,190.46,58.69,7897423.9,463499808.691,7077530.56,418211280.7904,323,2003,153,58.87904980523059
2003-08-06,2003-08-05,Prod. Sold Swine or Pork Market Formula,123770,59.64,193.41,59.64,23938355.7,1427683533.948,20722944.0,1236745297.92,323,2003,153,59.658560090404166
2003-08-07,2003-08-06,Prod. Sold Swine or Pork Market Formula,129177,59.28,194.75,59.28,25157220.75,1491320046.06,23938355.7,1427683533.948,324,2003,154,59.45553125301984
2003-08-07,2003-08-06,Prod. Sold Negotiated,47720,58.2,189.8,58.2,9057256.0,527132299.2000001,7897423.9,463499808.691,324,2003,154,58.42824009263661
2003-08-08,2003-08-07,Prod. Sold Negotiated,44702,58.33,190.73,58.33,8526012.459999999,497322306.7917999,9057256.0,527132299.2000001,325,2003,155,58.26303615407576
2003-08-08,2003-08-07,Prod. Sold Swine or Pork Market Formula,127429,59.44,195.36,59.44,24894529.44,1479730829.9136,25157220.75,1491320046.06,325,2003,155,59.35958012847263
2003-08-11,2003-08-08,Prod. Sold Swine or Pork Market Formula,143573,60.05,195.33,60.05,28044114.090000004,1684049051.1045,24894529.44,1479730829.9136,331,2003,156,59.7631459753064
2003-08-11,2003-08-08,Prod. Sold Negotiated,52636,59.11,190.33,59.11,10018209.88,592176386.0068,8526012.459999999,497322306.7917999,331,2003,156,58.75138211908432
2003-08-12,2003-08-11,Prod. Sold Swine or Pork Market Formula,125484,59.89,194.85,59.89,24450557.4,1464343882.686,28044114.090000004,1684049051.1045,332,2003,157,59.975476451743376
2003-08-12,2003-08-11,Prod. Sold Negotiated,33307,59.14,192.11,59.14,6398607.7700000005,378413663.5178,10018209.88,592176386.0068,332,2003,157,59.12169277975747
2003-08-13,2003-08-12,Prod. Sold Swine or Pork Market Formula,132060,60.21,193.84,60.21000000000001,25598510.4,1541286311.1840005,24450557.4,1464343882.686,333,2003,158,60.05366984817248
2003-08-13,2003-08-12,Prod. Sold Negotiated,43055,59.12,188.86,59.12,8131367.3,480726434.776,6398607.7700000005,378413663.5178,333,2003,158,59.128807458704074
2003-08-14,2003-08-13,Prod. Sold Negotiated,46118,59.03,190.75,59.03,8797008.5,519287411.755,8131367.3,480726434.776,334,2003,159,59.073230553577375
2003-08-14,2003-08-13,Prod. Sold Swine or Pork Market Formula,130860,60.46,194.04,60.46,25392074.4,1535204818.224,25598510.4,1541286311.1840005,334,2003,159,60.3344939359864
2003-08-15,2003-08-14,Prod. Sold Swine or Pork Market Formula,122457,60.34,195.21,60.34,23904830.970000003,1442417500.7298002,25392074.4,1535204818.224,335,2003,160,60.40181014619742
2003-08-15,2003-08-14,Prod. Sold Negotiated,45390,58.89,189.38,58.89,8595958.2,506215978.398,8797008.5,519287411.755,335,2003,160,58.96080915011468
2003-08-18,2003-08-15,Prod. Sold Negotiated,79443,59.45,191.36,59.45,15202212.48,903771531.936,8595958.2,506215978.398,341,2003,161,59.24772661282552
2003-08-18,2003-08-15,Prod. Sold Swine or Pork Market Formula,138887,59.77,194.35,59.77,26992688.45,1613352988.6565,23904830.970000003,1442417500.7298002,341,2003,161,60.03770958208124
2003-08-19,2003-08-18,Prod. Sold Swine or Pork Market Formula,115691,59.05,195.58,59.05,22626845.78,1336115243.309,26992688.45,1613352988.6565,342,2003,162,59.44167509299693
2003-08-19,2003-08-18,Prod. Sold Negotiated,29992,58.43,191.6,58.43,5746467.2,335766078.496,15202212.48,903771531.936,342,2003,162,59.17020210182526
2003-08-20,2003-08-19,Prod. Sold Negotiated,44172,56.86,191.3,56.86,8450103.6,480472890.696,5746467.2,335766078.496,343,2003,163,57.49550230764178
2003-08-20,2003-08-19,Prod. Sold Swine or Pork Market Formula,136102,58.3,194.25,58.3,26437813.5,1541324527.05,22626845.78,1336115243.309,343,2003,163,58.64587286621426
2003-08-21,2003-08-20,Prod. Sold Negotiated,40475,55.73,190.81,55.72999999999999,7723034.75,430404726.6175,8450103.6,480472890.696,344,2003,164,56.32039976418677
2003-08-21,2003-08-20,Prod. Sold Swine or Pork Market Formula,141043,57.54,194.07,57.54,27372215.01,1574997251.6753998,26437813.5,1541324527.05,344,2003,164,57.91340136804176
2003-08-22,2003-08-21,Prod. Sold Negotiated,46686,55.52,190.64,55.52,8900219.04,494140161.1008,7723034.75,430404726.6175,345,2003,165,55.61756437084992
2003-08-22,2003-08-21,Prod. Sold Swine or Pork Market Formula,138898,56.69,195.46,56.69,27149003.08,1539076984.6052,27372215.01,1574997251.6753998,345,2003,165,57.11673996608243
2003-08-25,2003-08-22,Prod. Sold Swine or Pork Market Formula,139640,56.48,193.88,56.48,27073403.2,1529105812.7359998,27149003.08,1539076984.6052,351,2003,166,56.58514639681166
2003-08-25,2003-08-22,Prod. Sold Negotiated,50098,54.79,190.29,54.79,9533148.42,522321201.9318,8900219.04,494140161.1008,351,2003,166,55.14246733475576
2003-08-26,2003-08-25,Prod. Sold Negotiated,42541,53.85,188.06,53.85,8000260.46,430814025.771,9533148.42,522321201.9318,352,2003,167,54.36109054583344
2003-08-26,2003-08-25,Prod. Sold Swine or Pork Market Formula,139648,55.5,194.61,55.49999999999999,27176897.28,1508317799.04,27073403.2,1529105812.7359998,352,2003,167,55.98906521993885
2003-08-27,2003-08-26,Prod. Sold Negotiated,46680,53.0,190.82,53.0,8907477.6,472096312.8,8000260.46,430814025.771,353,2003,168,53.40219580921282
2003-08-27,2003-08-26,Prod. Sold Swine or Pork Market Formula,144808,54.94,192.65,54.94,27897261.2,1532675530.3279998,27176897.28,1508317799.04,353,2003,168,55.21633763087504
2003-08-28,2003-08-27,Prod. Sold Negotiated,44252,52.15,190.54,52.15,8431776.08,439717122.572,8907477.6,472096312.8,354,2003,169,52.58665985282476
2003-08-28,2003-08-27,Prod. Sold Swine or Pork Market Formula,130313,54.33,193.61,54.33,25229899.930000003,1370740463.1969,27897261.2,1532675530.3279998,354,2003,169,54.65031316882073
2003-08-29,2003-08-28,Prod. Sold Negotiated,41718,51.16,186.84,51.16,7794591.12,398771281.6992,8431776.08,439717122.572,355,2003,170,51.674437903217175
2003-08-29,2003-08-28,Prod. Sold Swine or Pork Market Formula,130824,53.39,193.93,53.39,25370698.32,1354541583.3048,25229899.930000003,1370740463.1969,355,2003,170,53.858692204329834
2003-09-02,2003-08-29,Prod. Sold Negotiated,57144,50.71,190.22,50.71,10869931.68,551214235.4928,7794591.12,398771281.6992,362,2003,171,50.897926905047896
2003-09-02,2003-08-29,Prod. Sold Swine or Pork Market Formula,142123,53.07,194.07,53.07,27581810.61,1463766689.0727,25370698.32,1354541583.3048,362,2003,171,53.22331895742905
2003-09-03,2003-09-02,Prod. Sold Swine or Pork Market Formula,132352,52.51,193.32,52.50999999999999,25586288.64,1343536016.4864,27581810.61,1463766689.0727,363,2003,172,52.800509048837206
2003-09-03,2003-09-02,Prod. Sold Negotiated,42250,49.91,189.67,49.91,8013557.499999998,399956654.8249999,10869931.68,551214235.4928,363,2003,172,50.370505220254
2003-09-04,2003-09-03,Prod. Sold Negotiated,40343,48.81,190.05,48.81,7667187.15,374235404.7915,8013557.499999998,399956654.8249999,364,2003,173,49.37214889322874
2003-09-04,2003-09-03,Prod. Sold Swine or Pork Market Formula,137925,51.8,193.34,51.8,26666419.5,1381320530.1,25586288.64,1343536016.4864,364,2003,173,52.14766169220794
2003-09-05,2003-09-04,Prod. Sold Swine or Pork Market Formula,134040,51.68,195.09,51.68,26149863.6,1351424950.848,26666419.5,1381320530.1,365,2003,174,51.740586814372016
2003-09-05,2003-09-04,Prod. Sold Negotiated,44501,49.37,189.91,49.37,8451184.91,417234999.0067,7667187.15,374235404.7915,365,2003,174,49.103619202484154
2003-09-08,2003-09-05,Prod. Sold Swine or Pork Market Formula,205141,52.41,194.56,52.41,39912232.96,2091800129.4336,26149863.6,1351424950.848,371,2003,175,52.12103853159334
2003-09-08,2003-09-05,Prod. Sold Negotiated,102355,50.96,193.04,50.96,19758609.2,1006898724.832,8451184.91,417234999.0067,371,2003,175,50.48366245728335
2003-09-09,2003-09-08,Prod. Sold Swine or Pork Market Formula,127881,52.93,192.99,52.93,24679754.19,1306299389.2767,39912232.96,2091800129.4336,372,2003,176,52.60868520454397
2003-09-09,2003-09-08,Prod. Sold Negotiated,43387,52.75,190.64,52.75,8271297.68,436310952.62,19758609.2,1006898724.832,372,2003,176,51.48820806400054
2003-09-10,2003-09-09,Prod. Sold Swine or Pork Market Formula,137878,54.4,194.03,54.4,26752468.34,1455334277.696,24679754.19,1306299389.2767,373,2003,177,53.69462043686448
2003-09-10,2003-09-09,Prod. Sold Negotiated,45588,53.78,191.92,53.78,8749248.959999999,470534609.0688,8271297.68,436310952.62,373,2003,177,53.27946163360121
2003-09-11,2003-09-10,Prod. Sold Negotiated,50074,55.76,193.75,55.76,9701837.5,540974459.0,8749248.959999999,470534609.0688,374,2003,178,54.82111149723592
2003-09-11,2003-09-10,Prod. Sold Swine or Pork Market Formula,133386,56.06,194.26,56.06,25911564.36,1452602298.0216,26752468.34,1455334277.696,374,2003,178,55.216747116245806
2003-09-12,2003-09-11,Prod. Sold Negotiated,45601,57.54,191.7,57.54,8741711.7,502998091.218,9701837.5,540974459.0,375,2003,179,56.603668789410655
2003-09-12,2003-09-11,Prod. Sold Swine or Pork Market Formula,137324,57.56,195.93,57.56,26905891.32,1548703104.3792,25911564.36,1452602298.0216,375,2003,179,56.82411929466118
2003-09-15,2003-09-12,Prod. Sold Negotiated,58850,58.63,191.89,58.63,11292726.5,662092554.695,8741711.7,502998091.218,381,2003,180,58.15439566021872
2003-09-15,2003-09-12,Prod. Sold Swine or Pork Market Formula,147596,59.39,194.15,59.39,28655763.4,1701865788.3260002,26905891.32,1548703104.3792,381,2003,180,58.503817229459216
2003-09-16,2003-09-15,Prod. Sold Swine or Pork Market Formula,123971,60.09,194.36,60.09,24095003.56,1447868763.9204,28655763.4,1701865788.3260002,382,2003,181,59.70973947421066
2003-09-16,2003-09-15,Prod. Sold Negotiated,48047,59.17,191.68,59.17,9209648.96,544934928.9632001,11292726.5,662092554.695,382,2003,181,58.87256752336347
2003-09-17,2003-09-16,Prod. Sold Negotiated,42059,59.68,190.32,59.68,8004668.88,477718638.7584,9209648.96,544934928.9632001,383,2003,182,59.40715032839199
2003-09-17,2003-09-16,Prod. Sold Swine or Pork Market Formula,134797,60.41,194.9,60.41,26271935.3,1587087611.473,24095003.56,1447868763.9204,383,2003,182,60.2569154307624
2003-09-18,2003-09-17,Prod. Sold Negotiated,39992,59.13,192.9,59.13,7714456.8,456155830.584,8004668.88,477718638.7584,384,2003,183,59.4100771476496
2003-09-18,2003-09-17,Prod. Sold Swine or Pork Market Formula,119903,60.84,195.21,60.84,23406264.630000003,1424037140.0892005,26271935.3,1587087611.473,384,2003,183,60.612597795513565
2003-09-19,2003-09-18,Prod. Sold Swine or Pork Market Formula,122065,60.93,196.5,60.93,23985772.5,1461453118.425,23406264.630000003,1424037140.0892005,385,2003,184,60.885550258138906
2003-09-19,2003-09-18,Prod. Sold Negotiated,42502,59.79,192.45,59.79,8179509.8999999985,489052896.921,7714456.8,456155830.584,385,2003,184,59.46965570935794
2003-09-22,2003-09-19,Prod. Sold Negotiated,60290,60.57,194.58,60.57000000000001,11731228.2,710560492.0740001,8179509.8999999985,489052896.921,391,2003,185,60.249568999905634
2003-09-22,2003-09-19,Prod. Sold Swine or Pork Market Formula,157440,61.49,196.45,61.49,30929088.0,1901829621.12,23985772.5,1461453118.425,391,2003,185,61.24540259088886
2003-09-23,2003-09-22,Prod. Sold Swine or Pork Market Formula,125668,61.79,196.59,61.79,24705072.12,1526526406.2948,30929088.0,1901829621.12,392,2003,186,61.62321890040244
2003-09-23,2003-09-22,Prod. Sold Negotiated,44438,60.65,190.91,60.65,8483658.58,514533892.877,11731228.2,710560492.0740001,392,2003,186,60.60357390490416
2003-09-24,2003-09-23,Prod. Sold Negotiated,41125,60.83,193.4,60.83,7953575.0,483815967.25,8483658.58,514533892.877,393,2003,187,60.737097594192605
2003-09-24,2003-09-23,Prod. Sold Swine or Pork Market Formula,136587,61.85,195.96,61.85,26765588.52,1655451649.962,24705072.12,1526526406.2948,393,2003,187,61.821200985012254
2003-09-25,2003-09-24,Prod. Sold Negotiated,41920,60.67,192.88,60.67,8085529.6,490549080.832,7953575.0,483815967.25,394,2003,188,60.74934183557853
2003-09-25,2003-09-24,Prod. Sold Swine or Pork Market Formula,142892,61.79,195.8,61.79,27978253.6,1728776289.944,26765588.52,1655451649.962,394,2003,188,61.819335451239965
2003-09-26,2003-09-25,Prod. Sold Swine or Pork Market Formula,131223,60.96,196.68,60.96,25808939.64,1573312960.4544,27978253.6,1728776289.944,395,2003,189,61.39173753990812
2003-09-26,2003-09-25,Prod. Sold Negotiated,45123,60.0,191.75,60.0,8652335.25,519140115.0,8085529.6,490549080.832,395,2003,189,60.32365566818399
2003-09-29,2003-09-26,Prod. Sold Negotiated,71167,59.35,194.79,59.35,13862619.93,822746492.8455,8652335.25,519140115.0,401,2003,190,59.59979032236741
2003-09-29,2003-09-26,Prod. Sold Swine or Pork Market Formula,170064,60.3,196.1,60.3,33349550.4,2010977889.12,25808939.64,1573312960.4544,401,2003,190,60.58793669599888
2003-09-30,2003-09-29,Prod. Sold Negotiated,39597,58.48,192.13,58.48,7607771.6099999985,444902483.7527999,13862619.93,822746492.8455,402,2003,191,59.04172610157719
2003-09-30,2003-09-29,Prod. Sold Swine or Pork Market Formula,137681,59.08,195.95,59.08,26978591.95,1593895212.406,33349550.4,2010977889.12,402,2003,191,59.75441910032558
2003-10-01,2003-09-30,Prod. Sold Negotiated,45034,56.84,193.01,56.84,8692012.34,494053981.4056,7607771.6099999985,444902483.7527999,403,2003,192,57.60545465134217
2003-10-01,2003-09-30,Prod. Sold Swine or Pork Market Formula,133681,58.56,197.47,58.56,26397987.07,1545866122.8192,26978591.95,1593895212.406,403,2003,192,58.822828155561325
2003-10-02,2003-10-01,Prod. Sold Negotiated,46718,56.28,193.66,56.28,9047407.88,509188115.4864,8692012.34,494053981.4056,404,2003,193,56.55439041693776
2003-10-02,2003-10-01,Prod. Sold Swine or Pork Market Formula,138930,57.61,196.71,57.61,27328920.3,1574419098.483,26397987.07,1545866122.8192,404,2003,193,58.0767696121758
2003-10-03,2003-10-02,Prod. Sold Swine or Pork Market Formula,134337,56.63,198.75,56.63,26699478.75,1511991481.6125,27328920.3,1574419098.483,405,2003,194,57.12570859705124
2003-10-03,2003-10-02,Prod. Sold Negotiated,44904,55.43,194.38,55.43,8728439.52,483817402.5936,9047407.88,509188115.4864,405,2003,194,55.862626165433895
2003-10-06,2003-10-03,Prod. Sold Negotiated,69623,54.94,195.36,54.94,13601549.28,747269117.4432,8728439.52,483817402.5936,411,2003,195,55.131533251678114
2003-10-06,2003-10-03,Prod. Sold Swine or Pork Market Formula,189600,56.19,197.52,56.19,37449792.0,2104303812.48,26699478.75,1511991481.6125,411,2003,195,56.37313178797905
2003-10-07,2003-10-06,Prod. Sold Swine or Pork Market Formula,130875,55.62,197.67,55.62,25870061.25,1438892806.725,37449792.0,2104303812.48,412,2003,196,55.95711988174894
2003-10-07,2003-10-06,Prod. Sold Negotiated,41277,54.07,194.81,54.07,8041172.37,434786190.0459,13601549.28,747269117.4432,412,2003,196,54.61675877022148
2003-10-08,2003-10-07,Prod. Sold Swine or Pork Market Formula,138868,55.47,197.04,55.46999999999999,27362550.72,1517800688.4383998,25870061.25,1438892806.725,413,2003,197,55.54289721552057
2003-10-08,2003-10-07,Prod. Sold Negotiated,40483,53.94,193.89,53.94,7849248.869999998,423388484.0478,8041172.37,434786190.0459,413,2003,197,54.00578506587784
2003-10-09,2003-10-08,Prod. Sold Swine or Pork Market Formula,131417,55.13,197.21,55.13000000000001,25916746.57,1428790238.4041002,27362550.72,1517800688.4383998,414,2003,198,55.30461317468513
2003-10-09,2003-10-08,Prod. Sold Negotiated,38526,53.7,196.65,53.7,7576137.9,406838605.23,7849248.869999998,423388484.0478,414,2003,198,53.82212463498573
2003-10-10,2003-10-09,Prod. Sold Swine or Pork Market Formula,133065,54.71,198.56,54.71,26421386.4,1445514049.944,25916746.57,1428790238.4041002,415,2003,199,54.91797519784742
2003-10-10,2003-10-09,Prod. Sold Negotiated,40217,53.62,195.31,53.62,7854782.27,421173425.3174,7576137.9,406838605.23,415,2003,199,53.65927769862864
2003-10-13,2003-10-10,Prod. Sold Negotiated,76105,53.84,197.09,53.84,14999534.45,807574934.7880001,7854782.27,421173425.3174,421,2003,200,53.764388371764895
2003-10-13,2003-10-10,Prod. Sold Swine or Pork Market Formula,168428,54.77,198.7,54.77,33466643.6,1832968069.972,26421386.4,1445514049.944,421,2003,200,54.74352921470284
2003-10-14,2003-10-13,Prod. Sold Negotiated,37578,52.92,195.99,52.92,7364912.22,389751154.6824001,14999534.45,807574934.7880001,422,2003,201,53.53703166179877
2003-10-14,2003-10-13,Prod. Sold Swine or Pork Market Formula,124034,54.56,197.37,54.56,24480590.58,1335661022.0448,33466643.6,1832968069.972,422,2003,201,54.68128266785209
2003-10-15,2003-10-14,Prod. Sold Negotiated,39407,52.92,194.42,52.92,7661508.939999999,405447053.1048,7364912.22,389751154.6824001,423,2003,202,52.92
2003-10-15,2003-10-14,Prod. Sold Swine or Pork Market Formula,124577,54.49,197.88,54.49,24651296.76,1343249160.4524,24480590.58,1335661022.0448,423,2003,202,54.52487839432549
2003-10-16,2003-10-15,Prod. Sold Negotiated,45932,52.39,195.58,52.39,8983380.56,470639307.53840005,7661508.939999999,405447053.1048,424,2003,203,52.63395474287769
2003-10-16,2003-10-15,Prod. Sold Swine or Pork Market Formula,122576,54.43,198.69,54.43000000000001,24354625.44,1325622262.6992002,24651296.76,1343249160.4524,424,2003,203,54.460181613552
2003-10-17,2003-10-16,Prod. Sold Negotiated,43500,52.66,197.54,52.66,8592990.0,452506853.4,8983380.56,470639307.53840005,425,2003,204,52.5220015012246
2003-10-17,2003-10-16,Prod. Sold Swine or Pork Market Formula,138301,54.16,199.75,54.15999999999999,27625624.75,1496203836.4599998,24354625.44,1325622262.6992002,425,2003,204,54.286504756032606
2003-10-20,2003-10-17,Prod. Sold Swine or Pork Market Formula,214428,54.39,201.2,54.38999999999999,43142913.6,2346543070.7039995,27625624.75,1496203836.4599998,431,2003,205,54.300215841097696
2003-10-20,2003-10-17,Prod. Sold Negotiated,82633,53.05,198.43,53.05,16396866.19,869853751.3795,8592990.0,452506853.4,431,2003,205,52.91589494255109
2003-10-21,2003-10-20,Prod. Sold Swine or Pork Market Formula,147762,54.22,199.4,54.22,29463742.8,1597524134.616,43142913.6,2346543070.7039995,432,2003,206,54.321014089832126
2003-10-21,2003-10-20,Prod. Sold Negotiated,50411,53.06,196.84,53.06,9922901.24,526509139.7944,16396866.19,869853751.3795,432,2003,206,53.053770132569134
2003-10-22,2003-10-21,Prod. Sold Negotiated,47948,52.73,196.09,52.73,9402123.32,495773962.6636,9922901.24,526509139.7944,433,2003,207,52.89944648111742
2003-10-22,2003-10-21,Prod. Sold Swine or Pork Market Formula,144626,54.39,199.12,54.39,28797929.12,1566319364.8368,29463742.8,1597524134.616,433,2003,207,54.30402862103103
2003-10-23,2003-10-22,Prod. Sold Swine or Pork Market Formula,145655,53.49,199.91,53.49,29117891.05,1557515992.2645,28797929.12,1566319364.8368,434,2003,208,53.93751392852458
2003-10-23,2003-10-22,Prod. Sold Negotiated,50202,51.8,198.9,51.8,9985177.8,517232210.04,9402123.32,495773962.6636,434,2003,208,52.25101557114515
2003-10-24,2003-10-23,Prod. Sold Negotiated,42056,50.64,195.08,50.64,8204284.48,415464966.0672,9985177.8,517232210.04,435,2003,209,51.27678662236957
2003-10-24,2003-10-23,Prod. Sold Swine or Pork Market Formula,147861,52.42,200.16,52.42,29595857.76,1551414863.7791998,29117891.05,1557515992.2645,435,2003,209,52.95064476472662
2003-10-27,2003-10-24,Prod. Sold Negotiated,73941,49.72,198.85,49.72,14703167.85,731041505.502,8204284.48,415464966.0672,441,2003,210,50.04949721395754
2003-10-27,2003-10-24,Prod. Sold Swine or Pork Market Formula,203609,51.15,200.4,51.15,40803243.6,2087085910.14,29595857.76,1551414863.7791998,441,2003,210,51.683909362890766
2003-10-28,2003-10-27,Prod. Sold Swine or Pork Market Formula,133970,49.94,199.85,49.94,26773904.5,1337088790.73,40803243.6,2087085910.14,442,2003,211,50.67060089311464
2003-10-28,2003-10-27,Prod. Sold Negotiated,43349,49.32,197.65,49.32,8567929.85,422570300.202,14703167.85,731041505.502,442,2003,211,49.5727283936417
2003-10-29,2003-10-28,Prod. Sold Swine or Pork Market Formula,145674,49.81,199.49,49.81,29060506.26,1447503816.8106,26773904.5,1337088790.73,443,2003,212,49.87233803737914
2003-10-29,2003-10-28,Prod. Sold Negotiated,49689,48.19,197.67,48.19,9822024.63,473323366.9196999,8567929.85,422570300.202,443,2003,212,48.716470075879165
2003-10-30,2003-10-29,Prod. Sold Swine or Pork Market Formula,141454,49.28,199.83,49.28,28266752.82,1392985578.9696,29060506.26,1447503816.8106,444,2003,213,49.54866919097434
2003-10-30,2003-10-29,Prod. Sold Negotiated,46100,46.83,198.23,46.83,9138403.0,427951412.49,9822024.63,473323366.9196999,444,2003,213,47.53451752236138
2003-10-31,2003-10-30,Prod. Sold Swine or Pork Market Formula,141237,48.92,201.13,48.92,28406997.81,1389670332.8652,28266752.82,1392985578.9696,445,2003,214,49.099554571597615
2003-10-31,2003-10-30,Prod. Sold Negotiated,49732,46.78,197.3,46.78,9812123.6,459011142.0080001,9138403.0,427951412.49,445,2003,214,46.80411121124202
2003-11-03,2003-10-31,Prod. Sold Negotiated,96372,47.33,198.88,47.33,19166463.36,907148710.8288,9812123.6,459011142.0080001,451,2003,215,47.14377049241742
2003-11-03,2003-10-31,Prod. Sold Swine or Pork Market Formula,195428,48.94,200.43,48.94,39169634.04,1916961889.9176,28406997.81,1389670332.8652,451,2003,215,48.931592656504975
2003-11-04,2003-11-03,Prod. Sold Negotiated,39542,47.58,197.19,47.58,7797286.979999999,370994914.5084,19166463.36,907148710.8288,452,2003,216,47.40229416236317
2003-11-04,2003-11-03,Prod. Sold Swine or Pork Market Formula,138006,48.85,200.13,48.85,27619140.78,1349195027.1030002,39169634.04,1916961889.9176,452,2003,216,48.902782328663776
2003-11-05,2003-11-04,Prod. Sold Swine or Pork Market Formula,135091,49.06,200.86,49.06,27134378.26,1331212597.4356,27619140.78,1349195027.1030002,453,2003,217,48.95407037820596
2003-11-05,2003-11-04,Prod. Sold Negotiated,43462,47.88,196.25,47.88,8529417.5,408388509.9,7797286.979999999,370994914.5084,453,2003,217,47.73672637752062
2003-11-06,2003-11-05,Prod. Sold Negotiated,41402,48.62,196.7,48.62,8143773.3999999985,395950262.708,8529417.5,408388509.9,454,2003,218,48.24144205102336
2003-11-06,2003-11-05,Prod. Sold Swine or Pork Market Formula,140969,49.89,200.06,49.89,28202258.14,1407010658.6046,27134378.26,1331212597.4356,454,2003,218,49.48300862103357
2003-11-07,2003-11-06,Prod. Sold Negotiated,39546,48.33,198.49,48.33,7849485.54,379365636.1482,8143773.3999999985,395950262.708,455,2003,219,48.47766810784845
2003-11-07,2003-11-06,Prod. Sold Swine or Pork Market Formula,132049,50.2,201.72,50.2,26636924.28,1337173598.8560002,28202258.14,1407010658.6046,455,2003,219,50.04057566802433
2003-11-10,2003-11-07,Prod. Sold Negotiated,82208,48.7,199.85,48.7,16429268.8,800105390.56,7849485.54,379365636.1482,461,2003,220,48.58037649670457
2003-11-10,2003-11-07,Prod. Sold Swine or Pork Market Formula,222889,50.71,201.47,50.71,44905446.83,2277155208.7493,26636924.28,1337173598.8560002,461,2003,220,50.52011488475952
2003-11-11,2003-11-10,Prod. Sold Negotiated,39073,49.36,198.63,49.35999999999999,7761069.99,383086414.7064,16429268.8,800105390.56,462,2003,221,48.911750080801575
2003-11-11,2003-11-10,Prod. Sold Swine or Pork Market Formula,133475,51.09,200.43,51.09,26752394.25,1366779822.2325,44905446.83,2277155208.7493,462,2003,221,50.85186737503926
2003-11-12,2003-11-11,Prod. Sold Swine or Pork Market Formula,136590,50.94,199.78,50.94,27287950.2,1390048183.188,26752394.25,1366779822.2325,463,2003,222,51.01425672760492
2003-11-12,2003-11-11,Prod. Sold Negotiated,37201,49.04,199.06,49.040000000000006,7405231.06,363152531.1824001,7761069.99,383086414.7064,463,2003,222,49.20375399569165
2003-11-13,2003-11-12,Prod. Sold Swine or Pork Market Formula,141311,50.62,199.46,50.61999999999999,28185892.06,1426769856.0772,27287950.2,1390048183.188,464,2003,223,50.77741011814312
2003-11-13,2003-11-12,Prod. Sold Negotiated,46300,49.06,197.21,49.06,9130823.0,447958176.38,7405231.06,363152531.1824001,464,2003,223,49.05104353307853
2003-11-14,2003-11-13,Prod. Sold Negotiated,41286,49.35,195.81,49.35,8084211.66,398955845.421,9130823.0,447958176.38,465,2003,224,49.19618452868104
2003-11-14,2003-11-13,Prod. Sold Swine or Pork Market Formula,136501,50.48,200.61,50.48,27383465.610000003,1382317343.9928,28185892.06,1426769856.0772,465,2003,224,50.55101080620426
2003-11-17,2003-11-14,Prod. Sold Negotiated,79039,48.72,199.09,48.72,15735874.51,766651806.1272,8084211.66,398955845.421,471,2003,225,48.933813388811934
2003-11-17,2003-11-14,Prod. Sold Swine or Pork Market Formula,210429,49.79,201.59,49.79,42420382.11,2112110825.2569,27383465.610000003,1382317343.9928,471,2003,225,50.060681228729536
2003-11-18,2003-11-17,Prod. Sold Swine or Pork Market Formula,134291,49.21,200.27,49.21,26894458.57,1323476306.2297,42420382.11,2112110825.2569,472,2003,226,49.564957486483834
2003-11-18,2003-11-17,Prod. Sold Negotiated,51876,47.59,198.24,47.59,10283898.24,489410717.2416,15735874.51,766651806.1272,472,2003,226,48.27338560705916
2003-11-19,2003-11-18,Prod. Sold Swine or Pork Market Formula,135932,49.54,200.09,49.54,27198633.88,1347420322.4152,26894458.57,1323476306.2297,473,2003,227,49.375927825048954
2003-11-19,2003-11-18,Prod. Sold Negotiated,43224,47.68,197.38,47.68,8531553.12,406784452.7616,10283898.24,489410717.2416,473,2003,227,47.63080900139512
2003-11-20,2003-11-19,Prod. Sold Negotiated,40892,47.9,197.92,47.9,8093344.64,387671208.256,8531553.12,406784452.7616,474,2003,228,47.78710055763976
2003-11-20,2003-11-19,Prod. Sold Swine or Pork Market Formula,138500,49.76,200.22,49.760000000000005,27730470.0,1379868187.2,27198633.88,1347420322.4152,474,2003,228,49.65106504510484
2003-11-21,2003-11-20,Prod. Sold Negotiated,40860,47.8,197.77,47.8,8080882.2,386266169.16,8093344.64,387671208.256,475,2003,229,47.85003852561276
2003-11-21,2003-11-20,Prod. Sold Swine or Pork Market Formula,136255,49.85,200.11,49.85,27265988.05,1359209504.2925,27730470.0,1379868187.2,475,2003,229,49.80461994483844
2003-11-24,2003-11-21,Prod. Sold Negotiated,77448,48.36,200.76,48.36,15548460.48,751923548.8127998,8080882.2,386266169.16,481,2003,230,48.168488365788086
2003-11-24,2003-11-21,Prod. Sold Swine or Pork Market Formula,209962,49.75,200.21,49.75,42036492.02,2091315477.995,27265988.05,1359209504.2925,481,2003,230,49.78934345209935
2003-11-25,2003-11-24,Prod. Sold Negotiated,39700,48.45,196.15,48.45,7787155.0,377287659.75,15548460.48,751923548.8127998,482,2003,231,48.390033231846864
2003-11-25,2003-11-24,Prod. Sold Swine or Pork Market Formula,126340,49.22,201.16,49.22,25414554.4,1250904367.5679998,42036492.02,2091315477.995,482,2003,231,49.550303856694406
2003-11-26,2003-11-25,Prod. Sold Negotiated,37278,48.26,196.19,48.26,7313570.82,352952927.7732,7787155.0,377287659.75,483,2003,232,48.35797935990868
2003-11-26,2003-11-25,Prod. Sold Swine or Pork Market Formula,143259,49.34,199.9,49.34,28637474.1,1412972972.094,25414554.4,1250904367.5679998,483,2003,232,49.283577574928565
2003-11-28,2003-11-26,Prod. Sold Swine or Pork Market Formula,135565,49.31,200.04,49.31,27118422.6,1337209418.406,28637474.1,1412972972.094,485,2003,233,49.32540867018286
2003-11-28,2003-11-26,Prod. Sold Negotiated,36524,48.06,197.23,48.06,7203628.52,346206386.6712,7313570.82,352952927.7732,485,2003,233,48.160757324449605
2003-12-01,2003-11-28,Prod. Sold Swine or Pork Market Formula,257876,49.61,202.37,49.61,52186366.120000005,2588965623.2132,27118422.6,1337209418.406,491,2003,234,49.50741443220126
2003-12-01,2003-11-28,Prod. Sold Negotiated,76580,48.62,199.39,48.62,15269286.2,742392695.0439998,7203628.52,346206386.6712,491,2003,234,48.440493602122295
2003-12-02,2003-12-01,Prod. Sold Swine or Pork Market Formula,132326,49.86,201.26,49.86,26631930.76,1327868067.6936,52186366.120000005,2588965623.2132,492,2003,235,49.69447255210471
2003-12-02,2003-12-01,Prod. Sold Negotiated,35841,48.75,199.4,48.75,7146695.4,348401400.75,15269286.2,742392695.0439998,492,2003,235,48.661446786430254
2003-12-03,2003-12-02,Prod. Sold Negotiated,40045,48.74,198.62,48.74,7953737.9,387665185.24600005,7146695.4,348401400.75,493,2003,236,48.744732775052235
2003-12-03,2003-12-02,Prod. Sold Swine or Pork Market Formula,133506,49.94,201.59,49.94,26913474.54,1344058918.5275998,26631930.76,1327868067.6936,493,2003,236,49.90021032152315
2003-12-04,2003-12-03,Prod. Sold Swine or Pork Market Formula,135283,50.26,200.58,50.26,27135064.14,1363808323.6764,26913474.54,1344058918.5275998,494,2003,237,50.10065597214773
2003-12-04,2003-12-03,Prod. Sold Negotiated,34078,48.92,197.53,48.92,6731427.34,329301425.4728,7953737.9,387665185.24600005,494,2003,237,48.82250890619192
2003-12-05,2003-12-04,Prod. Sold Negotiated,29024,48.93,198.78,48.93,5769390.72,282296287.9296,6731427.34,329301425.4728,495,2003,238,48.92461521053448
2003-12-05,2003-12-04,Prod. Sold Swine or Pork Market Formula,135387,50.36,201.73,50.36,27311619.51,1375413158.5236,27135064.14,1363808323.6764,495,2003,238,50.31016213601836
2003-12-08,2003-12-05,Prod. Sold Swine or Pork Market Formula,205418,50.48,202.29,50.48,41554007.22,2097646284.4656,27311619.51,1375413158.5236,501,2003,239,50.43240885044074
2003-12-08,2003-12-05,Prod. Sold Negotiated,70031,49.34,199.9,49.34000000000001,13999196.9,690720375.0460001,5769390.72,282296287.9296,501,2003,239,49.220342984503006
2003-12-09,2003-12-08,Prod. Sold Negotiated,38547,48.6,200.21,48.6,7717494.87,375070250.682,13999196.9,690720375.0460001,502,2003,240,49.07702503750184
2003-12-09,2003-12-08,Prod. Sold Swine or Pork Market Formula,133148,50.41,201.4,50.41,26816007.2,1351794922.952,41554007.22,2097646284.4656,502,2003,240,50.45254468175962
2003-12-10,2003-12-09,Prod. Sold Swine or Pork Market Formula,139187,50.74,200.87,50.74,27958492.69,1418613919.0906,26816007.2,1351794922.952,503,2003,241,50.57844156690117
2003-12-10,2003-12-09,Prod. Sold Negotiated,41445,48.8,197.43,48.8,8182486.35,399305333.88,7717494.87,375070250.682,503,2003,241,48.70292447817118
2003-12-11,2003-12-10,Prod. Sold Negotiated,33573,48.85,196.4,48.85,6593737.2,322104062.22,8182486.35,399305333.88,504,2003,242,48.822311983768
2003-12-11,2003-12-10,Prod. Sold Swine or Pork Market Formula,133948,50.63,200.18,50.63,26813710.64,1357578169.7032,27958492.69,1418613919.0906,504,2003,242,50.68614954317925
2003-12-12,2003-12-11,Prod. Sold Swine or Pork Market Formula,138754,50.31,201.04,50.31,27895104.16,1403402690.2896,26813710.64,1357578169.7032,505,2003,243,50.46683738417964
2003-12-12,2003-12-11,Prod. Sold Negotiated,35015,48.91,196.34,48.91,6874845.100000001,336248673.841,6593737.2,322104062.22,505,2003,243,48.88062614140168
2003-12-15,2003-12-12,Prod. Sold Swine or Pork Market Formula,227240,50.02,202.11,50.02,45927476.400000006,2297292369.5280004,27895104.16,1403402690.2896,511,2003,244,50.12958137936976
2003-12-15,2003-12-12,Prod. Sold Negotiated,79628,49.32,198.59,49.32000000000001,15813324.52,779913165.3264,6874845.100000001,336248673.841,511,2003,244,49.195764041868095
2003-12-16,2003-12-15,Prod. Sold Swine or Pork Market Formula,124763,49.93,200.75,49.92999999999999,25046172.25,1250555380.4425,45927476.400000006,2297292369.5280004,512,2003,245,49.98823954319136
2003-12-16,2003-12-15,Prod. Sold Negotiated,30335,49.59,196.45,49.59,5959310.75,295522220.09250003,15813324.52,779913165.3264,512,2003,245,49.393900742034525
2003-12-17,2003-12-16,Prod. Sold Swine or Pork Market Formula,144467,50.3,199.96,50.3,28887621.32,1453047352.396,25046172.25,1250555380.4425,513,2003,246,50.128176675158734
2003-12-17,2003-12-16,Prod. Sold Negotiated,37212,49.34,195.19,49.34000000000001,7263410.28,358376663.21520007,5959310.75,295522220.09250003,513,2003,246,49.45267179305378
2003-12-18,2003-12-17,Prod. Sold Negotiated,41594,49.34,196.04,49.34,8154087.76,402322690.0784,7263410.28,358376663.21520007,514,2003,247,49.34000000000001
2003-12-18,2003-12-17,Prod. Sold Swine or Pork Market Formula,142477,50.35,199.89,50.35,28479727.53,1433954281.1355,28887621.32,1453047352.396,514,2003,247,50.32482224479684
2003-12-19,2003-12-18,Prod. Sold Swine or Pork Market Formula,144046,49.91,200.6,49.91,28895627.6,1442180773.5159998,28479727.53,1433954281.1355,515,2003,248,50.12840527321892
2003-12-19,2003-12-18,Prod. Sold Negotiated,38705,48.94,194.57,48.94,7530831.85,368558910.739,8154087.76,402322690.0784,515,2003,248,49.14794719929074
2003-12-22,2003-12-19,Prod. Sold Negotiated,67081,48.9,199.13,48.9,13357839.53,653198353.017,7530831.85,368558910.739,521,2003,249,48.914420892000265
2003-12-22,2003-12-19,Prod. Sold Swine or Pork Market Formula,247532,50.0,200.01,50.0,49508875.32,2475443766.0,28895627.6,1442180773.5159998,521,2003,249,49.96683090400237
2003-12-23,2003-12-22,Prod. Sold Swine or Pork Market Formula,144382,49.33,200.87,49.33,29002012.34,1430669268.7322,49508875.32,2475443766.0,522,2003,250,49.752501228212445
2003-12-23,2003-12-22,Prod. Sold Negotiated,34277,48.33,193.67,48.33,6638426.59,320835157.0947,13357839.53,653198353.017,522,2003,250,48.710769513988645
2003-12-24,2003-12-23,Prod. Sold Negotiated,30823,47.62,196.32,47.62,6051171.36,288156780.1632,6638426.59,320835157.0947,523,2003,251,47.99142885830359
2003-12-24,2003-12-23,Prod. Sold Swine or Pork Market Formula,129326,49.78,200.6,49.78,25942795.6,1291432364.968,29002012.34,1430669268.7322,523,2003,251,49.542472451132205
2003-12-26,2003-12-24,Prod. Sold Negotiated,22083,47.67,193.95,47.67,4282997.85,204170507.5095,6051171.36,288156780.1632,525,2003,252,47.64072250687484
2003-12-26,2003-12-24,Prod. Sold Swine or Pork Market Formula,74412,50.2,199.06,50.2,14812452.72,743585126.544,25942795.6,1291432364.968,525,2003,252,49.93264856426717
2003-12-29,2003-12-26,Prod. Sold Negotiated,62388,47.69,197.15,47.69,12299794.2,586577185.398,4282997.85,204170507.5095,531,2003,253,47.68483440685129
2003-12-29,2003-12-26,Prod. Sold Swine or Pork Market Formula,246693,48.88,201.75,48.88,49770312.75,2432772887.2200003,14812452.72,743585126.544,531,2003,253,49.18275008275208
2003-12-30,2003-12-29,Prod. Sold Swine or Pork Market Formula,142562,48.68,200.56,48.68,28592234.72,1391869986.1696,49770312.75,2432772887.2200003,532,2003,254,48.80702576513112
2003-12-30,2003-12-29,Prod. Sold Negotiated,31126,47.18,196.33,47.18000000000001,6110967.58,288315450.42440003,12299794.2,586577185.398,532,2003,254,47.52071892933917
2003-12-31,2003-12-30,Prod. Sold Negotiated,31125,47.59,195.15,47.59,6074043.75,289063742.0625,6110967.58,288315450.42440003,533,2003,255,47.38437879539502
2003-12-31,2003-12-30,Prod. Sold Swine or Pork Market Formula,157283,49.23,200.89,49.23,31596581.87,1555499725.4600997,28592234.72,1391869986.1696,533,2003,255,48.96872672720711
2004-01-02,2003-12-31,Prod. Sold Swine or Pork Market Formula,147417,49.75,201.25,49.75,29667671.25,1475966644.6875,31596581.87,1555499725.4600997,15,2004,1,49.48181387618947
2004-01-02,2003-12-31,Prod. Sold Negotiated,34327,47.61,196.6,47.61,6748688.2,321305045.202,6074043.75,289063742.0625,15,2004,1,47.600526131601775
2004-01-05,2004-01-02,Prod. Sold Swine or Pork Market Formula,248799,50.3,202.77,50.29999999999999,50448973.23,2537583353.469,29667671.25,1475966644.6875,21,2004,2,50.09633171991403
2004-01-05,2004-01-02,Prod. Sold Negotiated,86887,49.12,200.19,49.12,17393908.53,854388786.9936,6748688.2,321305045.202,21,2004,2,48.69790293662417
2004-01-06,2004-01-05,Prod. Sold Swine or Pork Market Formula,144748,51.28,201.8,51.28,29210146.4,1497896307.3920002,50448973.23,2537583353.469,22,2004,3,50.659355508885376
2004-01-06,2004-01-05,Prod. Sold Negotiated,33119,50.47,199.15,50.47,6595648.850000001,332882397.4595,17393908.53,854388786.9936,22,2004,3,49.49116674586598
2004-01-07,2004-01-06,Prod. Sold Swine or Pork Market Formula,147459,51.82,202.15,51.82,29808836.85,1544693925.5670002,29210146.4,1497896307.3920002,23,2004,4,51.55273888861853
2004-01-07,2004-01-06,Prod. Sold Negotiated,34564,51.55,196.87,51.55,6804614.68,350777886.75399995,6595648.850000001,332882397.4595,23,2004,4,51.01842084545184
2004-01-08,2004-01-07,Prod. Sold Negotiated,39110,51.99,197.03,51.99,7705843.3,400626793.167,6804614.68,350777886.75399995,24,2004,5,51.78366395855136
2004-01-08,2004-01-07,Prod. Sold Swine or Pork Market Formula,151624,52.42,201.63,52.42,30571947.12,1602581468.0304,29808836.85,1544693925.5670002,24,2004,5,52.12379148904582
2004-01-09,2004-01-08,Prod. Sold Swine or Pork Market Formula,150234,52.63,202.98,52.63,30494497.32,1604925393.9516,30571947.12,1602581468.0304,25,2004,6,52.52486682982653
2004-01-09,2004-01-08,Prod. Sold Negotiated,36788,51.75,196.39,51.75,7224795.319999998,373883157.81,7705843.3,400626793.167,25,2004,6,51.87386626179022
2004-01-12,2004-01-09,Prod. Sold Swine or Pork Market Formula,194896,52.29,202.81,52.29,39526857.76,2066859392.2704,30494497.32,1604925393.9516,31,2004,7,52.438070957452254
2004-01-12,2004-01-09,Prod. Sold Negotiated,72070,51.66,199.57,51.66,14383009.9,743026291.434,7224795.319999998,373883157.81,31,2004,7,51.69009243984661
2004-01-13,2004-01-12,Prod. Sold Swine or Pork Market Formula,159649,52.21,201.63,52.21,32190027.87,1680641355.0927,39526857.76,2066859392.2704,32,2004,8,52.25409210736108
2004-01-13,2004-01-12,Prod. Sold Negotiated,31208,51.36,195.84,51.36,6111774.72,313900749.6192,14383009.9,743026291.434,32,2004,8,51.57053663407564
2004-01-14,2004-01-13,Prod. Sold Swine or Pork Market Formula,155857,51.98,201.55,51.98,31412978.35,1632846614.633,32190027.87,1680641355.0927,33,2004,9,52.096404975961214
2004-01-14,2004-01-13,Prod. Sold Negotiated,36896,50.82,196.65,50.82,7255598.4,368729510.688,6111774.72,313900749.6192,33,2004,9,51.06689655320999
2004-01-15,2004-01-14,Prod. Sold Negotiated,36344,50.83,197.14,50.83,7164856.159999999,364189638.6128,7255598.4,368729510.688,34,2004,10,50.824968536969614
2004-01-15,2004-01-14,Prod. Sold Swine or Pork Market Formula,159107,52.12,200.87,52.12,31959823.09,1665745979.4508,31412978.35,1632846614.633,34,2004,10,52.05060403092384
2004-01-16,2004-01-15,Prod. Sold Swine or Pork Market Formula,146614,51.93,202.47,51.93,29684936.58,1541538756.5993998,31959823.09,1665745979.4508,35,2004,11,52.02850580032441
2004-01-16,2004-01-15,Prod. Sold Negotiated,38308,50.43,197.54,50.43,7567362.319999998,381622081.7976,7164856.159999999,364189638.6128,35,2004,11,50.62453570199836
2004-01-19,2004-01-16,Prod. Sold Negotiated,72714,51.27,198.91,51.27,14463541.74,741545785.0098,7567362.319999998,381622081.7976,41,2004,12,50.981469655013335
2004-01-19,2004-01-16,Prod. Sold Swine or Pork Market Formula,183373,52.03,201.68,52.03,36982666.64,1924208145.2792,29684936.58,1541538756.5993998,41,2004,12,51.98547322065556
2004-01-20,2004-01-19,Prod. Sold Negotiated,30856,52.41,195.14,52.40999999999999,6021239.84,315573180.01439995,14463541.74,741545785.0098,42,2004,13,51.60508843581236
2004-01-20,2004-01-19,Prod. Sold Swine or Pork Market Formula,137644,52.78,202.21,52.78,27832993.24,1469025383.2072,36982666.64,1924208145.2792,42,2004,13,52.35206329409664
2004-01-21,2004-01-20,Prod. Sold Negotiated,34858,52.6,197.16,52.6,6872603.28,361498932.528,6021239.84,315573180.01439995,43,2004,14,52.51127272459011
2004-01-21,2004-01-20,Prod. Sold Swine or Pork Market Formula,144986,53.53,200.53,53.53,29074042.58,1556333499.3074002,27832993.24,1469025383.2072,43,2004,14,53.16317813642538
2004-01-22,2004-01-21,Prod. Sold Negotiated,39574,53.39,199.18,53.39,7882349.32,420838630.1948,6872603.28,361498932.528,44,2004,15,53.022031580284434
2004-01-22,2004-01-21,Prod. Sold Swine or Pork Market Formula,144402,54.38,201.1,54.38,29039242.2,1579153990.836,29074042.58,1556333499.3074002,44,2004,15,53.954745494312434
2004-01-23,2004-01-22,Prod. Sold Swine or Pork Market Formula,150541,55.38,202.26,55.38,30448422.66,1686233646.9108,29039242.2,1579153990.836,45,2004,16,54.89184430808737
2004-01-23,2004-01-22,Prod. Sold Negotiated,38648,54.99,197.65,54.99,7638777.2,420056358.228,7882349.32,420838630.1948,45,2004,16,54.17744564734082
2004-01-26,2004-01-23,Prod. Sold Negotiated,79469,56.21,198.74,56.21,15793669.06,887762137.8626002,7638777.2,420056358.228,51,2004,17,55.8122904275296
2004-01-26,2004-01-23,Prod. Sold Swine or Pork Market Formula,183860,56.56,201.55,56.56,37056983.0,2095942958.48,30448422.66,1686233646.9108,51,2004,17,56.02775908703131
2004-01-27,2004-01-26,Prod. Sold Negotiated,36655,56.98,195.7,56.98,7173383.5,408739391.83,15793669.06,887762137.8626002,52,2004,18,56.450496915334256
2004-01-27,2004-01-26,Prod. Sold Swine or Pork Market Formula,120254,56.96,203.54,56.96,24476499.16,1394181392.1536,37056983.0,2095942958.48,52,2004,18,56.71911011891937
2004-01-28,2004-01-27,Prod. Sold Negotiated,34058,57.23,197.34,57.22999999999999,6721005.72,384643157.3556,7173383.5,408739391.83,53,2004,19,57.100930211713184
2004-01-28,2004-01-27,Prod. Sold Swine or Pork Market Formula,132287,57.44,201.31,57.44,26630695.97,1529667176.5168,24476499.16,1394181392.1536,53,2004,19,57.21011613400197
2004-01-29,2004-01-28,Prod. Sold Negotiated,37913,57.18,196.21,57.18,7438909.73,425356858.3614,6721005.72,384643157.3556,54,2004,20,57.20373250653838
2004-01-29,2004-01-28,Prod. Sold Swine or Pork Market Formula,147704,57.68,200.97,57.68,29684072.88,1712177323.7184,26630695.97,1529667176.5168,54,2004,20,57.56650637899583
2004-01-30,2004-01-29,Prod. Sold Negotiated,34210,57.42,195.33,57.42,6682239.300000001,383694180.60600007,7438909.73,425356858.3614,55,2004,21,57.29356989637266
2004-01-30,2004-01-29,Prod. Sold Swine or Pork Market Formula,147582,57.83,200.79,57.83,29632989.78,1713675798.9773998,29684072.88,1712177323.7184,55,2004,21,57.754935410953806
2004-02-02,2004-01-30,Prod. Sold Swine or Pork Market Formula,176216,58.27,199.41,58.27,35139232.56,2047563081.2712,29632989.78,1713675798.9773998,61,2004,22,58.06870205109284
2004-02-02,2004-01-30,Prod. Sold Negotiated,50498,57.65,198.07,57.65,10002138.86,576623305.2789999,6682239.300000001,383694180.60600007,61,2004,22,57.5578829894491
2004-02-03,2004-02-02,Prod. Sold Swine or Pork Market Formula,140630,58.59,199.09,58.59000000000001,27998026.7,1640404384.3530002,35139232.56,2047563081.2712,62,2004,23,58.411903032361685
2004-02-03,2004-02-02,Prod. Sold Negotiated,36713,58.02,195.24,58.02,7167846.12,415878431.8824,10002138.86,576623305.2789999,62,2004,23,57.80446158325061
2004-02-04,2004-02-03,Prod. Sold Swine or Pork Market Formula,148625,59.47,199.56,59.47,29659605.0,1763856709.35,27998026.7,1640404384.3530002,63,2004,24,59.042679925110406
2004-02-04,2004-02-03,Prod. Sold Negotiated,36556,58.61,193.89,58.61,7087842.84,415418468.8524,7167846.12,415878431.8824,63,2004,24,58.31334445268369
2004-02-05,2004-02-04,Prod. Sold Swine or Pork Market Formula,145815,59.66,199.98,59.66,29160083.7,1739690593.5419998,29659605.0,1763856709.35,64,2004,25,59.56419322042416
2004-02-05,2004-02-04,Prod. Sold Negotiated,37604,58.97,195.68,58.97,7358350.72,433921941.9584,7087842.84,415418468.8524,64,2004,25,58.79337053620373
2004-02-06,2004-02-05,Prod. Sold Swine or Pork Market Formula,142593,60.37,199.89,60.37,28502914.77,1720720964.6648998,29160083.7,1739690593.5419998,65,2004,26,60.01095416512598
2004-02-06,2004-02-05,Prod. Sold Negotiated,41685,59.88,194.55,59.88,8109816.750000002,485615826.99000007,7358350.72,433921941.9584,65,2004,26,59.44710456049904
2004-02-09,2004-02-06,Prod. Sold Negotiated,46275,60.67,196.85,60.67000000000001,9109233.75,552657211.6125001,8109816.750000002,485615826.99000007,71,2004,27,60.297926334701216
2004-02-09,2004-02-06,Prod. Sold Swine or Pork Market Formula,149282,61.37,200.78,61.37,29972839.96,1839433188.3452,28502914.77,1720720964.6648998,71,2004,27,60.88256867223678
2004-02-10,2004-02-09,Prod. Sold Swine or Pork Market Formula,132782,62.04,200.39,62.04,26608184.98,1650771796.1591997,29972839.96,1839433188.3452,72,2004,28,61.68507884410904
2004-02-10,2004-02-09,Prod. Sold Negotiated,43155,61.9,195.22,61.9,8424719.1,521490112.29,9109233.75,552657211.6125001,72,2004,28,61.260990781237325
2004-02-11,2004-02-10,Prod. Sold Negotiated,40186,62.91,194.8,62.91,7828232.8,492474125.448,8424719.1,521490112.29,73,2004,29,62.386466407865264
2004-02-11,2004-02-10,Prod. Sold Swine or Pork Market Formula,145226,62.98,200.45,62.97999999999999,29110551.7,1833382546.066,26608184.98,1650771796.1591997,73,2004,29,62.53110802269539
2004-02-12,2004-02-11,Prod. Sold Negotiated,42089,63.08,194.28,63.08,8177050.92,515808372.0336,7828232.8,492474125.448,74,2004,30,62.99685248451191
2004-02-12,2004-02-11,Prod. Sold Swine or Pork Market Formula,153380,63.63,199.13,63.63,30542559.4,1943423054.622,29110551.7,1833382546.066,74,2004,30,63.312801814422045
2004-02-13,2004-02-12,Prod. Sold Negotiated,36638,63.64,195.22,63.64,7152470.36,455183213.7104,8177050.92,515808372.0336,75,2004,31,63.34128561541094
2004-02-13,2004-02-12,Prod. Sold Swine or Pork Market Formula,140775,64.18,200.41,64.18,28212717.75,1810692225.195,30542559.4,1943423054.622,75,2004,31,63.89409533773258
2004-02-16,2004-02-13,Prod. Sold Negotiated,42787,63.64,197.59,63.63999999999999,8454283.33,538030591.1212,7152470.36,455183213.7104,81,2004,32,63.63999999999999
2004-02-16,2004-02-13,Prod. Sold Swine or Pork Market Formula,143507,64.12,201.83,64.12,28964017.81,1857172821.9772005,28212717.75,1810692225.195,81,2004,32,64.14960580117807
2004-02-17,2004-02-16,Prod. Sold Negotiated,33120,63.49,196.29,63.49,6501124.8,412756413.552,8454283.33,538030591.1212,82,2004,33,63.57479491087616
2004-02-17,2004-02-16,Prod. Sold Swine or Pork Market Formula,133239,64.14,200.35,64.14,26694433.65,1712180974.311,28964017.81,1857172821.9772005,82,2004,33,64.12959223009257
2004-02-18,2004-02-17,Prod. Sold Negotiated,36957,63.58,195.01,63.58,7206984.569999998,458220078.9606,6501124.8,412756413.552,83,2004,34,63.537317145916525
2004-02-18,2004-02-17,Prod. Sold Swine or Pork Market Formula,151779,64.14,199.58,64.14,30292052.82,1942932267.8748,26694433.65,1712180974.311,83,2004,34,64.14
2004-02-19,2004-02-18,Prod. Sold Negotiated,38467,63.22,193.64,63.22,7448749.88,470909967.4136,7206984.569999998,458220078.9606,84,2004,35,63.39703066700966
2004-02-19,2004-02-18,Prod. Sold Swine or Pork Market Formula,152810,63.7,200.26,63.7,30601730.6,1949330239.22,30292052.82,1942932267.8748,84,2004,35,63.918881181168686
2004-02-20,2004-02-19,Prod. Sold Negotiated,42657,62.6,194.56,62.6,8299345.92,519539054.592,7448749.88,470909967.4136,85,2004,36,62.893256085323024
2004-02-20,2004-02-19,Prod. Sold Swine or Pork Market Formula,141647,63.3,201.01,63.3,28472463.47,1802306937.651,30601730.6,1949330239.22,85,2004,36,63.50720878943344
2004-02-23,2004-02-20,Prod. Sold Negotiated,48910,62.82,195.28,62.82000000000001,9551144.8,600002916.3360001,8299345.92,519539054.592,91,2004,37,62.717713954700734
2004-02-23,2004-02-20,Prod. Sold Swine or Pork Market Formula,158045,63.22,200.68,63.22,31716470.6,2005115271.332,28472463.47,1802306937.651,91,2004,37,63.25784411724173
2004-02-24,2004-02-23,Prod. Sold Negotiated,36477,62.49,194.84,62.49,7107178.68,444127595.7132,9551144.8,600002916.3360001,92,2004,38,62.679207382590704
2004-02-24,2004-02-23,Prod. Sold Swine or Pork Market Formula,139291,62.91,200.94,62.91,27989133.54,1760796391.0013998,31716470.6,2005115271.332,92,2004,38,63.07467643243245
2004-02-25,2004-02-24,Prod. Sold Swine or Pork Market Formula,146326,62.62,200.72,62.62,29370554.72,1839184136.5664,27989133.54,1760796391.0013998,93,2004,39,62.76150789470486
2004-02-25,2004-02-24,Prod. Sold Negotiated,38819,61.87,194.93,61.87,7566987.67,468169527.1429,7107178.68,444127595.7132,93,2004,39,62.170286277019066
2004-02-26,2004-02-25,Prod. Sold Swine or Pork Market Formula,151021,62.17,200.36,62.17,30258567.56,1881175145.2052,29370554.72,1839184136.5664,94,2004,40,62.39164923981168
2004-02-26,2004-02-25,Prod. Sold Negotiated,37576,61.12,195.43,61.12,7343477.68,448833355.8016,7566987.67,468169527.1429,94,2004,40,61.500621303177496
2004-02-27,2004-02-26,Prod. Sold Swine or Pork Market Formula,135648,61.97,200.95,61.97,27258465.6,1689207113.232,30258567.56,1881175145.2052,95,2004,41,62.075216023489354
2004-02-27,2004-02-26,Prod. Sold Negotiated,40939,60.77,195.46,60.77,8001936.94,486277707.84380007,7343477.68,448833355.8016,95,2004,41,60.937490892337976
2004-03-01,2004-02-27,Prod. Sold Swine or Pork Market Formula,154962,62.02,201.31,62.02,31195400.22,1934738721.6444,27258465.6,1689207113.232,101,2004,42,61.996683778551166
2004-03-01,2004-02-27,Prod. Sold Negotiated,58147,61.03,197.57,61.03,11488102.79,701118913.2737,8001936.94,486277707.84380007,101,2004,42,60.92325298289682
2004-03-02,2004-03-01,Prod. Sold Swine or Pork Market Formula,151291,62.45,201.18,62.45,30436723.380000003,1900773375.0810003,31195400.22,1934738721.6444,102,2004,43,62.232353400936525
2004-03-02,2004-03-01,Prod. Sold Negotiated,40353,61.88,196.44,61.88,7926943.32,490519252.6416,11488102.79,701118913.2737,102,2004,43,61.37704536800093
2004-03-03,2004-03-02,Prod. Sold Swine or Pork Market Formula,143995,63.45,201.28,63.45,28983313.6,1838991247.92,30436723.380000003,1900773375.0810003,103,2004,44,62.9377700363895
2004-03-03,2004-03-02,Prod. Sold Negotiated,42571,63.4,195.7,63.4,8331144.699999998,528194573.98,7926943.32,490519252.6416,103,2004,44,62.65889478322556
2004-03-04,2004-03-03,Prod. Sold Swine or Pork Market Formula,150876,64.61,200.49,64.61,30249129.24,1954396240.1964,28983313.6,1838991247.92,104,2004,45,64.04239477954984
2004-03-04,2004-03-03,Prod. Sold Negotiated,39388,64.22,194.61,64.22,7665298.68,492265481.2296,8331144.699999998,528194573.98,104,2004,45,63.792933902135935
2004-03-05,2004-03-04,Prod. Sold Negotiated,37873,64.81,196.37,64.81,7437121.01,481999812.6581,7665298.68,492265481.2296,105,2004,46,64.51054293854682
2004-03-05,2004-03-04,Prod. Sold Swine or Pork Market Formula,145728,64.95,200.55,64.95,29225750.4,1898212488.4800005,30249129.24,1954396240.1964,105,2004,46,64.77707482547501
2004-03-08,2004-03-05,Prod. Sold Negotiated,51538,64.88,195.77,64.88,10089594.26,654612875.5888,7437121.01,481999812.6581,111,2004,47,64.85029686038256
2004-03-08,2004-03-05,Prod. Sold Swine or Pork Market Formula,155002,65.49,201.18,65.49,31183302.36,2042194471.5564,29225750.4,1898212488.4800005,111,2004,47,65.22874933482734
2004-03-09,2004-03-08,Prod. Sold Swine or Pork Market Formula,140065,65.26,200.8,65.26,28125052.0,1835440893.52,31183302.36,2042194471.5564,112,2004,48,65.38093000421601
2004-03-09,2004-03-08,Prod. Sold Negotiated,37111,64.9,194.66,64.9,7224027.26,468839369.174,10089594.26,654612875.5888,112,2004,48,64.88834490606331
2004-03-10,2004-03-09,Prod. Sold Swine or Pork Market Formula,141600,65.41,199.44,65.41,28240704.0,1847224448.64,28125052.0,1835440893.52,113,2004,49,65.33515388598708
2004-03-10,2004-03-09,Prod. Sold Negotiated,37300,64.8,195.7,64.8,7299610.0,473014728.0,7224027.26,468839369.174,113,2004,49,64.84973979403834
2004-03-11,2004-03-10,Prod. Sold Negotiated,35632,64.22,194.29,64.22,6922941.279999999,444591289.0016,7299610.0,473014728.0,114,2004,50,64.51768033291985
2004-03-11,2004-03-10,Prod. Sold Swine or Pork Market Formula,154674,65.05,200.18,65.05,30962641.32,2014119817.866,28240704.0,1847224448.64,114,2004,50,65.22172430687908
2004-03-12,2004-03-11,Prod. Sold Swine or Pork Market Formula,151641,64.91,200.57,64.91,30414635.37,1974213981.8667,30962641.32,2014119817.866,115,2004,51,64.98062499378545
2004-03-12,2004-03-11,Prod. Sold Negotiated,40680,64.07,195.06,64.07,7935040.8,508398064.05599993,6922941.279999999,444591289.0016,115,2004,51,64.13989113234952
2004-03-15,2004-03-12,Prod. Sold Swine or Pork Market Formula,165152,65.2,201.29,65.2,33243446.08,2167472684.416,30414635.37,1974213981.8667,121,2004,52,65.06144344824108
2004-03-15,2004-03-12,Prod. Sold Negotiated,42812,64.22,195.99,64.22,8390723.88,538852287.5736,7935040.8,508398064.05599993,121,2004,52,64.14709339235681
2004-03-16,2004-03-15,Prod. Sold Swine or Pork Market Formula,145138,65.35,200.76,65.35,29137904.88,1904162083.908,33243446.08,2167472684.416,122,2004,53,65.27006398009563
2004-03-16,2004-03-15,Prod. Sold Negotiated,41334,65.56,195.47,65.56,8079556.979999999,529695755.6088,8390723.88,538852287.5736,122,2004,53,64.87734193880651
2004-03-17,2004-03-16,Prod. Sold Swine or Pork Market Formula,143751,65.97,199.93,65.97,28740137.43,1895986866.2571,29137904.88,1904162083.908,123,2004,54,65.65786952176371
2004-03-17,2004-03-16,Prod. Sold Negotiated,40783,66.38,195.02,66.38,7953500.66,527953373.8108,8079556.979999999,529695755.6088,123,2004,54,65.9667764669497
2004-03-18,2004-03-17,Prod. Sold Swine or Pork Market Formula,151493,66.67,200.05,66.67,30306174.65,2020512663.9155,28740137.43,1895986866.2571,124,2004,55,66.32928276479414
2004-03-18,2004-03-17,Prod. Sold Negotiated,34969,67.07,193.89,67.07,6780139.409999999,454743950.2286999,7953500.66,527953373.8108,124,2004,55,66.6975248051855
2004-03-19,2004-03-18,Prod. Sold Swine or Pork Market Formula,147686,67.46,200.38,67.46,29593320.68,1996365413.0728,30306174.65,2020512663.9155,125,2004,56,67.06029917044211
2004-03-19,2004-03-18,Prod. Sold Negotiated,36782,67.47,194.23,67.47,7144167.86,482017005.5142,6780139.409999999,454743950.2286999,125,2004,56,67.275228675911
2004-03-22,2004-03-19,Prod. Sold Negotiated,45728,67.54,196.79,67.54,8998813.12,607779838.1248,7144167.86,482017005.5142,131,2004,57,67.50902110268113
2004-03-22,2004-03-19,Prod. Sold Swine or Pork Market Formula,151027,68.22,201.1,68.22,30371529.7,2071945756.134,29593320.68,1996365413.0728,131,2004,57,67.84493154615956
2004-03-23,2004-03-22,Prod. Sold Swine or Pork Market Formula,136939,68.25,201.14,68.25,27543910.46,1879871888.895,30371529.7,2071945756.134,132,2004,58,68.23426765145041
2004-03-23,2004-03-22,Prod. Sold Negotiated,35257,68.06,195.15,68.06,6880403.55,468280265.613,8998813.12,607779838.1248,132,2004,58,67.76531400133607
2004-03-24,2004-03-23,Prod. Sold Swine or Pork Market Formula,142476,68.7,200.48,68.7,28563588.48,1962318528.576,27543910.46,1879871888.895,133,2004,59,68.47908907113727
2004-03-24,2004-03-23,Prod. Sold Negotiated,38584,68.08,196.93,68.08,7598347.12,517295471.9296,6880403.55,468280265.613,133,2004,59,68.07049586016525
2004-03-25,2004-03-24,Prod. Sold Swine or Pork Market Formula,144703,68.63,200.21,68.63,28970987.630000003,1988278881.0469,28563588.48,1962318528.576,134,2004,60,68.66475216693658
2004-03-25,2004-03-24,Prod. Sold Negotiated,33580,68.54,193.91,68.54,6511497.8,446298059.212,7598347.12,517295471.9296,134,2004,60,68.29228362217889
2004-03-26,2004-03-25,Prod. Sold Negotiated,41036,68.06,194.6,68.06,7985605.6,543500317.136,6511497.8,446298059.212,135,2004,61,68.27559609928699
2004-03-26,2004-03-25,Prod. Sold Swine or Pork Market Formula,134839,68.37,201.09,68.37,27114774.51,1853837133.2487,28970987.630000003,1988278881.0469,135,2004,61,68.5043024770707
2004-03-29,2004-03-26,Prod. Sold Negotiated,43753,68.07,195.91,68.07,8571650.23,583472231.1560999,7985605.6,543500317.136,141,2004,62,68.06517697516908
2004-03-29,2004-03-26,Prod. Sold Swine or Pork Market Formula,147244,68.21,200.09,68.21,29462051.96,2009606564.1916,27114774.51,1853837133.2487,141,2004,62,68.28668093444408
2004-03-30,2004-03-29,Prod. Sold Negotiated,34473,67.38,195.3,67.38,6732576.9,453641031.522,8571650.23,583472231.1560999,142,2004,63,67.76645784647995
2004-03-30,2004-03-29,Prod. Sold Swine or Pork Market Formula,149240,67.38,201.98,67.38,30143495.2,2031068706.576,29462051.96,2009606564.1916,142,2004,63,67.79025549285134
2004-03-31,2004-03-30,Prod. Sold Negotiated,34473,67.38,195.3,67.38,6732576.9,453641031.522,6732576.9,453641031.522,143,2004,64,67.38
2004-03-31,2004-03-30,Prod. Sold Swine or Pork Market Formula,149240,67.38,201.98,67.38,30143495.2,2031068706.576,30143495.2,2031068706.576,143,2004,64,67.38
2004-04-01,2004-03-31,Prod. Sold Negotiated,32964,66.83,195.17,66.83,6433583.88,429956410.7004,6732576.9,453641031.522,144,2004,65,67.1112450308692
2004-04-01,2004-03-31,Prod. Sold Swine or Pork Market Formula,150407,67.41,201.15,67.41,30254368.05,2039446950.2505,30143495.2,2031068706.576,144,2004,65,67.39502753562229
2004-04-02,2004-04-01,Prod. Sold Swine or Pork Market Formula,147179,66.51,201.7,66.51,29686004.3,1974416145.993,30254368.05,2039446950.2505,145,2004,66,66.96426696861352
2004-04-02,2004-04-01,Prod. Sold Negotiated,37988,65.84,197.64,65.84,7507948.319999998,494323317.3888,6433583.88,429956410.7004,145,2004,66,66.29685423594977
2004-04-05,2004-04-02,Prod. Sold Swine or Pork Market Formula,151502,65.85,202.8,65.85,30724605.6,2023215278.76,29686004.3,1974416145.993,151,2004,67,66.17432651930568
2004-04-05,2004-04-02,Prod. Sold Negotiated,34629,65.43,196.62,65.43,6808753.98,445496772.9114001,7507948.319999998,494323317.3888,151,2004,67,65.64501172174265
2004-04-06,2004-04-05,Prod. Sold Swine or Pork Market Formula,146873,64.93,201.34,64.93,29571409.82,1920071639.6126003,30724605.6,2023215278.76,152,2004,68,65.39879776308774
2004-04-06,2004-04-05,Prod. Sold Negotiated,32337,63.61,195.51,63.61,6322206.87,402155579.0007,6808753.98,445496772.9114001,152,2004,68,64.55371861931185
2004-04-07,2004-04-06,Prod. Sold Negotiated,36112,62.97,195.05,62.97,7043645.600000001,443538363.432,6322206.87,402155579.0007,153,2004,69,63.27272759675313
2004-04-07,2004-04-06,Prod. Sold Swine or Pork Market Formula,157904,63.93,201.79,63.93,31863448.16,2037030240.8688,29571409.82,1920071639.6126003,153,2004,69,64.41134578303456
2004-04-08,2004-04-07,Prod. Sold Swine or Pork Market Formula,159217,63.34,201.6,63.34,32098147.2,2033096643.648,31863448.16,2037030240.8688,154,2004,70,63.63391753455476
2004-04-08,2004-04-07,Prod. Sold Negotiated,34685,61.9,195.65,61.89999999999999,6786120.25,420060843.475,7043645.600000001,443538363.432,154,2004,70,62.44496228452053
2004-04-09,2004-04-08,Prod. Sold Swine or Pork Market Formula,152246,63.09,201.5,63.09,30677569.0,1935447828.21,32098147.2,2033096643.648,155,2004,71,63.21782867780328
2004-04-09,2004-04-08,Prod. Sold Negotiated,33182,61.11,199.31,61.11,6613504.42,404151255.1062,6786120.25,420060843.475,155,2004,71,61.510088444977306
2004-04-12,2004-04-09,Prod. Sold Swine or Pork Market Formula,152067,63.16,202.56,63.16,30802691.52,1945497996.4032,30677569.0,1935447828.21,161,2004,72,63.12507123080097
2004-04-12,2004-04-09,Prod. Sold Negotiated,32154,62.01,198.17,62.01,6371958.18,395125126.7418,6613504.42,404151255.1062,161,2004,72,61.55162942350625
2004-04-13,2004-04-12,Prod. Sold Negotiated,30336,61.9,196.71,61.89999999999999,5967394.5600000005,369381723.264,6371958.18,395125126.7418,162,2004,73,61.956803254965536
2004-04-13,2004-04-12,Prod. Sold Swine or Pork Market Formula,116733,62.81,201.83,62.81,23560221.39,1479817505.5059,30802691.52,1945497996.4032,162,2004,73,63.008314281831225
2004-04-14,2004-04-13,Prod. Sold Negotiated,31703,63.05,196.33,63.05,6224249.99,392438961.8695,5967394.5600000005,369381723.264,163,2004,74,62.4871141878476
2004-04-14,2004-04-13,Prod. Sold Swine or Pork Market Formula,145960,63.62,200.93,63.62,29327742.8,1865830996.936,23560221.39,1479817505.5059,163,2004,74,63.25916593088474
2004-04-15,2004-04-14,Prod. Sold Swine or Pork Market Formula,150016,64.17,200.88,64.17,30135214.08,1933776687.5136,29327742.8,1865830996.936,164,2004,75,63.898734335015455
2004-04-15,2004-04-14,Prod. Sold Negotiated,30200,63.27,195.7,63.27,5910140.0,373934557.8,6224249.99,392438961.8695,164,2004,75,63.15715254751756
2004-04-16,2004-04-15,Prod. Sold Negotiated,34767,64.15,195.86,64.15,6809464.62,436827155.373,5910140.0,373934557.8,165,2004,76,63.741109680263
2004-04-16,2004-04-15,Prod. Sold Swine or Pork Market Formula,150910,64.83,200.8,64.83,30302728.0,1964525856.24,30135214.08,1933776687.5136,165,2004,76,64.50091465049434
2004-04-19,2004-04-16,Prod. Sold Negotiated,55152,65.31,197.54,65.31,10894726.08,711534560.2848,6809464.62,436827155.373,171,2004,77,64.86383563738953
2004-04-19,2004-04-16,Prod. Sold Swine or Pork Market Formula,208448,65.87,200.81,65.87,41858442.88,2757215632.5056005,30302728.0,1964525856.24,171,2004,77,65.43327153875585
2004-04-20,2004-04-19,Prod. Sold Negotiated,38569,66.95,196.6,66.95,7582665.3999999985,507659448.53,10894726.08,711534560.2848,172,2004,78,65.9830155211281
2004-04-20,2004-04-19,Prod. Sold Swine or Pork Market Formula,143301,66.39,200.82,66.39,28777706.82,1910551955.7798,41858442.88,2757215632.5056005,172,2004,78,66.08185197112181
2004-04-21,2004-04-20,Prod. Sold Swine or Pork Market Formula,153823,67.09,200.22,67.09,30798441.06,2066267410.7154,28777706.82,1910551955.7798,173,2004,79,66.75187147892517
2004-04-21,2004-04-20,Prod. Sold Negotiated,44661,67.43,196.65,67.43,8782585.65,592209750.3795,7582665.3999999985,507659448.53,173,2004,79,67.2075970939352
2004-04-22,2004-04-21,Prod. Sold Swine or Pork Market Formula,151954,67.81,200.45,67.81,30459179.3,2065436948.333,30798441.06,2066267410.7154,174,2004,80,67.44800621975058
2004-04-22,2004-04-21,Prod. Sold Negotiated,35213,67.87,194.56,67.87,6851041.28,464980171.6736001,8782585.65,592209750.3795,174,2004,80,67.62281886261566
2004-04-23,2004-04-22,Prod. Sold Negotiated,36256,67.6,196.43,67.6,7121766.08,481431387.008,6851041.28,464980171.6736001,175,2004,81,67.73238435898683
2004-04-23,2004-04-22,Prod. Sold Swine or Pork Market Formula,148314,68.01,200.98,68.01,29808147.72,2027252126.4372,30459179.3,2065436948.333,175,2004,81,67.90891976032091
2004-04-26,2004-04-23,Prod. Sold Negotiated,40535,67.54,197.01,67.54,7985800.35,539360955.639,7121766.08,481431387.008,181,2004,82,67.56828423537172
2004-04-26,2004-04-23,Prod. Sold Swine or Pork Market Formula,160120,68.38,200.84,68.38,32158500.8,2198998284.704,29808147.72,2027252126.4372,181,2004,82,68.20201692491341
2004-04-27,2004-04-26,Prod. Sold Swine or Pork Market Formula,149424,68.61,200.04,68.61,29890776.96,2050806207.2256,32158500.8,2198998284.704,182,2004,83,68.49079707853154
2004-04-27,2004-04-26,Prod. Sold Negotiated,37090,68.57,197.87,68.57,7338998.3,503235113.43099993,7985800.35,539360955.639,182,2004,83,68.03326378908085
2004-04-28,2004-04-27,Prod. Sold Swine or Pork Market Formula,146915,69.06,199.66,69.06,29333048.9,2025740357.034,29890776.96,2050806207.2256,183,2004,84,68.83288110930562
2004-04-28,2004-04-27,Prod. Sold Negotiated,43424,68.85,196.2,68.85,8519788.8,586587458.8799999,7338998.3,503235113.43099993,183,2004,84,68.72042391634099
2004-04-29,2004-04-28,Prod. Sold Negotiated,39680,69.38,195.21,69.38,7745932.8,537412817.664,8519788.8,586587458.8799999,184,2004,85,69.10239239210881
2004-04-29,2004-04-28,Prod. Sold Swine or Pork Market Formula,153971,69.82,199.69,69.82,30746468.99,2146718464.8818,29333048.9,2025740357.034,184,2004,85,69.44893981265267
2004-04-30,2004-04-29,Prod. Sold Swine or Pork Market Formula,147203,70.77,199.77,70.77,29406743.31,2081115224.0487,30746468.99,2146718464.8818,185,2004,86,70.28442085262503
2004-04-30,2004-04-29,Prod. Sold Negotiated,45695,70.94,196.08,70.94,8959875.600000001,635613575.0640001,7745932.8,537412817.664,185,2004,86,70.21667941121605
2004-05-03,2004-04-30,Prod. Sold Negotiated,43459,72.21,197.33,72.21,8575764.47,619255952.3787,8959875.600000001,635613575.0640001,191,2004,87,71.5610905808641
2004-05-03,2004-04-30,Prod. Sold Swine or Pork Market Formula,146754,72.5,199.86,72.5,29330254.44,2126443446.9,29406743.31,2081115224.0487,191,2004,87,71.63387357415114
2004-05-04,2004-05-03,Prod. Sold Negotiated,30743,74.18,196.87,74.18,6052374.41,448965133.73380005,8575764.47,619255952.3787,192,2004,88,73.0250850689558
2004-05-04,2004-05-03,Prod. Sold Swine or Pork Market Formula,141422,73.7,200.57,73.7,28365010.54,2090501276.798,29330254.44,2126443446.9,192,2004,88,73.08996197798552
2004-05-05,2004-05-04,Prod. Sold Negotiated,34453,75.07,195.64,75.07,6740384.92,506000695.9444,6052374.41,448965133.73380005,193,2004,89,74.64893265354661
2004-05-05,2004-05-04,Prod. Sold Swine or Pork Market Formula,141127,74.9,199.4,74.9,28140723.8,2107740212.62,28365010.54,2090501276.798,193,2004,89,74.29761843562301
2004-05-06,2004-05-05,Prod. Sold Swine or Pork Market Formula,145253,75.72,198.31,75.72,28805122.43,2181123870.3996,28140723.8,2107740212.62,194,2004,90,75.3147835523806
2004-05-06,2004-05-05,Prod. Sold Negotiated,33104,75.18,193.72,75.18,6412906.88,482122339.2384,6740384.92,506000695.9444,194,2004,90,75.12363066276687
2004-05-07,2004-05-06,Prod. Sold Negotiated,33822,76.23,195.42,76.23,6609495.239999999,503841822.1452,6412906.88,482122339.2384,195,2004,91,75.71292548779012
2004-05-07,2004-05-06,Prod. Sold Swine or Pork Market Formula,136731,76.23,199.65,76.23,27298344.15,2080952774.5545003,28805122.43,2181123870.3996,195,2004,91,75.96815143101091
2004-05-10,2004-05-07,Prod. Sold Negotiated,41203,77.17,196.06,77.17,8078260.18,623399338.0906,6609495.239999999,503841822.1452,201,2004,92,76.7469996607419
2004-05-10,2004-05-07,Prod. Sold Swine or Pork Market Formula,145322,77.27,199.9,77.27,29049867.8,2244683284.906,27298344.15,2080952774.5545003,201,2004,92,76.76616364151552
2004-05-11,2004-05-10,Prod. Sold Swine or Pork Market Formula,127085,78.13,199.04,78.13,25294998.4,1976298224.992,29049867.8,2244683284.906,202,2004,93,77.67028985523567
2004-05-11,2004-05-10,Prod. Sold Negotiated,41949,78.63,197.27,78.63,8275279.23,650685205.8549,8078260.18,623399338.0906,202,2004,93,77.90879466535618
2004-05-12,2004-05-11,Prod. Sold Swine or Pork Market Formula,145071,79.46,199.49,79.46,28940213.790000003,2299589387.7534,25294998.4,1976298224.992,203,2004,94,78.83969546880093
2004-05-12,2004-05-11,Prod. Sold Negotiated,38239,80.07,196.74,80.07,7523140.86,602377888.6602,8275279.23,650685205.8549,203,2004,94,79.31572191248777
2004-05-13,2004-05-12,Prod. Sold Swine or Pork Market Formula,147927,80.39,198.36,80.39,29342799.720000003,2358867669.4908004,28940213.790000003,2299589387.7534,204,2004,95,79.9282119556999
2004-05-13,2004-05-12,Prod. Sold Negotiated,33409,81.01,192.75,81.01,6439584.75,521670760.5975,7523140.86,602377888.6602,204,2004,95,80.50352636398331
2004-05-14,2004-05-13,Prod. Sold Negotiated,41674,82.22,195.79,82.22,8159352.46,670861959.2612,6439584.75,521670760.5975,205,2004,96,81.6862695348698
2004-05-14,2004-05-13,Prod. Sold Swine or Pork Market Formula,134758,81.64,200.26,81.64,26986637.08,2203189051.2112,29342799.720000003,2358867669.4908004,205,2004,96,80.9888573340396
2004-05-17,2004-05-14,Prod. Sold Negotiated,41306,83.07,197.46,83.07,8156282.76,677542408.8732,8159352.46,670861959.2612,211,2004,97,82.64492003851012
2004-05-17,2004-05-14,Prod. Sold Swine or Pork Market Formula,145969,82.64,199.58,82.63999999999999,29132493.020000003,2407509223.1728,26986637.08,2203189051.2112,211,2004,97,82.15911875626169
2004-05-18,2004-05-17,Prod. Sold Negotiated,34616,83.21,195.46,83.21,6766043.36,563002467.9856,8156282.76,677542408.8732,212,2004,98,83.13347844583897
2004-05-18,2004-05-17,Prod. Sold Swine or Pork Market Formula,133054,83.45,197.79,83.45,26316750.66,2196132842.577,29132493.020000003,2407509223.1728,212,2004,98,83.0244338825903
2004-05-19,2004-05-18,Prod. Sold Negotiated,38972,83.43,195.02,83.43,7600319.44,634094650.8792001,6766043.36,563002467.9856,213,2004,99,83.32638786379526
2004-05-19,2004-05-18,Prod. Sold Swine or Pork Market Formula,133868,84.04,198.12,84.04,26521928.16,2228902842.5664,26316750.66,2196132842.577,213,2004,99,83.74614551241348
2004-05-20,2004-05-19,Prod. Sold Negotiated,36754,83.05,195.8,83.05,7196433.2,597663777.26,7600319.44,634094650.8792001,214,2004,100,83.24518616398252
2004-05-20,2004-05-19,Prod. Sold Swine or Pork Market Formula,136259,83.9,198.83,83.9,27092376.970000003,2273050427.7830005,26521928.16,2228902842.5664,214,2004,100,83.96925520965715
2004-05-21,2004-05-20,Prod. Sold Negotiated,38915,82.36,195.07,82.36,7591149.05,625207035.758,7196433.2,597663777.26,215,2004,101,82.69579112690988
2004-05-21,2004-05-20,Prod. Sold Swine or Pork Market Formula,136447,83.16,198.82,83.16,27128392.54,2255997123.6264,27092376.970000003,2273050427.7830005,215,2004,101,83.52975423143161
2004-05-24,2004-05-21,Prod. Sold Negotiated,41552,81.9,195.11,81.9,8107210.72,663980557.968,7591149.05,625207035.758,221,2004,102,82.12243907097054
2004-05-24,2004-05-21,Prod. Sold Swine or Pork Market Formula,134065,82.56,198.5,82.56,26611902.5,2197078670.4,27128392.54,2255997123.6264,221,2004,102,82.86288325570011
2004-05-25,2004-05-24,Prod. Sold Swine or Pork Market Formula,138212,81.86,198.2,81.86,27393618.4,2242441602.224,26611902.5,2197078670.4,222,2004,103,82.20493384082886
2004-05-25,2004-05-24,Prod. Sold Negotiated,32789,80.79,193.47,80.79,6343687.83,512506539.7857,8107210.72,663980557.968,222,2004,103,81.41272971248559
2004-05-26,2004-05-25,Prod. Sold Swine or Pork Market Formula,137273,81.45,198.23,81.45,27211626.79,2216387002.0455,27393618.4,2242441602.224,223,2004,104,81.65568323619682
2004-05-26,2004-05-25,Prod. Sold Negotiated,40584,80.17,194.88,80.17,7909009.92,634065325.2864,6343687.83,512506539.7857,223,2004,104,80.44595382457331
2004-05-27,2004-05-26,Prod. Sold Swine or Pork Market Formula,135536,80.41,198.31,80.41,26878144.16,2161271571.9056,27211626.79,2216387002.0455,224,2004,105,80.933205984506
2004-05-27,2004-05-26,Prod. Sold Negotiated,36370,78.57,195.46,78.57,7108880.2,558544717.314,7909009.92,634065325.2864,224,2004,105,79.41262274999251
2004-05-28,2004-05-27,Prod. Sold Negotiated,32185,77.8,194.51,77.8,6260304.35,487051678.43,7108880.2,558544717.314,225,2004,106,78.20943692066841
2004-05-28,2004-05-27,Prod. Sold Swine or Pork Market Formula,138545,78.82,198.37,78.82,27483171.65,2166223589.453,26878144.16,2161271571.9056,225,2004,106,79.60615185408258
2004-06-01,2004-05-28,Prod. Sold Swine or Pork Market Formula,139494,77.9,198.22,77.9,27650500.68,2153974002.972,27483171.65,2166223589.453,232,2004,107,78.35860391389603
2004-06-01,2004-05-28,Prod. Sold Negotiated,34731,76.86,195.44,76.86,6787826.64,521712355.5504,6260304.35,487051678.43,232,2004,107,77.31099839153283
2004-06-02,2004-06-01,Prod. Sold Swine or Pork Market Formula,140377,76.63,198.54,76.63,27870449.58,2135712551.3154,27650500.68,2153974002.972,233,2004,108,77.2624844171282
2004-06-02,2004-06-01,Prod. Sold Negotiated,26880,75.21,194.79,75.21,5235955.2,393796190.592,6787826.64,521712355.5504,233,2004,108,76.14148013703483
2004-06-03,2004-06-02,Prod. Sold Negotiated,28550,74.77,194.72,74.77,5559256.0,415665571.12,5235955.2,393796190.592,234,2004,109,74.98341132149412
2004-06-03,2004-06-02,Prod. Sold Swine or Pork Market Formula,143344,76.11,199.32,76.10999999999999,28571326.08,2174563627.9488,27870449.58,2135712551.3154,234,2004,109,76.36677140047651
2004-06-04,2004-06-03,Prod. Sold Negotiated,33162,75.09,195.37,75.09,6478859.94,486497592.8946,5559256.0,415665571.12,235,2004,110,74.94222256299352
2004-06-04,2004-06-03,Prod. Sold Swine or Pork Market Formula,138069,75.88,199.22,75.88,27506106.18,2087163336.9384,28571326.08,2174563627.9488,235,2004,110,75.99718448462353
2004-06-07,2004-06-04,Prod. Sold Negotiated,43197,76.17,198.65,76.17,8581084.05,653621172.0885,6478859.94,486497592.8946,241,2004,111,75.7053788340882
2004-06-07,2004-06-04,Prod. Sold Swine or Pork Market Formula,159471,76.66,199.33,76.66,31787354.430000003,2436818590.6038003,27506106.18,2087163336.9384,241,2004,111,76.29815971272924
2004-06-08,2004-06-07,Prod. Sold Negotiated,28962,77.51,193.82,77.51,5613414.84,435095784.2484,8581084.05,653621172.0885,242,2004,112,76.69992190452734
2004-06-08,2004-06-07,Prod. Sold Swine or Pork Market Formula,128659,77.13,197.71,77.13,25437170.89,1961968990.7457,31787354.430000003,2436818590.6038003,242,2004,112,76.86892214048862
2004-06-09,2004-06-08,Prod. Sold Swine or Pork Market Formula,133998,77.69,197.18,77.69,26421725.64,2052703864.9716,25437170.89,1961968990.7457,243,2004,113,77.41531587342665
2004-06-09,2004-06-08,Prod. Sold Negotiated,33336,78.13,195.7,78.13,6523855.199999999,509708806.7759999,5613414.84,435095784.2484,243,2004,113,77.84325370620164
2004-06-10,2004-06-09,Prod. Sold Negotiated,35258,78.57,196.13,78.57,6915151.54,543323456.4978,6523855.199999999,509708806.7759999,244,2004,114,78.35640562181905
2004-06-10,2004-06-09,Prod. Sold Swine or Pork Market Formula,133851,78.39,197.81,78.39,26477066.31,2075537228.0409,26421725.64,2052703864.9716,244,2004,114,78.0403661564619
2004-06-11,2004-06-10,Prod. Sold Negotiated,33124,78.99,196.1,78.99,6495616.4,513088739.43599993,6915151.54,543323456.4978,245,2004,115,78.77343047469063
2004-06-11,2004-06-10,Prod. Sold Swine or Pork Market Formula,131276,78.49,200.05,78.49,26261763.8,2061285840.662,26477066.31,2075537228.0409,245,2004,115,78.43979587856846
2004-06-14,2004-06-11,Prod. Sold Negotiated,37546,79.37,197.54,79.37,7416836.84,588674339.9908,6495616.4,513088739.43599993,251,2004,116,79.19258095036014
2004-06-14,2004-06-11,Prod. Sold Swine or Pork Market Formula,136748,79.04,199.35,79.04,27260713.8,2154686818.7520003,26261763.8,2061285840.662,251,2004,116,78.77013263328453
2004-06-15,2004-06-14,Prod. Sold Negotiated,31961,78.99,195.05,78.99,6233993.050000001,492423111.0195,7416836.84,588674339.9908,252,2004,117,79.19646349137093
2004-06-15,2004-06-14,Prod. Sold Swine or Pork Market Formula,122479,79.37,197.94,79.37,24243493.26,1924206060.0462,27260713.8,2154686818.7520003,252,2004,117,79.19533396653365
2004-06-16,2004-06-15,Prod. Sold Swine or Pork Market Formula,123183,79.38,197.19,79.38,24290455.77,1928176379.0226,24243493.26,1924206060.0462,253,2004,118,79.37500483810929
2004-06-16,2004-06-15,Prod. Sold Negotiated,36285,79.16,194.16,79.16,7045095.6,557689767.696,6233993.050000001,492423111.0195,253,2004,118,79.08019190123413
2004-06-17,2004-06-16,Prod. Sold Negotiated,34505,78.87,194.39,78.87,6707426.949999999,529014763.5465,7045095.6,557689767.696,254,2004,119,79.0185602162492
2004-06-17,2004-06-16,Prod. Sold Swine or Pork Market Formula,139185,79.25,197.79,79.25,27529401.15,2181705041.1375,24290455.77,1928176379.0226,254,2004,119,79.310937243709
2004-06-18,2004-06-17,Prod. Sold Swine or Pork Market Formula,139759,79.07,198.39,79.07,27726788.01,2192357127.9507,27529401.15,2181705041.1375,255,2004,120,79.15967850085809
2004-06-18,2004-06-17,Prod. Sold Negotiated,41342,79.26,194.81,79.26,8053835.02,638346963.6852001,6707426.949999999,529014763.5465,255,2004,120,79.08278639076954
2004-06-21,2004-06-18,Prod. Sold Negotiated,41615,79.15,195.69,79.15,8143639.35,644569054.5525,8053835.02,638346963.6852001,261,2004,121,79.20469506121526
2004-06-21,2004-06-18,Prod. Sold Swine or Pork Market Formula,145009,79.44,198.83,79.44,28832139.470000003,2290425159.4968,27726788.01,2192357127.9507,261,2004,121,79.25861552153145
2004-06-22,2004-06-21,Prod. Sold Swine or Pork Market Formula,131545,79.49,198.33,79.49,26089319.85,2073840034.8765,28832139.470000003,2290425159.4968,262,2004,122,79.46375148090837
2004-06-22,2004-06-21,Prod. Sold Negotiated,42264,79.78,196.08,79.78,8287125.12,661146842.0736,8143639.35,644569054.5525,262,2004,122,79.4677508164719
2004-06-23,2004-06-22,Prod. Sold Swine or Pork Market Formula,135774,80.3,197.24,80.3,26780063.76,2150439119.928,26089319.85,2073840034.8765,263,2004,123,79.90029136646672
2004-06-23,2004-06-22,Prod. Sold Negotiated,37194,80.7,193.57,80.7,7199642.58,581011156.206,8287125.12,661146842.0736,263,2004,123,80.2076987491457
2004-06-24,2004-06-23,Prod. Sold Negotiated,33748,81.21,193.76,81.21,6539012.48,531033203.5007999,7199642.58,581011156.206,264,2004,124,80.9427381974608
2004-06-24,2004-06-23,Prod. Sold Swine or Pork Market Formula,135127,81.33,197.07,81.33000000000001,26629477.89,2165775436.7937,26780063.76,2150439119.928,264,2004,124,80.81354797999283
2004-06-25,2004-06-24,Prod. Sold Negotiated,41214,81.98,195.83,81.98,8070937.62,661655466.0876,6539012.48,531033203.5007999,265,2004,125,81.63536914396441
2004-06-25,2004-06-24,Prod. Sold Swine or Pork Market Formula,132178,81.51,198.0,81.51,26171244.0,2133218098.44,26629477.89,2165775436.7937,265,2004,125,81.41921893018457
2004-06-28,2004-06-25,Prod. Sold Negotiated,41859,81.64,195.81,81.64,8196410.79,669154976.8956,8070937.62,661655466.0876,271,2004,126,81.8086887574814
2004-06-28,2004-06-25,Prod. Sold Swine or Pork Market Formula,133666,82.1,197.33,82.1,26376311.78,2165495197.138,26171244.0,2133218098.44,271,2004,126,81.80615124279716
2004-06-29,2004-06-28,Prod. Sold Swine or Pork Market Formula,124962,81.32,196.72,81.32,24582524.64,1999050903.7248,26376311.78,2165495197.138,272,2004,127,81.72372827626663
2004-06-29,2004-06-28,Prod. Sold Negotiated,38394,81.09,196.28,81.09,7535974.32,611092157.6088,8196410.79,669154976.8956,272,2004,127,81.37654434168627
2004-06-30,2004-06-29,Prod. Sold Negotiated,37363,80.68,193.36,80.68,7224509.68,582873440.9824001,7535974.32,611092157.6088,273,2004,128,80.8893257559305
2004-06-30,2004-06-29,Prod. Sold Swine or Pork Market Formula,121250,80.87,196.43,80.87,23817137.5,1926091909.625,24582524.64,1999050903.7248,273,2004,128,81.09855812621174
2004-07-01,2004-06-30,Prod. Sold Negotiated,36648,79.32,192.71,79.32,7062436.08,560192429.8656,7224509.68,582873440.9824001,274,2004,129,80.0077140383852
2004-07-01,2004-06-30,Prod. Sold Swine or Pork Market Formula,135597,80.19,196.78,80.19,26682777.66,2139691940.5554,23817137.5,1926091909.625,274,2004,129,80.51070654868798
2004-07-02,2004-07-01,Prod. Sold Swine or Pork Market Formula,132744,79.63,196.48,79.63,26081541.12,2076873119.3856,26682777.66,2139691940.5554,275,2004,130,79.91319053169057
2004-07-02,2004-07-01,Prod. Sold Negotiated,36539,78.56,193.47,78.56,7069200.33,555356377.9248,7062436.08,560192429.8656,275,2004,130,78.93981810917538
2004-07-06,2004-07-02,Prod. Sold Negotiated,35432,78.72,194.66,78.72,6897193.12,542947042.4064,7069200.33,555356377.9248,282,2004,131,78.63901473656395
2004-07-06,2004-07-02,Prod. Sold Swine or Pork Market Formula,126820,79.61,195.75,79.61,24825015.0,1976319444.15,26081541.12,2076873119.3856,282,2004,131,79.6202468299205
2004-07-07,2004-07-06,Prod. Sold Negotiated,28917,78.49,192.44,78.49,5564787.48,436780169.3051999,6897193.12,542947042.4064,283,2004,132,78.61729552937997
2004-07-07,2004-07-06,Prod. Sold Swine or Pork Market Formula,140937,79.45,195.25,79.45,27517949.25,2186301067.9125,24825015.0,1976319444.15,283,2004,132,79.5258841700487
2004-07-08,2004-07-07,Prod. Sold Negotiated,35558,78.47,193.71,78.47,6887940.180000001,540496665.9246,5564787.48,436780169.3051999,284,2004,133,78.47893745953806
2004-07-08,2004-07-07,Prod. Sold Swine or Pork Market Formula,141641,79.47,196.5,79.47,27832456.5,2211845318.055,27517949.25,2186301067.9125,284,2004,133,79.46005682112818
2004-07-09,2004-07-08,Prod. Sold Swine or Pork Market Formula,136599,79.26,198.37,79.26,27097143.63,2147719604.1138,27832456.5,2211845318.055,285,2004,134,79.3664055782523
2004-07-09,2004-07-08,Prod. Sold Negotiated,40602,78.47,195.48,78.47,7936878.96,622806891.9912,6887940.180000001,540496665.9246,285,2004,134,78.47
2004-07-12,2004-07-09,Prod. Sold Negotiated,40664,78.21,194.26,78.20999999999998,7899388.64,617811185.5343999,7936878.96,622806891.9912,291,2004,135,78.34030775822454
2004-07-12,2004-07-09,Prod. Sold Swine or Pork Market Formula,144128,79.34,198.23,79.34000000000003,28570493.44,2266782949.5296,27097143.63,2147719604.1138,291,2004,135,79.30105867601901
2004-07-13,2004-07-12,Prod. Sold Negotiated,34322,78.98,193.7,78.98,6648171.4,525072577.172,7899388.64,617811185.5343999,292,2004,136,78.5618866369291
2004-07-13,2004-07-12,Prod. Sold Swine or Pork Market Formula,132709,79.29,195.37,79.29,25927357.33,2055780162.6957004,28570493.44,2266782949.5296,292,2004,136,79.31621249557216
2004-07-14,2004-07-13,Prod. Sold Swine or Pork Market Formula,124003,79.54,196.71,79.54,24392630.130000003,1940189800.5402005,25927357.33,2055780162.6957004,293,2004,137,79.41118758052846
2004-07-14,2004-07-13,Prod. Sold Negotiated,29275,78.59,193.16,78.59,5654759.0,444407509.81,6648171.4,525072577.172,293,2004,137,78.80074546971346
2004-07-15,2004-07-14,Prod. Sold Negotiated,38569,78.72,192.39,78.72,7420289.909999998,584125221.7152,5654759.0,444407509.81,294,2004,138,78.6637769850759
2004-07-15,2004-07-14,Prod. Sold Swine or Pork Market Formula,134469,79.86,195.82,79.86,26331719.58,2102851125.6588,24392630.130000003,1940189800.5402005,294,2004,138,79.706116476875
2004-07-16,2004-07-15,Prod. Sold Negotiated,39234,78.73,192.89,78.73,7567846.26,595816536.0498,7420289.909999998,584125221.7152,295,2004,139,78.72504922438264
2004-07-16,2004-07-15,Prod. Sold Swine or Pork Market Formula,131202,79.75,196.61,79.75,25795625.220000003,2057201111.2950003,26331719.58,2102851125.6588,295,2004,139,79.80556563766893
2004-07-19,2004-07-16,Prod. Sold Negotiated,39861,78.5,194.51,78.5,7753363.1099999985,608639004.135,7567846.26,595816536.0498,301,2004,140,78.61360752260252
2004-07-19,2004-07-16,Prod. Sold Swine or Pork Market Formula,149989,79.66,197.83,79.66,29672323.87,2363697319.4842,25795625.220000003,2057201111.2950003,301,2004,140,79.70185491455673
2004-07-20,2004-07-19,Prod. Sold Negotiated,35190,78.51,192.1,78.51,6759999.0,530727521.49,7753363.1099999985,608639004.135,302,2004,141,78.50465777601961
2004-07-20,2004-07-19,Prod. Sold Swine or Pork Market Formula,138820,79.27,195.89,79.26999999999998,27193449.8,2155624765.6459994,29672323.87,2363697319.4842,302,2004,141,79.47350037575247
2004-07-21,2004-07-20,Prod. Sold Negotiated,43333,78.3,193.84,78.3,8399668.72,657694060.776,6759999.0,530727521.49,303,2004,142,78.39364319958854
2004-07-21,2004-07-20,Prod. Sold Swine or Pork Market Formula,139953,79.29,195.36,79.29,27341218.08,2167885181.5632005,27193449.8,2155624765.6459994,303,2004,142,79.28002709620976
2004-07-22,2004-07-21,Prod. Sold Negotiated,39827,78.81,193.42,78.81,7703338.34,607100094.5754,8399668.72,657694060.776,304,2004,143,78.54397322430286
2004-07-22,2004-07-21,Prod. Sold Swine or Pork Market Formula,137320,79.48,196.14,79.48,26933944.8,2140709932.704,27341218.08,2167885181.5632005,304,2004,143,79.38428713320152
2004-07-23,2004-07-22,Prod. Sold Negotiated,38979,77.99,192.14,77.99,7489425.06,584100260.4294,7703338.34,607100094.5754,305,2004,144,78.40577277763701
2004-07-23,2004-07-22,Prod. Sold Swine or Pork Market Formula,136058,79.25,196.44,79.25,26727233.52,2118133256.46,26933944.8,2140709932.704,305,2004,144,79.36544299804707
2004-07-26,2004-07-23,Prod. Sold Negotiated,38988,77.98,193.59,77.98,7547686.92,588568626.0216,7489425.06,584100260.4294,311,2004,145,77.98498062731059
2004-07-26,2004-07-23,Prod. Sold Swine or Pork Market Formula,137273,79.26,195.56,79.26,26845107.88,2127743250.5688,26727233.52,2118133256.46,311,2004,145,79.25501100141948
2004-07-27,2004-07-26,Prod. Sold Negotiated,39832,77.71,194.18,77.71,7734577.76,601054037.7296,7547686.92,588568626.0216,312,2004,146,77.84334904944208
2004-07-27,2004-07-26,Prod. Sold Swine or Pork Market Formula,139111,78.79,196.25,78.79000000000002,27300533.75,2151009054.1625004,26845107.88,2127743250.5688,312,2004,146,79.0230233851474
2004-07-28,2004-07-27,Prod. Sold Negotiated,41881,78.1,192.98,78.1,8082195.38,631219459.178,7734577.76,601054037.7296,313,2004,147,77.90928566783502
2004-07-28,2004-07-27,Prod. Sold Swine or Pork Market Formula,150242,79.06,195.86,79.06000000000002,29426398.12,2326451035.3672004,27300533.75,2151009054.1625004,313,2004,147,78.93005917877964
2004-07-29,2004-07-28,Prod. Sold Negotiated,39076,78.52,192.75,78.52,7531899.0,591404709.48,8082195.38,631219459.178,314,2004,148,78.30259885094918
2004-07-29,2004-07-28,Prod. Sold Swine or Pork Market Formula,141855,79.43,195.25,79.43,27697188.75,2199987702.4125004,29426398.12,2326451035.3672004,314,2004,148,79.23939979610914
2004-07-30,2004-07-29,Prod. Sold Negotiated,41699,78.74,192.36,78.74,8021219.64,631590834.4536,7531899.0,591404709.48,315,2004,149,78.63346073810956
2004-07-30,2004-07-29,Prod. Sold Swine or Pork Market Formula,128161,79.61,197.12,79.61,25263096.32,2011195098.0352,27697188.75,2199987702.4125004,315,2004,149,79.51586353588525
2004-08-02,2004-07-30,Prod. Sold Swine or Pork Market Formula,137703,79.51,197.49,79.51,27194965.470000003,2162271704.5197005,25263096.32,2011195098.0352,321,2004,150,79.5581586537092
2004-08-02,2004-07-30,Prod. Sold Negotiated,41187,79.23,191.56,79.23,7889781.72,625107405.6756,8021219.64,631590834.4536,321,2004,150,78.98297609907311
2004-08-03,2004-08-02,Prod. Sold Swine or Pork Market Formula,124527,79.16,194.64,79.16,24237935.28,1918674956.7648,27194965.470000003,2162271704.5197005,322,2004,151,79.3450612696485
2004-08-03,2004-08-02,Prod. Sold Negotiated,28775,79.43,192.78,79.43,5547244.5,440617630.6350001,7889781.72,625107405.6756,322,2004,151,79.31256655020506
2004-08-04,2004-08-03,Prod. Sold Swine or Pork Market Formula,131494,79.58,194.6,79.58,25588732.4,2036351324.392,24237935.28,1918674956.7648,323,2004,152,79.3756930838125
2004-08-04,2004-08-03,Prod. Sold Negotiated,36422,78.53,192.28,78.53,7003222.16,549963036.2248,5547244.5,440617630.6350001,323,2004,152,78.92779557089395
2004-08-05,2004-08-04,Prod. Sold Swine or Pork Market Formula,146894,79.48,194.35,79.48,28548848.9,2269062510.572,25588732.4,2036351324.392,324,2004,153,79.52726611678163
2004-08-05,2004-08-04,Prod. Sold Negotiated,31776,79.49,190.45,79.49,6051739.199999999,481052749.0079999,7003222.16,549963036.2248,324,2004,153,78.97501622576995
2004-08-06,2004-08-05,Prod. Sold Swine or Pork Market Formula,136839,79.63,195.94,79.63,26812233.66,2135058166.3458,28548848.9,2269062510.572,325,2004,154,79.5526473338855
2004-08-06,2004-08-05,Prod. Sold Negotiated,34588,78.95,191.69,78.95,6630173.72,523452215.194,6051739.199999999,481052749.0079999,325,2004,154,79.20768503447508
2004-08-09,2004-08-06,Prod. Sold Negotiated,35757,79.19,193.08,79.19,6903961.5600000005,546724715.9364,6630173.72,523452215.194,331,2004,155,79.07242753157999
2004-08-09,2004-08-06,Prod. Sold Swine or Pork Market Formula,142511,79.89,196.63,79.88999999999999,28021937.93,2238672621.2277,26812233.66,2135058166.3458,331,2004,155,79.76286794804297
2004-08-10,2004-08-09,Prod. Sold Swine or Pork Market Formula,139730,79.78,196.32,79.78,27431793.6,2188508493.408,28021937.93,2238672621.2277,332,2004,156,79.83558531567226
2004-08-10,2004-08-09,Prod. Sold Negotiated,37297,79.42,193.01,79.42,7198693.97,571720275.0974,6903961.5600000005,546724715.9364,332,2004,156,79.30740339325298
2004-08-11,2004-08-10,Prod. Sold Swine or Pork Market Formula,143860,79.83,194.74,79.83,28015296.4,2236461111.612,27431793.6,2188508493.408,333,2004,157,79.80526308991149
2004-08-11,2004-08-10,Prod. Sold Negotiated,35662,79.02,191.82,79.02,6840684.84,540550916.0568,7198693.97,571720275.0974,333,2004,157,79.22510007080578
2004-08-12,2004-08-11,Prod. Sold Swine or Pork Market Formula,138429,79.54,196.45,79.54000000000002,27194377.05,2163040750.557,28015296.4,2236461111.612,334,2004,158,79.6871560226372
2004-08-12,2004-08-11,Prod. Sold Negotiated,32707,78.65,190.27,78.65,6223160.890000001,489451603.9985001,6840684.84,540550916.0568,334,2004,158,78.84374489282186
2004-08-13,2004-08-12,Prod. Sold Negotiated,32879,77.87,192.98,77.87,6344989.42,494084326.1354,6223160.890000001,489451603.9985001,335,2004,159,78.25621956091166
2004-08-13,2004-08-12,Prod. Sold Swine or Pork Market Formula,131759,78.58,196.35,78.58,25870879.65,2032933722.897,27194377.05,2163040750.557,335,2004,159,79.07197165134981
2004-08-16,2004-08-13,Prod. Sold Swine or Pork Market Formula,134711,78.24,196.01,78.24,26404703.11,2065903971.3264,25870879.65,2032933722.897,341,2004,160,78.40826400810073
2004-08-16,2004-08-13,Prod. Sold Negotiated,32173,77.25,191.94,77.25,6175285.62,477040814.145,6344989.42,494084326.1354,341,2004,160,77.56420183884396
2004-08-17,2004-08-16,Prod. Sold Swine or Pork Market Formula,149363,77.62,196.99,77.62,29423017.37,2283814608.2594004,26404703.11,2065903971.3264,342,2004,161,77.91323991356704
2004-08-17,2004-08-16,Prod. Sold Negotiated,35650,76.69,192.18,76.69,6851217.0,525419831.73,6175285.62,477040814.145,342,2004,161,76.95547109750629
2004-08-18,2004-08-17,Prod. Sold Negotiated,34721,75.29,191.59,75.29,6652196.39,500843866.2031,6851217.0,525419831.73,343,2004,162,76.0003169786021
2004-08-18,2004-08-17,Prod. Sold Swine or Pork Market Formula,153640,76.82,196.6,76.82,30205624.0,2320396035.68,29423017.37,2283814608.2594004,343,2004,162,77.21475012938734
2004-08-19,2004-08-18,Prod. Sold Swine or Pork Market Formula,152042,76.31,197.04,76.31,29958355.68,2286122121.9408,30205624.0,2320396035.68,344,2004,163,76.56604802611024
2004-08-19,2004-08-18,Prod. Sold Negotiated,34660,74.94,190.62,74.94,6606889.2,495120276.648,6652196.39,500843866.2031,344,2004,163,75.11559798680656
2004-08-20,2004-08-19,Prod. Sold Negotiated,38499,74.55,191.0,74.55,7353309.0,548189185.9499999,6606889.2,495120276.648,345,2004,164,74.73457379695368
2004-08-20,2004-08-19,Prod. Sold Swine or Pork Market Formula,144669,75.8,196.52,75.8,28430351.880000003,2155020672.504,29958355.68,2286122121.9408,345,2004,164,76.06167322476011
2004-08-23,2004-08-20,Prod. Sold Negotiated,52557,74.1,191.64,74.1,10072023.48,746336939.8679998,7353309.0,548189185.9499999,351,2004,165,74.28989531785393
2004-08-23,2004-08-20,Prod. Sold Swine or Pork Market Formula,160494,75.59,196.6,75.59,31553120.4,2385100371.036,28430351.880000003,2155020672.504,351,2004,165,75.68953364931811
2004-08-24,2004-08-23,Prod. Sold Negotiated,37810,73.97,191.15,73.97,7227381.5,534609409.555,10072023.48,746336939.8679998,352,2004,166,74.04568832881327
2004-08-24,2004-08-23,Prod. Sold Swine or Pork Market Formula,146026,75.05,196.29,75.05,28663443.54,2151191437.677,31553120.4,2385100371.036,352,2004,166,75.33295677968236
2004-08-25,2004-08-24,Prod. Sold Negotiated,38502,73.19,191.19,73.19,7361197.38,538766036.2422,7227381.5,534609409.555,353,2004,167,73.5764226677849
2004-08-25,2004-08-24,Prod. Sold Swine or Pork Market Formula,142364,74.64,196.5,74.64,27974526.0,2088018620.64,28663443.54,2151191437.677,353,2004,167,74.84749352328211
2004-08-26,2004-08-25,Prod. Sold Negotiated,36688,73.08,191.59,73.08,7029053.92,513683260.4736,7361197.38,538766036.2422,354,2004,168,73.13626946291062
2004-08-26,2004-08-25,Prod. Sold Swine or Pork Market Formula,146590,74.14,197.36,74.14,28931002.4,2144944517.936,27974526.0,2088018620.64,354,2004,168,74.38579796362984
2004-08-27,2004-08-26,Prod. Sold Negotiated,41317,72.26,192.92,72.26,7970875.64,575975473.7464,7029053.92,513683260.4736,355,2004,169,72.64425675209638
2004-08-27,2004-08-26,Prod. Sold Swine or Pork Market Formula,136740,73.69,196.8,73.69,26910432.0,1983029734.08,28931002.4,2144944517.936,355,2004,169,73.9231414158659
2004-08-30,2004-08-27,Prod. Sold Negotiated,49861,72.06,192.77,72.06,9611704.97,692619460.1382,7970875.64,575975473.7464,361,2004,170,72.15066786971495
2004-08-30,2004-08-27,Prod. Sold Swine or Pork Market Formula,158712,73.45,196.82,73.45,31237695.84,2294408759.448,26910432.0,1983029734.08,361,2004,170,73.56106984730052
2004-08-31,2004-08-30,Prod. Sold Swine or Pork Market Formula,137192,72.72,197.53,72.72,27099535.76,1970678240.4672,31237695.84,2294408759.448,362,2004,171,73.11089132853537
2004-08-31,2004-08-30,Prod. Sold Negotiated,38578,71.65,193.22,71.65,7454041.16,534082049.1140001,9611704.97,692619460.1382,362,2004,171,71.88091864883495
2004-09-01,2004-08-31,Prod. Sold Negotiated,41934,71.51,192.22,71.51,8060553.479999999,576410179.3548,7454041.16,534082049.1140001,363,2004,172,71.57726348877395
2004-09-01,2004-08-31,Prod. Sold Swine or Pork Market Formula,142247,72.63,196.87,72.63,28004166.89,2033942641.2207,27099535.76,1970678240.4672,363,2004,172,72.6742612401909
2004-09-02,2004-09-01,Prod. Sold Swine or Pork Market Formula,148041,72.67,196.26,72.67,29054526.66,2111392452.3822,28004166.89,2033942641.2207,364,2004,173,72.65036816818073
2004-09-02,2004-09-01,Prod. Sold Negotiated,37618,71.42,192.46,71.42,7239960.28,517077963.1976,8060553.479999999,576410179.3548,364,2004,173,71.46741342837106
2004-09-03,2004-09-02,Prod. Sold Negotiated,36387,71.61,189.93,71.61,6910982.91,494895486.1851,7239960.28,517077963.1976,365,2004,174,71.51279146522387
2004-09-03,2004-09-02,Prod. Sold Swine or Pork Market Formula,141772,72.43,198.93,72.43,28202703.96,2042721847.8228,29054526.66,2111392452.3822,365,2004,174,72.55178525441926
2004-09-06,2004-09-03,Prod. Sold Swine or Pork Market Formula,169235,72.19,197.89,72.19,33489914.15,2417636902.4885,28202703.96,2042721847.8228,371,2004,175,72.29971570274958
2004-09-06,2004-09-03,Prod. Sold Negotiated,58318,72.38,191.96,72.38,11194723.28,810274071.0064,6910982.91,494895486.1851,371,2004,175,72.0860895175887
2004-09-08,2004-09-07,Prod. Sold Negotiated,35019,71.34,194.6,71.34,6814697.4,486160512.516,11194723.28,810274071.0064,373,2004,176,71.98646789133697
2004-09-08,2004-09-07,Prod. Sold Swine or Pork Market Formula,151813,72.33,198.02,72.33,30062010.26,2174385202.1058,33489914.15,2417636902.4885,373,2004,176,72.25622429573096
2004-09-09,2004-09-08,Prod. Sold Swine or Pork Market Formula,153502,71.86,198.36,71.86,30448656.720000003,2188040471.8992,30062010.26,2174385202.1058,374,2004,177,72.0934984148641
2004-09-09,2004-09-08,Prod. Sold Negotiated,34501,71.64,192.8,71.64,6651792.800000001,476534436.192,6814697.4,486160512.516,374,2004,177,71.4881854447865
2004-09-10,2004-09-09,Prod. Sold Swine or Pork Market Formula,149347,71.97,199.33,71.97,29769337.51,2142499220.5947,30448656.720000003,2188040471.8992,375,2004,178,71.91437954498439
2004-09-10,2004-09-09,Prod. Sold Negotiated,34904,70.57,192.38,70.57,6714831.52,473865660.3664,6651792.800000001,476534436.192,375,2004,178,71.10247687116862
2004-09-13,2004-09-10,Prod. Sold Swine or Pork Market Formula,243889,71.8,199.27,71.8,48599761.03,3489462841.954,29769337.51,2142499220.5947,381,2004,179,71.86457631223251
2004-09-13,2004-09-10,Prod. Sold Negotiated,72294,71.03,194.68,71.03,14074195.92,999690136.1976,6714831.52,473865660.3664,381,2004,179,70.8814205386416
2004-09-14,2004-09-13,Prod. Sold Negotiated,36500,71.8,192.77,71.8,7036105.0,505192339.0,14074195.92,999690136.1976,382,2004,180,71.2866425211337
2004-09-14,2004-09-13,Prod. Sold Swine or Pork Market Formula,146652,72.26,198.49,72.26,29108955.48,2103413122.9848,48599761.03,3489462841.954,382,2004,180,71.97231168036441
2004-09-15,2004-09-14,Prod. Sold Negotiated,38669,72.39,193.34,72.39,7476264.46,541206784.2594,7036105.0,505192339.0,383,2004,181,72.10394733565445
2004-09-15,2004-09-14,Prod. Sold Swine or Pork Market Formula,147494,72.87,198.76,72.87,29315907.44,2136250175.1528,29108955.48,2103413122.9848,383,2004,181,72.56608036792291
2004-09-16,2004-09-15,Prod. Sold Swine or Pork Market Formula,147570,73.38,198.68,73.38000000000001,29319207.6,2151443453.688,29315907.44,2136250175.1528,384,2004,182,73.12501435216424
2004-09-16,2004-09-15,Prod. Sold Negotiated,34080,72.84,195.18,72.84,6651734.4,484512333.696,7476264.46,541206784.2594,384,2004,182,72.60186868074253
2004-09-17,2004-09-16,Prod. Sold Negotiated,36048,74.41,192.98,74.41,6956543.04,517636367.6064,6651734.4,484512333.696,385,2004,183,73.64258303234593
2004-09-17,2004-09-16,Prod. Sold Swine or Pork Market Formula,135758,74.23,198.56,74.23,26956108.48,2000951932.4704,29319207.6,2151443453.688,385,2004,183,73.78715350537398
2004-09-20,2004-09-17,Prod. Sold Negotiated,77589,75.75,194.15,75.75,15063904.35,1141090754.5125,6956543.04,517636367.6064,391,2004,184,75.32667673555837
2004-09-20,2004-09-17,Prod. Sold Swine or Pork Market Formula,185909,75.25,199.03,75.25,37001468.27,2784360487.3175,26956108.48,2000951932.4704,391,2004,184,74.82010205753926
2004-09-21,2004-09-20,Prod. Sold Swine or Pork Market Formula,128291,76.18,198.57,76.18,25474743.87,1940665988.0166,37001468.27,2784360487.3175,392,2004,185,75.62920851773168
2004-09-21,2004-09-20,Prod. Sold Negotiated,38810,77.02,196.84,77.02,7639360.4,588383538.008,15063904.35,1141090754.5125,392,2004,185,76.17733887900418
2004-09-22,2004-09-21,Prod. Sold Swine or Pork Market Formula,141074,77.63,198.59,77.63,28015885.66,2174873203.7858,25474743.87,1940665988.0166,393,2004,186,76.93944206609527
2004-09-22,2004-09-21,Prod. Sold Negotiated,39187,78.11,195.68,78.11,7668112.16,598956240.8176,7639360.4,588383538.008,393,2004,186,77.5660236640398
2004-09-23,2004-09-22,Prod. Sold Swine or Pork Market Formula,138316,78.54,198.16,78.54,27408698.56,2152679184.9024,28015885.66,2174873203.7858,394,2004,187,78.08001538650424
2004-09-23,2004-09-22,Prod. Sold Negotiated,42903,79.29,195.99,79.29,8408558.97,666714640.7313001,7668112.16,598956240.8176,394,2004,187,78.72717376093394
2004-09-24,2004-09-23,Prod. Sold Swine or Pork Market Formula,133274,79.41,198.96,79.41,26516195.040000003,2105651048.1264,27408698.56,2152679184.9024,395,2004,188,78.96780037464552
2004-09-24,2004-09-23,Prod. Sold Negotiated,43582,80.36,195.77,80.36,8532048.14,685635388.5304,8408558.97,666714640.7313001,395,2004,188,79.82889990190559
2004-09-27,2004-09-24,Prod. Sold Swine or Pork Market Formula,183794,80.08,199.18,80.08,36608088.92,2931575760.7136,26516195.040000003,2105651048.1264,401,2004,189,79.79855758889782
2004-09-27,2004-09-24,Prod. Sold Negotiated,77627,81.56,194.57,81.56,15103885.39,1231872892.4083998,8532048.14,685635388.5304,401,2004,189,81.12682659667303
2004-09-28,2004-09-27,Prod. Sold Swine or Pork Market Formula,131808,80.43,199.02,80.43,26232428.16,2109874196.9088,36608088.92,2931575760.7136,402,2004,190,80.22610557459785
2004-09-28,2004-09-27,Prod. Sold Negotiated,47256,81.68,194.19,81.68,9176642.64,749548170.8352,15103885.39,1231872892.4083998,402,2004,190,81.60535309592275
2004-09-29,2004-09-28,Prod. Sold Swine or Pork Market Formula,131765,80.59,198.09,80.59,26101328.85,2103506092.0215,26232428.16,2109874196.9088,403,2004,191,80.50979959503388
2004-09-29,2004-09-28,Prod. Sold Negotiated,46045,80.88,194.42,80.88,8952068.899999999,724043332.6319999,9176642.64,749548170.8352,403,2004,191,81.28495509544634
2004-09-30,2004-09-29,Prod. Sold Swine or Pork Market Formula,138591,80.33,198.01,80.33,27442403.91,2204448306.0903,26101328.85,2103506092.0215,404,2004,192,80.45674397452673
2004-09-30,2004-09-29,Prod. Sold Negotiated,39486,80.79,193.17,80.79,7627510.619999998,616226582.9898,8952068.899999999,724043332.6319999,404,2004,192,80.83859509253708
2004-10-01,2004-09-30,Prod. Sold Swine or Pork Market Formula,128234,79.91,198.87,79.91,25501895.58,2037856475.7978,27442403.91,2204448306.0903,405,2004,193,80.1276968956663
2004-10-01,2004-09-30,Prod. Sold Negotiated,41039,80.05,194.09,80.05,7965259.51,637619023.7755,7627510.619999998,616226582.9898,405,2004,193,80.4119855748364
2004-10-04,2004-10-01,Prod. Sold Swine or Pork Market Formula,163308,79.48,200.37,79.48,32722023.96,2600746464.3408003,25501895.58,2037856475.7978,411,2004,194,79.66833866194574
2004-10-04,2004-10-01,Prod. Sold Negotiated,68230,79.66,193.91,79.66,13230479.3,1053939981.038,7965259.51,637619023.7755,411,2004,194,79.80656017592717
2004-10-05,2004-10-04,Prod. Sold Swine or Pork Market Formula,136014,79.06,199.63,79.06,27152474.82,2146674659.2692,32722023.96,2600746464.3408003,412,2004,195,79.28953428159286
2004-10-05,2004-10-04,Prod. Sold Negotiated,35134,78.94,193.8,78.94,6808969.2,537500028.648,13230479.3,1053939981.038,412,2004,195,79.41535964355505
2004-10-06,2004-10-05,Prod. Sold Swine or Pork Market Formula,139895,78.46,199.27,78.46,27876876.65,2187219741.959,27152474.82,2146674659.2692,413,2004,196,78.75605082481994
2004-10-06,2004-10-05,Prod. Sold Negotiated,37368,77.9,194.15,77.90000000000002,7254997.2,565164281.8800001,6808969.2,537500028.648,413,2004,196,78.40350859541303
2004-10-07,2004-10-06,Prod. Sold Negotiated,32925,76.91,191.49,76.91,6304808.25,484902802.5075,7254997.2,565164281.8800001,414,2004,197,77.4396865987115
2004-10-07,2004-10-06,Prod. Sold Swine or Pork Market Formula,144390,77.6,198.87,77.6,28714839.3,2228271529.68,27876876.65,2187219741.959,414,2004,197,78.02363292076495
2004-10-08,2004-10-07,Prod. Sold Negotiated,34890,75.7,193.8,75.7,6761682.0,511859327.4,6304808.25,484902802.5075,415,2004,198,76.28384599357123
2004-10-08,2004-10-07,Prod. Sold Swine or Pork Market Formula,141945,76.75,199.44,76.75,28309510.8,2172754953.9,28714839.3,2228271529.68,415,2004,198,77.17802089567347
2004-10-11,2004-10-08,Prod. Sold Swine or Pork Market Formula,160854,75.41,199.12,75.41,32029248.48,2415325627.8768,28309510.8,2172754953.9,421,2004,199,76.03869613039214
2004-10-11,2004-10-08,Prod. Sold Negotiated,49739,74.33,192.83,74.33,9591171.37,712911767.9321,6761682.0,511859327.4,421,2004,199,74.89647632865065
2004-10-12,2004-10-11,Prod. Sold Negotiated,33206,73.19,194.3,73.19,6451925.800000001,472216449.3020001,9591171.37,712911767.9321,422,2004,200,73.8715351952269
2004-10-12,2004-10-11,Prod. Sold Swine or Pork Market Formula,131249,74.57,201.28,74.57,26417798.72,1969975250.5504,32029248.48,2415325627.8768,422,2004,200,75.03032383177776
2004-10-13,2004-10-12,Prod. Sold Swine or Pork Market Formula,140761,73.65,199.77,73.65,28119824.970000003,2071025109.0405004,26417798.72,1969975250.5504,423,2004,201,74.09564418428918
2004-10-13,2004-10-12,Prod. Sold Negotiated,39006,72.13,194.56,72.13,7589007.36,547395100.8768,6451925.800000001,472216449.3020001,423,2004,201,72.61707883372618
2004-10-14,2004-10-13,Prod. Sold Swine or Pork Market Formula,138982,72.78,200.17,72.78,27820026.94,2024741560.6932,28119824.970000003,2071025109.0405004,424,2004,202,73.2173312922469
2004-10-14,2004-10-13,Prod. Sold Negotiated,34781,71.2,194.01,71.2,6747861.81,480447760.872,7589007.36,547395100.8768,424,2004,202,71.6922815965684
2004-10-15,2004-10-14,Prod. Sold Negotiated,35941,70.31,195.69,70.31,7033294.29,494510921.5299,6747861.81,480447760.872,425,2004,203,70.7457832512252
2004-10-15,2004-10-14,Prod. Sold Swine or Pork Market Formula,134088,71.99,200.1,71.99,26831008.8,1931564323.512,27820026.94,2024741560.6932,425,2004,203,72.39214830304697
2004-10-18,2004-10-15,Prod. Sold Negotiated,80837,69.14,195.68,69.14,15818184.16,1093669252.8224,7033294.29,494510921.5299,431,2004,204,69.50010599214863
2004-10-18,2004-10-15,Prod. Sold Swine or Pork Market Formula,201437,71.33,199.99,71.33,40285385.63,2873556556.9879003,26831008.8,1931564323.512,431,2004,204,71.5938470966504
2004-10-19,2004-10-18,Prod. Sold Negotiated,37712,68.99,195.2,68.99,7361382.3999999985,507861771.7759999,15818184.16,1093669252.8224,432,2004,205,69.09236289871333
2004-10-19,2004-10-18,Prod. Sold Swine or Pork Market Formula,141893,70.48,201.26,70.48,28557385.18,2012724507.4864,40285385.63,2873556556.9879003,432,2004,205,70.97740266672308
2004-10-20,2004-10-19,Prod. Sold Swine or Pork Market Formula,152305,70.35,200.19,70.35,30489937.95,2144967134.7825,28557385.18,2012724507.4864,433,2004,206,70.41287262278134
2004-10-20,2004-10-19,Prod. Sold Negotiated,38650,68.36,195.21,68.36,7544866.5,515767073.94,7361382.3999999985,507861771.7759999,433,2004,206,68.6711225998648
2004-10-21,2004-10-20,Prod. Sold Swine or Pork Market Formula,149811,70.14,201.07,70.14,30122497.77,2112791993.5878,30489937.95,2144967134.7825,434,2004,207,70.24563652315638
2004-10-21,2004-10-20,Prod. Sold Negotiated,36027,68.43,194.04,68.43,6990679.08,478372169.4444001,7544866.5,515767073.94,434,2004,207,68.39366557745679
2004-10-22,2004-10-21,Prod. Sold Swine or Pork Market Formula,148315,70.25,201.38,70.25,29867674.7,2098204147.675,30122497.77,2112791993.5878,435,2004,208,70.19476637391972
2004-10-22,2004-10-21,Prod. Sold Negotiated,34312,68.69,193.64,68.69,6644175.68,456388427.4592,6990679.08,478372169.4444001,435,2004,208,68.55669630202941
2004-10-25,2004-10-22,Prod. Sold Swine or Pork Market Formula,230724,70.73,200.93,70.73,46359373.32,3278998474.9236,29867674.7,2098204147.675,441,2004,209,70.54192392689485
2004-10-25,2004-10-22,Prod. Sold Negotiated,79794,69.58,195.63,69.58,15610100.22,1086150773.3075998,6644175.68,456388427.4592,441,2004,209,69.31428403683985
2004-10-26,2004-10-25,Prod. Sold Swine or Pork Market Formula,143883,70.77,200.63,70.77,28867246.29,2042935019.9433,46359373.32,3278998474.9236,442,2004,210,70.74534948476465
2004-10-26,2004-10-25,Prod. Sold Negotiated,37844,70.85,195.35,70.85,7392825.3999999985,523781679.5899999,15610100.22,1086150773.3075998,442,2004,210,69.98816061457143
2004-10-27,2004-10-26,Prod. Sold Swine or Pork Market Formula,141130,71.02,201.81,71.02,28481445.3,2022752245.206,28867246.29,2042935019.9433,443,2004,211,70.89415908938088
2004-10-27,2004-10-26,Prod. Sold Negotiated,39282,71.17,195.24,71.17,7669417.68,545832456.2856001,7392825.3999999985,523781679.5899999,443,2004,211,71.01293812578677
2004-10-28,2004-10-27,Prod. Sold Swine or Pork Market Formula,145601,71.19,201.54,71.19,29344425.54,2089029654.1926,28481445.3,2022752245.206,444,2004,212,71.10626852080797
2004-10-28,2004-10-27,Prod. Sold Negotiated,37114,70.89,195.09,70.89,7240570.26,513284025.7314,7669417.68,545832456.2856001,444,2004,212,71.03402673959505
2004-10-29,2004-10-28,Prod. Sold Swine or Pork Market Formula,147600,71.18,201.5,71.18,29741400.0,2116992852.0,29344425.54,2089029654.1926,445,2004,213,71.1849664069634
2004-10-29,2004-10-28,Prod. Sold Negotiated,36822,70.9,196.37,70.9,7230736.14,512659192.3260001,7240570.26,513284025.7314,445,2004,213,70.89499660220034
2004-11-01,2004-10-29,Prod. Sold Swine or Pork Market Formula,197981,71.33,201.04,71.33,39802100.24,2839083810.1192,29741400.0,2116992852.0,451,2004,214,71.26585007966807
2004-11-01,2004-10-29,Prod. Sold Negotiated,65973,71.1,195.16,71.1,12875290.68,915433167.348,7230736.14,512659192.3260001,451,2004,214,71.02807394315413
2004-11-02,2004-11-01,Prod. Sold Swine or Pork Market Formula,134504,71.66,202.11,71.66,27184603.44,1948048682.5104,39802100.24,2839083810.1192,452,2004,215,71.46392089239164
2004-11-02,2004-11-01,Prod. Sold Negotiated,35638,71.13,196.47,71.13,7001797.86,498037881.7818,12875290.68,915433167.348,452,2004,215,71.1105676409992
2004-11-03,2004-11-02,Prod. Sold Swine or Pork Market Formula,145966,72.33,201.65,72.33,29434043.9,2128964395.287,27184603.44,1948048682.5104,453,2004,216,72.00830944113827
2004-11-03,2004-11-02,Prod. Sold Negotiated,36804,71.91,194.14,71.91,7145128.56,513806194.74959993,7001797.86,498037881.7818,453,2004,216,71.52395131573745
2004-11-04,2004-11-03,Prod. Sold Swine or Pork Market Formula,143629,72.83,201.61,72.83,28957042.69,2108941419.1127,29434043.9,2128964395.287,454,2004,217,72.57795773106025
2004-11-04,2004-11-03,Prod. Sold Negotiated,34656,72.7,195.45,72.7,6773515.199999999,492434555.04,7145128.56,513806194.74959993,454,2004,217,72.29445390946626
2004-11-05,2004-11-04,Prod. Sold Negotiated,32335,73.01,196.88,73.01,6366114.8,464790041.548,6773515.199999999,492434555.04,455,2004,218,72.85019415219455
2004-11-05,2004-11-04,Prod. Sold Swine or Pork Market Formula,148390,73.89,201.36,73.89,29879810.4,2207819190.4560003,28957042.69,2108941419.1127,455,2004,218,73.36831225432046
2004-11-08,2004-11-05,Prod. Sold Swine or Pork Market Formula,188293,75.13,203.39,75.13,38296913.27,2877247093.9751,29879810.4,2207819190.4560003,461,2004,219,74.58654524152054
2004-11-08,2004-11-05,Prod. Sold Negotiated,82355,76.27,195.3,76.27,16083931.500000002,1226721455.505,6366114.8,464790041.548,461,2004,219,75.34556830971881
2004-11-09,2004-11-08,Prod. Sold Negotiated,34898,75.99,195.69,75.99,6829189.62,518950119.2238,16083931.500000002,1226721455.505,462,2004,220,76.18654680811113
2004-11-09,2004-11-08,Prod. Sold Swine or Pork Market Formula,140006,75.07,201.44,75.07,28202808.64,2117184844.6048,38296913.27,2877247093.9751,462,2004,220,75.10455375045491
2004-11-10,2004-11-09,Prod. Sold Negotiated,36515,74.88,194.52,74.88,7102897.800000001,531864987.264,6829189.62,518950119.2238,463,2004,221,75.42409653411433
2004-11-10,2004-11-09,Prod. Sold Swine or Pork Market Formula,148260,75.19,201.84,75.19,29924798.4,2250045591.696,28202808.64,2117184844.6048,463,2004,221,75.13177745809368
2004-11-11,2004-11-10,Prod. Sold Negotiated,31249,74.21,199.55,74.21,6235737.95,462754113.2695,7102897.800000001,531864987.264,464,2004,222,74.56677873023858
2004-11-11,2004-11-10,Prod. Sold Swine or Pork Market Formula,148889,75.45,201.35,75.45,29978800.15,2261900471.3175,29924798.4,2250045591.696,464,2004,222,75.3201171920831
2004-11-12,2004-11-11,Prod. Sold Swine or Pork Market Formula,133707,75.77,200.7,75.77,26834994.9,2033287563.573,29978800.15,2261900471.3175,465,2004,223,75.60114636085201
2004-11-12,2004-11-11,Prod. Sold Negotiated,28290,73.36,195.9,73.36,5542011.0,406561926.96,6235737.95,462754113.2695,465,2004,223,73.81003313281694
2004-11-15,2004-11-12,Prod. Sold Swine or Pork Market Formula,196229,76.21,201.68,76.21,39575464.72,3016046166.3112,26834994.9,2033287563.573,471,2004,224,76.03220575157043
2004-11-15,2004-11-12,Prod. Sold Negotiated,71233,75.56,194.99,75.56,13889722.67,1049507444.9452,5542011.0,406561926.96,471,2004,224,74.93255087955309
2004-11-16,2004-11-15,Prod. Sold Swine or Pork Market Formula,141041,76.43,202.47,76.43,28556571.27,2182578742.1661,39575464.72,3016046166.3112,472,2004,225,76.30220986263086
2004-11-16,2004-11-15,Prod. Sold Negotiated,34382,76.34,195.09,76.34,6707584.38,512056991.5692,13889722.67,1049507444.9452,472,2004,225,75.81400970154493
2004-11-17,2004-11-16,Prod. Sold Negotiated,32039,77.15,195.13,77.15,6251770.07,482324060.90050006,6707584.38,512056991.5692,473,2004,226,76.73075509326006
2004-11-17,2004-11-16,Prod. Sold Swine or Pork Market Formula,159179,77.73,201.22,77.73,32029998.38,2489691774.0774,28556571.27,2182578742.1661,473,2004,226,77.11726449004361
2004-11-18,2004-11-17,Prod. Sold Swine or Pork Market Formula,152481,78.2,202.13,78.2,30820984.53,2410200990.246,32029998.38,2489691774.0774,474,2004,227,77.96047949385044
2004-11-18,2004-11-17,Prod. Sold Negotiated,33335,77.78,194.33,77.78,6477990.550000001,503858104.9790001,6251770.07,482324060.90050006,474,2004,227,77.47059786262501
2004-11-19,2004-11-18,Prod. Sold Swine or Pork Market Formula,153129,78.9,201.3,78.9,30824867.700000003,2432082061.53,30820984.53,2410200990.246,475,2004,228,78.55002204705508
2004-11-19,2004-11-18,Prod. Sold Negotiated,36852,78.16,195.72,78.16,7212673.44,563742556.0704,6477990.550000001,503858104.9790001,475,2004,228,77.98019598094012
2004-11-22,2004-11-19,Prod. Sold Swine or Pork Market Formula,175892,78.87,202.68,78.87,35649790.56,2811698981.4672003,30824867.700000003,2432082061.53,481,2004,229,78.88391125663834
2004-11-22,2004-11-19,Prod. Sold Negotiated,66651,78.73,196.11,78.73,13070927.61,1029074130.7353002,7212673.44,563742556.0704,481,2004,229,78.52731292038996
2004-11-23,2004-11-22,Prod. Sold Swine or Pork Market Formula,140606,78.61,202.19,78.61,28429127.14,2234813684.4754,35649790.56,2811698981.4672003,482,2004,230,78.75464890916221
2004-11-23,2004-11-22,Prod. Sold Negotiated,33175,77.96,194.77,77.96,6461494.75,503738130.71,13070927.61,1029074130.7353002,482,2004,230,78.47527732066204
2004-11-24,2004-11-23,Prod. Sold Negotiated,34424,76.9,194.96,76.9,6711303.04,516099203.776,6461494.75,503738130.71,483,2004,231,77.41994910604333
2004-11-24,2004-11-23,Prod. Sold Swine or Pork Market Formula,139475,78.14,200.95,78.14,28027501.25,2190068947.675,28429127.14,2234813684.4754,483,2004,231,78.3766717626759
2004-11-25,2004-11-24,Prod. Sold Negotiated,36418,75.99,196.77,75.99,7165969.86,544542049.6614,6711303.04,516099203.776,484,2004,232,76.43009264719439
2004-11-25,2004-11-24,Prod. Sold Swine or Pork Market Formula,142300,78.13,202.26,78.13,28781598.0,2248706251.74,28027501.25,2190068947.675,484,2004,232,78.13493362887635
2004-11-29,2004-11-26,Prod. Sold Swine or Pork Market Formula,249444,77.79,203.2,77.79,50687020.8,3942943348.032,28781598.0,2248706251.74,491,2004,233,77.9131397181399
2004-11-29,2004-11-26,Prod. Sold Negotiated,79506,75.35,200.16,75.35,15913920.96,1199113944.3359995,7165969.86,544542049.6614,491,2004,233,75.54871067615387
2004-11-30,2004-11-29,Prod. Sold Swine or Pork Market Formula,133163,77.82,203.5,77.82,27098670.5,2108818538.31,50687020.8,3942943348.032,492,2004,234,77.80045128096715
2004-11-30,2004-11-29,Prod. Sold Negotiated,33543,77.3,198.42,77.3,6655602.06,514478039.238,15913920.96,1199113944.3359995,492,2004,234,75.92504201597431
2004-12-01,2004-11-30,Prod. Sold Swine or Pork Market Formula,140734,78.37,202.74,78.37,28532411.16,2236085062.6092,27098670.5,2108818538.31,493,2004,235,78.10208738118574
2004-12-01,2004-11-30,Prod. Sold Negotiated,35485,77.61,195.6,77.61,6940866.0,538680610.26,6655602.06,514478039.238,493,2004,235,77.45825201445734
2004-12-02,2004-12-01,Prod. Sold Swine or Pork Market Formula,146511,79.4,203.7,79.4,29844290.7,2369636681.58,28532411.16,2236085062.6092,494,2004,236,78.89657341784604
2004-12-02,2004-12-01,Prod. Sold Negotiated,37755,79.27,196.54,79.27,7420367.699999998,588212547.5789999,6940866.0,538680610.26,494,2004,236,78.4677125502804
2004-12-03,2004-12-02,Prod. Sold Negotiated,40875,80.24,195.52,80.24,7991880.0,641268451.1999999,7420367.699999998,588212547.5789999,495,2004,237,79.772984623067
2004-12-03,2004-12-02,Prod. Sold Swine or Pork Market Formula,144372,80.46,203.04,80.46,29313290.88,2358547384.2048,29844290.7,2369636681.58,495,2004,237,79.92524270774625
2004-12-06,2004-12-03,Prod. Sold Swine or Pork Market Formula,178982,81.21,202.71,81.21,36281441.22,2946415841.4762,29313290.88,2358547384.2048,501,2004,238,80.87483637548085
2004-12-06,2004-12-03,Prod. Sold Negotiated,75334,82.0,195.21,82.0,14705950.14,1205887911.48,7991880.0,641268451.1999999,501,2004,238,81.38030601545421
2004-12-07,2004-12-06,Prod. Sold Negotiated,38767,81.36,195.44,81.35999999999999,7576622.479999999,616434004.9727999,14705950.14,1205887911.48,502,2004,239,81.78238426639983
2004-12-07,2004-12-06,Prod. Sold Swine or Pork Market Formula,130735,80.85,202.96,80.85,26533975.6,2145271927.26,36281441.22,2946415841.4762,502,2004,239,81.05793173874221
2004-12-08,2004-12-07,Prod. Sold Negotiated,42427,81.04,197.08,81.04,8361513.16,677617026.4864,7576622.479999999,616434004.9727999,503,2004,240,81.19212062742865
2004-12-08,2004-12-07,Prod. Sold Swine or Pork Market Formula,138232,80.39,203.44,80.39,28121918.08,2260720994.4512,26533975.6,2145271927.26,503,2004,240,80.61331770563412
2004-12-09,2004-12-08,Prod. Sold Negotiated,37916,79.6,195.38,79.6,7408028.08,589679035.168,8361513.16,677617026.4864,504,2004,241,80.36353387629681
2004-12-09,2004-12-08,Prod. Sold Swine or Pork Market Formula,136997,79.69,202.2,79.69,27700793.4,2207476226.046,28121918.08,2260720994.4512,504,2004,241,80.04264038836689
2004-12-10,2004-12-09,Prod. Sold Negotiated,39656,78.07,195.43,78.07,7749972.08,605040320.2856,7408028.08,589679035.168,505,2004,242,78.81774263377497
2004-12-10,2004-12-09,Prod. Sold Swine or Pork Market Formula,140170,78.54,203.31,78.54,28497962.7,2238229990.458,27700793.4,2207476226.046,505,2004,242,79.10684372788101
2004-12-13,2004-12-10,Prod. Sold Negotiated,54372,75.99,197.95,75.99,10762937.4,817875613.0259997,7749972.08,605040320.2856,511,2004,243,76.86074060097441
2004-12-13,2004-12-10,Prod. Sold Swine or Pork Market Formula,162702,76.85,202.95,76.85,33020370.9,2537615503.6649995,28497962.7,2238229990.458,511,2004,243,77.63288136470263
2004-12-14,2004-12-13,Prod. Sold Negotiated,34545,73.94,198.74,73.94,6865473.300000001,507633095.8020001,10762937.4,817875613.0259997,512,2004,244,75.19161717896665
2004-12-14,2004-12-13,Prod. Sold Swine or Pork Market Formula,126218,75.63,202.0,75.63,25496036.0,1928265202.68,33020370.9,2537615503.6649995,512,2004,244,76.31843687834153
2004-12-15,2004-12-14,Prod. Sold Swine or Pork Market Formula,137571,73.94,202.25,73.94,27823734.75,2057286947.415,25496036.0,1928265202.68,513,2004,245,74.74811114215076
2004-12-15,2004-12-14,Prod. Sold Negotiated,35391,72.96,195.58,72.96,6921771.78,505012469.0688,6865473.300000001,507633095.8020001,513,2004,245,73.44799914667216
2004-12-16,2004-12-15,Prod. Sold Negotiated,36903,70.5,196.96,70.5,7268414.88,512423249.04,6921771.78,505012469.0688,514,2004,246,71.69995310750902
2004-12-16,2004-12-15,Prod. Sold Swine or Pork Market Formula,144332,72.56,203.0,72.56,29299396.0,2125964173.76,27823734.75,2057286947.415,514,2004,246,73.23217523708641
2004-12-17,2004-12-16,Prod. Sold Negotiated,36956,69.33,196.52,69.33,7262593.12,503515581.0096,7268414.88,512423249.04,515,2004,247,69.91523437669294
2004-12-17,2004-12-16,Prod. Sold Swine or Pork Market Formula,149395,71.63,201.27,71.63,30068731.65,2153823248.0895,29299396.0,2125964173.76,515,2004,247,72.0889741896635
2004-12-20,2004-12-17,Prod. Sold Negotiated,71404,68.03,197.6,68.03,14109430.4,959864550.112,7262593.12,503515581.0096,521,2004,248,68.47176308561352
2004-12-20,2004-12-17,Prod. Sold Swine or Pork Market Formula,237313,70.07,201.44,70.07,47804330.72,3349649453.5504,30068731.65,2153823248.0895,521,2004,248,70.67235490869909
2004-12-21,2004-12-20,Prod. Sold Negotiated,37393,67.02,197.82,67.02,7397083.26,495752520.0852,14109430.4,959864550.112,522,2004,249,67.68261435624986
2004-12-21,2004-12-20,Prod. Sold Swine or Pork Market Formula,140116,68.5,202.63,68.5,28391705.08,1944831797.98,47804330.72,3349649453.5504,522,2004,249,69.48499611485562
2004-12-22,2004-12-21,Prod. Sold Swine or Pork Market Formula,157054,67.26,200.97,67.26,31563142.38,2122936956.4788,28391705.08,1944831797.98,523,2004,250,67.847203800705
2004-12-22,2004-12-21,Prod. Sold Negotiated,32100,65.39,196.95,65.39,6322095.0,413401792.05,7397083.26,495752520.0852,523,2004,250,66.26886063474767
2004-12-23,2004-12-22,Prod. Sold Swine or Pork Market Formula,155275,66.18,201.04,66.18,31216486.0,2065907043.4800005,31563142.38,2122936956.4788,524,2004,251,66.72298177052065
2004-12-23,2004-12-22,Prod. Sold Negotiated,32039,63.95,199.57,63.95,6394023.23,408897785.5585,6322095.0,413401792.05,524,2004,251,64.66592734790105
2004-12-27,2004-12-23,Prod. Sold Negotiated,48838,63.45,196.47,63.45,9595201.86,608815558.017,6394023.23,408897785.5585,531,2004,252,63.64994787721135
2004-12-27,2004-12-23,Prod. Sold Swine or Pork Market Formula,212515,65.62,201.8,65.62,42885527.0,2814148281.74,31216486.0,2065907043.4800005,531,2004,252,65.85590765557205
2004-12-28,2004-12-27,Prod. Sold Negotiated,24330,63.62,197.72,63.61999999999999,4810527.6,306045765.91199994,9595201.86,608815558.017,532,2004,253,63.506768363884014
2004-12-28,2004-12-27,Prod. Sold Swine or Pork Market Formula,116930,64.77,202.79,64.77,23712234.7,1535841441.5189998,42885527.0,2814148281.74,532,2004,253,65.31735620266349
2004-12-29,2004-12-28,Prod. Sold Negotiated,33865,62.54,197.23,62.54,6679193.949999999,417716789.633,4810527.6,306045765.91199994,533,2004,254,62.99217543222359
2004-12-29,2004-12-28,Prod. Sold Swine or Pork Market Formula,144849,64.59,202.3,64.59,29302952.700000003,1892677714.8930004,23712234.7,1535841441.5189998,533,2004,254,64.6705090476017
2004-12-30,2004-12-29,Prod. Sold Swine or Pork Market Formula,152336,64.82,202.22,64.82,30805385.92,1996805115.3344,29302952.700000003,1892677714.8930004,534,2004,255,64.70787447339697
2004-12-30,2004-12-29,Prod. Sold Negotiated,35082,63.18,197.24,63.18000000000001,6919573.680000001,437178665.10240006,6679193.949999999,417716789.633,534,2004,255,62.86565650621387
2005-01-03,2004-12-30,Prod. Sold Negotiated,70710,64.94,200.27,64.94,14161091.7,919621294.998,6919573.680000001,437178665.10240006,21,2005,1,64.36229291830824
2005-01-03,2004-12-30,Prod. Sold Swine or Pork Market Formula,257531,65.55,203.8,65.55,52484817.8,3440379806.79,30805385.92,1996805115.3344,21,2005,1,65.28000508202382
2005-01-04,2005-01-03,Prod. Sold Swine or Pork Market Formula,124684,67.52,203.45,67.52,25366959.8,1712777125.6959996,52484817.8,3440379806.79,22,2005,2,66.19189813446212
2005-01-04,2005-01-03,Prod. Sold Negotiated,37073,67.34,199.01,67.34,7377897.729999999,496827633.1382,14161091.7,919621294.998,22,2005,2,65.76208845542853
2005-01-05,2005-01-04,Prod. Sold Negotiated,33282,69.49,196.6,69.49,6543241.2,454689830.988,7377897.729999999,496827633.1382,23,2005,3,68.35054724406805
2005-01-05,2005-01-04,Prod. Sold Swine or Pork Market Formula,146370,68.36,203.79,68.36,29828742.3,2039092823.628,25366959.8,1712777125.6959996,23,2005,3,67.97395098854989
2005-01-06,2005-01-05,Prod. Sold Swine or Pork Market Formula,145620,69.71,203.3,69.71,29604546.0,2063732901.66,29828742.3,2039092823.628,24,2005,4,69.03245374171901
2005-01-06,2005-01-05,Prod. Sold Negotiated,33526,70.46,198.73,70.46,6662621.98,469448344.71079993,6543241.2,454689830.988,24,2005,4,69.97938439180466
2005-01-07,2005-01-06,Prod. Sold Swine or Pork Market Formula,134185,70.73,203.8,70.73,27346903.0,1934246449.19,29604546.0,2063732901.66,25,2005,5,70.19978281588585
2005-01-07,2005-01-06,Prod. Sold Negotiated,36015,71.18,200.01,71.18,7203360.15,512735175.477,6662621.98,469448344.71079993,25,2005,5,70.83403908784642
2005-01-10,2005-01-07,Prod. Sold Swine or Pork Market Formula,157860,71.6,203.93,71.6,32192389.8,2304975109.68,27346903.0,1934246449.19,31,2005,6,71.20040160890188
2005-01-10,2005-01-07,Prod. Sold Negotiated,46001,71.82,200.88,71.82,9240680.88,663665700.8016,7203360.15,512735175.477,31,2005,6,71.53964613274867
2005-01-11,2005-01-10,Prod. Sold Swine or Pork Market Formula,142090,72.08,202.98,72.08,28841428.2,2078890144.656,32192389.8,2304975109.68,32,2005,7,71.82682319392175
2005-01-11,2005-01-10,Prod. Sold Negotiated,33723,71.51,200.49,71.51,6761124.2700000005,483487996.5477001,9240680.88,663665700.8016,32,2005,7,71.68901799490416
2005-01-12,2005-01-11,Prod. Sold Swine or Pork Market Formula,149839,72.47,203.57,72.47,30502725.23,2210532497.4181,28841428.2,2078890144.656,33,2005,8,72.28045888519972
2005-01-12,2005-01-11,Prod. Sold Negotiated,40745,71.19,198.68,71.19,8095216.6,576298469.7540001,6761124.2700000005,483487996.5477001,33,2005,8,71.33563207625163
2005-01-13,2005-01-12,Prod. Sold Negotiated,35827,71.35,197.6,71.35,7079415.2,505116274.52,8095216.6,576298469.7540001,34,2005,9,71.2646447391231
2005-01-13,2005-01-12,Prod. Sold Swine or Pork Market Formula,155484,72.38,203.49,72.38,31639439.16,2290062606.4008,30502725.23,2210532497.4181,34,2005,9,72.4241768531503
2005-01-14,2005-01-13,Prod. Sold Swine or Pork Market Formula,145387,72.53,203.36,72.53,29565900.32,2144414750.2096,31639439.16,2290062606.4008,35,2005,10,72.45245912016301
2005-01-14,2005-01-13,Prod. Sold Negotiated,39464,70.99,198.46,70.99,7832025.44,555995485.9856,7079415.2,505116274.52,35,2005,10,71.16091503990322
2005-01-17,2005-01-14,Prod. Sold Negotiated,46282,71.39,201.18,71.39,9311012.76,664713200.9364,7832025.44,555995485.9856,41,2005,11,71.2072546698286
2005-01-17,2005-01-14,Prod. Sold Swine or Pork Market Formula,168633,72.54,203.45,72.54,34308383.85,2488730164.479,29565900.32,2144414750.2096,41,2005,11,72.5353712357478
2005-01-18,2005-01-17,Prod. Sold Negotiated,24456,72.49,198.01,72.49,4842532.56,351035185.27439994,9311012.76,664713200.9364,42,2005,12,71.7663569971739
2005-01-18,2005-01-17,Prod. Sold Swine or Pork Market Formula,130063,73.13,203.12,73.13,26418396.56,1931977340.4328,34308383.85,2488730164.479,42,2005,12,72.7966718318535
2005-01-19,2005-01-18,Prod. Sold Negotiated,45656,72.7,199.08,72.7,9089196.48,660784584.0960001,4842532.56,351035185.27439994,43,2005,13,72.62700605684476
2005-01-19,2005-01-18,Prod. Sold Swine or Pork Market Formula,139008,73.35,203.78,73.35,28327050.24,2077789135.104,26418396.56,1931977340.4328,43,2005,13,73.24383505692386
2005-01-20,2005-01-19,Prod. Sold Swine or Pork Market Formula,143540,73.69,203.05,73.69,29145797.0,2147753780.93,28327050.24,2077789135.104,44,2005,14,73.5224217862153
2005-01-20,2005-01-19,Prod. Sold Negotiated,35726,73.32,198.04,73.32,7075177.04,518751980.5728,9089196.48,660784584.0960001,44,2005,14,72.97137517945701
2005-01-21,2005-01-20,Prod. Sold Swine or Pork Market Formula,150817,74.05,203.23,74.05,30650538.91,2269672406.2855,29145797.0,2147753780.93,45,2005,15,73.87452960101449
2005-01-21,2005-01-20,Prod. Sold Negotiated,37035,73.28,197.83,73.28,7326634.05,536895743.184,7075177.04,518751980.5728,45,2005,15,73.29965079807195
2005-01-24,2005-01-21,Prod. Sold Swine or Pork Market Formula,156529,73.97,203.8,73.97,31900610.200000003,2359688136.494,30650538.91,2269672406.2855,51,2005,16,74.00920060858496
2005-01-24,2005-01-21,Prod. Sold Negotiated,43358,73.25,198.74,73.25,8616968.92,631192973.39,7326634.05,536895743.184,51,2005,16,73.26378603204766
2005-01-25,2005-01-24,Prod. Sold Swine or Pork Market Formula,139076,74.29,202.84,74.29,28210175.84,2095733963.1536,31900610.200000003,2359688136.494,52,2005,17,74.12017697926613
2005-01-25,2005-01-24,Prod. Sold Negotiated,35872,73.52,199.19,73.52,7145343.68,525325667.3536,8616968.92,631192973.39,52,2005,17,73.37239592263892
2005-01-26,2005-01-25,Prod. Sold Swine or Pork Market Formula,141521,74.79,203.09,74.79,28741499.89,2149576776.7731004,28210175.84,2095733963.1536,53,2005,18,74.54233234598978
2005-01-26,2005-01-25,Prod. Sold Negotiated,39318,73.92,198.7,73.92,7812486.6,577499009.472,7145343.68,525325667.3536,53,2005,18,73.72892031675065
2005-01-27,2005-01-26,Prod. Sold Negotiated,35955,74.73,196.14,74.73,7052213.699999999,527011929.801,7812486.6,577499009.472,54,2005,19,74.30428578993954
2005-01-27,2005-01-26,Prod. Sold Swine or Pork Market Formula,137841,74.95,202.14,74.95,27863179.74,2088345321.513,28741499.89,2149576776.7731004,54,2005,19,74.86875866072454
2005-01-28,2005-01-27,Prod. Sold Negotiated,40863,74.46,198.44,74.46,8108853.72,603785247.9912,7052213.699999999,527011929.801,55,2005,20,74.58559126915355
2005-01-28,2005-01-27,Prod. Sold Swine or Pork Market Formula,142815,75.07,202.82,75.07,28965738.3,2174457974.181,27863179.74,2088345321.513,55,2005,20,75.01116408187734
2005-01-31,2005-01-28,Prod. Sold Negotiated,49949,74.85,199.17,74.85,9948342.33,744633423.4004998,8108853.72,603785247.9912,61,2005,21,74.67486467212056
2005-01-31,2005-01-28,Prod. Sold Swine or Pork Market Formula,157708,75.14,203.03,75.13999999999999,32019455.24,2405941866.7336,28965738.3,2174457974.181,61,2005,21,75.10675255806689
2005-02-01,2005-01-31,Prod. Sold Negotiated,33978,74.75,196.71,74.75,6683812.38,499614975.405,9948342.33,744633423.4004998,62,2005,22,74.8098139116877
2005-02-01,2005-01-31,Prod. Sold Swine or Pork Market Formula,134818,75.03,202.6,75.03,27314126.8,2049378933.804,32019455.24,2405941866.7336,62,2005,22,75.08936166257458
2005-02-02,2005-02-01,Prod. Sold Swine or Pork Market Formula,135302,74.86,202.98,74.86,27463599.96,2055925093.0056,27314126.8,2049378933.804,63,2005,23,74.94476805867363
2005-02-02,2005-02-01,Prod. Sold Negotiated,39064,74.38,198.6,74.38,7758110.3999999985,577048251.5519999,6683812.38,499614975.405,63,2005,23,74.55123831904326
2005-02-03,2005-02-02,Prod. Sold Swine or Pork Market Formula,144335,74.09,203.45,74.09,29364955.75,2175649571.5175,27463599.96,2055925093.0056,64,2005,24,74.46211876502923
2005-02-03,2005-02-02,Prod. Sold Negotiated,41603,73.37,196.76,73.37,8185806.279999998,600592606.7636,7758110.3999999985,577048251.5519999,64,2005,24,73.86145336502096
2005-02-04,2005-02-03,Prod. Sold Negotiated,37337,72.22,198.29,72.22,7403553.729999999,534684650.3806,8185806.279999998,600592606.7636,65,2005,25,72.8238527056891
2005-02-04,2005-02-03,Prod. Sold Swine or Pork Market Formula,139327,73.42,203.53,73.42,28357224.31,2081987408.8402,29364955.75,2175649571.5175,65,2005,25,73.7608485322635
2005-02-07,2005-02-04,Prod. Sold Negotiated,37559,72.02,196.49,72.02,7379967.91,531505288.8782,7403553.729999999,534684650.3806,71,2005,26,72.12015954128233
2005-02-07,2005-02-04,Prod. Sold Swine or Pork Market Formula,141161,72.69,203.3,72.69,28698031.3,2086059895.197,28357224.31,2081987408.8402,71,2005,26,73.0528197529742
2005-02-08,2005-02-07,Prod. Sold Swine or Pork Market Formula,140254,71.49,203.34,71.49,28519248.36,2038841065.2564,28698031.3,2086059895.197,72,2005,27,72.09187477916876
2005-02-08,2005-02-07,Prod. Sold Negotiated,34800,70.04,197.44,70.04,6870912.0,481238676.48,7379967.91,531505288.8782,72,2005,27,71.06536380589007
2005-02-09,2005-02-08,Prod. Sold Swine or Pork Market Formula,142410,70.28,203.0,70.28,28909230.0,2031740684.4,28519248.36,2038841065.2564,73,2005,28,70.88089160467179
2005-02-09,2005-02-08,Prod. Sold Negotiated,37438,69.77,197.23,69.77,7383896.739999998,515174475.5497999,6870912.0,481238676.48,73,2005,28,69.90014178399984
2005-02-10,2005-02-09,Prod. Sold Swine or Pork Market Formula,138252,69.84,202.82,69.84,28040270.64,1958332501.4976,28909230.0,2031740684.4,74,2005,29,70.0633568522472
2005-02-10,2005-02-09,Prod. Sold Negotiated,36646,68.57,196.55,68.57,7202771.300000001,493894028.041,7383896.739999998,515174475.5497999,74,2005,29,69.17745031447224
2005-02-11,2005-02-10,Prod. Sold Negotiated,34039,67.29,197.85,67.29,6734616.15,453172320.7335,7202771.300000001,493894028.041,75,2005,30,67.95149752219166
2005-02-11,2005-02-10,Prod. Sold Swine or Pork Market Formula,131614,69.23,204.08,69.23,26859785.12,1859502923.8576,28040270.64,1958332501.4976,75,2005,30,69.54155824622791
2005-02-14,2005-02-11,Prod. Sold Negotiated,49352,66.7,197.3,66.7,9737149.6,649467878.3200002,6734616.15,453172320.7335,81,2005,31,66.94122632562937
2005-02-14,2005-02-11,Prod. Sold Swine or Pork Market Formula,160076,68.42,204.36,68.42,32713131.360000003,2238232447.6512003,26859785.12,1859502923.8576,81,2005,31,68.78520666156247
2005-02-15,2005-02-14,Prod. Sold Swine or Pork Market Formula,147848,67.9,202.6,67.9,29954004.8,2033876925.9200003,32713131.360000003,2238232447.6512003,82,2005,32,68.17144735422038
2005-02-15,2005-02-14,Prod. Sold Negotiated,30069,66.46,197.92,66.46,5951256.48,395520505.6607999,9737149.6,649467878.3200002,82,2005,32,66.60895814731487
2005-02-16,2005-02-15,Prod. Sold Swine or Pork Market Formula,146076,67.13,203.69,67.13,29754220.44,1997400818.1372,29954004.8,2033876925.9200003,83,2005,33,67.51628821411607
2005-02-16,2005-02-15,Prod. Sold Negotiated,38844,65.8,197.05,65.8,7654210.2,503647031.16,5951256.48,395520505.6607999,83,2005,33,66.088694931911
2005-02-17,2005-02-16,Prod. Sold Swine or Pork Market Formula,156392,67.44,203.64,67.44,31847666.88,2147806654.3872,29754220.44,1997400818.1372,84,2005,34,67.29026743923468
2005-02-17,2005-02-16,Prod. Sold Negotiated,32527,65.94,197.16,65.94,6413023.32,422874757.7208,7654210.2,503647031.16,84,2005,34,65.86382372650057
2005-02-18,2005-02-17,Prod. Sold Swine or Pork Market Formula,152398,67.51,205.54,67.51,31323884.92,2114675470.9492,31847666.88,2147806654.3872,85,2005,35,67.47470980024904
2005-02-18,2005-02-17,Prod. Sold Negotiated,32621,66.56,197.23,66.56,6433839.83,428236379.0848,6413023.32,422874757.7208,85,2005,35,66.25050231079949
2005-02-21,2005-02-18,Prod. Sold Swine or Pork Market Formula,181989,67.94,205.32,67.94,37365981.48,2538644781.7512,31323884.92,2114675470.9492,91,2005,36,67.74391182540428
2005-02-21,2005-02-18,Prod. Sold Negotiated,47926,67.6,200.33,67.6,9601015.58,649028653.208,6433839.83,428236379.0848,91,2005,36,67.18270946309705
2005-02-22,2005-02-21,Prod. Sold Negotiated,34597,68.15,199.99,68.15,6919054.03,471533532.1445001,9601015.58,649028653.208,92,2005,37,67.83035494440026
2005-02-22,2005-02-21,Prod. Sold Swine or Pork Market Formula,122012,68.64,203.98,68.64,24888007.76,1708312852.6464,37365981.48,2538644781.7512,92,2005,37,68.21984721372371
2005-02-23,2005-02-22,Prod. Sold Swine or Pork Market Formula,147687,69.44,202.89,69.44,29964215.43,2080715119.4592,24888007.76,1708312852.6464,93,2005,38,69.07701733402796
2005-02-23,2005-02-22,Prod. Sold Negotiated,43133,69.25,197.59,69.25,8522649.47,590193475.7975,6919054.03,471533532.1445001,93,2005,38,68.75711659286814
2005-02-24,2005-02-23,Prod. Sold Swine or Pork Market Formula,147897,70.12,202.98,70.12,30020133.06,2105011730.1672,29964215.43,2080715119.4592,94,2005,39,69.78031694924891
2005-02-24,2005-02-23,Prod. Sold Negotiated,37362,70.07,196.43,70.07,7339017.66,514244967.4362,8522649.47,590193475.7975,94,2005,39,69.62940491575553
2005-02-25,2005-02-24,Prod. Sold Negotiated,37450,70.03,197.26,70.03,7387387.0,517338711.61,7339017.66,514244967.4362,95,2005,40,70.04993430936999
2005-02-25,2005-02-24,Prod. Sold Swine or Pork Market Formula,141973,70.25,203.45,70.25,28884406.85,2029129581.2125,30020133.06,2105011730.1672,95,2005,40,70.18374674848894
2005-02-28,2005-02-25,Prod. Sold Negotiated,57706,70.76,199.18,70.76,11493881.08,813307025.2208,7387387.0,517338711.61,101,2005,41,70.47438398696791
2005-02-28,2005-02-25,Prod. Sold Swine or Pork Market Formula,158283,70.71,203.7,70.71,32242247.1,2279849292.4409995,28884406.85,2029129581.2125,101,2005,41,70.4926344762488
2005-03-01,2005-02-28,Prod. Sold Negotiated,35936,70.84,196.41,70.84,7058189.76,500002162.5984,11493881.08,813307025.2208,102,2005,42,70.79043623462145
2005-03-01,2005-02-28,Prod. Sold Swine or Pork Market Formula,143465,70.28,202.63,70.28,29070312.95,2043061594.126,32242247.1,2279849292.4409995,102,2005,42,70.50612277552419
2005-03-02,2005-03-01,Prod. Sold Negotiated,35500,70.05,196.18,70.05,6964390.0,487855519.5,7058189.76,500002162.5984,103,2005,43,70.44764223173155
2005-03-02,2005-03-01,Prod. Sold Swine or Pork Market Formula,148310,70.32,203.74,70.32,30216679.4,2124836895.408,29070312.95,2043061594.126,103,2005,43,70.30038671769458
2005-03-03,2005-03-02,Prod. Sold Swine or Pork Market Formula,142891,70.34,204.08,70.34,29161195.28,2051198475.9952,30216679.4,2124836895.408,104,2005,44,70.32982224285969
2005-03-03,2005-03-02,Prod. Sold Negotiated,33222,69.93,196.89,69.93,6541079.579999999,457417695.0294,6964390.0,487855519.5,104,2005,44,69.99188061770452
2005-03-04,2005-03-03,Prod. Sold Negotiated,32786,70.3,197.53,70.3,6476218.58,455278166.174,6541079.579999999,457417695.0294,105,2005,45,70.11407820464335
2005-03-04,2005-03-03,Prod. Sold Swine or Pork Market Formula,143457,70.64,204.31,70.64,29309699.67,2070437184.6888,29161195.28,2051198475.9952,105,2005,45,70.49038097002823
2005-03-07,2005-03-04,Prod. Sold Negotiated,50275,72.45,197.13,72.45,9910710.75,718030993.8375,6476218.58,455278166.174,111,2005,46,71.60030634070598
2005-03-07,2005-03-04,Prod. Sold Swine or Pork Market Formula,155814,71.54,202.51,71.54,31553893.14,2257365515.2356,29309699.67,2070437184.6888,111,2005,46,71.1065926297623
2005-03-08,2005-03-07,Prod. Sold Swine or Pork Market Formula,144153,72.23,203.76,72.23,29372615.28,2121584001.6744,31553893.14,2257365515.2356,112,2005,47,71.87264838358188
2005-03-08,2005-03-07,Prod. Sold Negotiated,33348,73.23,197.56,73.23,6588230.88,482456147.3424,9910710.75,718030993.8375,112,2005,47,72.76146362000918
2005-03-09,2005-03-08,Prod. Sold Negotiated,41037,74.24,197.88,74.24,8120401.56,602858611.8144,6588230.88,482456147.3424,113,2005,48,73.7876049037228
2005-03-09,2005-03-08,Prod. Sold Swine or Pork Market Formula,140448,73.34,203.24,73.34,28544651.52,2093464742.4768,29372615.28,2121584001.6744,113,2005,48,72.77706592589414
2005-03-10,2005-03-09,Prod. Sold Negotiated,34094,75.71,196.92,75.71,6713790.48,508301077.2407999,8120401.56,602858611.8144,114,2005,49,74.90530566538358
2005-03-10,2005-03-09,Prod. Sold Swine or Pork Market Formula,140218,74.21,203.72,74.21,28565210.96,2119824305.3416,28544651.52,2093464742.4768,114,2005,49,73.77515659915838
2005-03-11,2005-03-10,Prod. Sold Negotiated,36090,75.84,197.32,75.84,7121278.8,540077784.192,6713790.48,508301077.2407999,115,2005,50,75.7769144639079
2005-03-11,2005-03-10,Prod. Sold Swine or Pork Market Formula,138387,74.23,204.22,74.23,28261393.14,2097843212.7822,28565210.96,2119824305.3416,115,2005,50,74.21994653598877
2005-03-14,2005-03-11,Prod. Sold Negotiated,47361,75.28,199.11,75.28,9430048.71,709894066.8888,7121278.8,540077784.192,121,2005,51,75.52094237308702
2005-03-14,2005-03-11,Prod. Sold Swine or Pork Market Formula,146078,73.37,204.33,73.37,29848117.74,2189956398.5838003,28261393.14,2097843212.7822,121,2005,51,73.78825852140781
2005-03-15,2005-03-14,Prod. Sold Swine or Pork Market Formula,125858,72.03,202.41,72.03,25474917.78,1834958327.6934,29848117.74,2189956398.5838003,122,2005,52,72.75296245850684
2005-03-15,2005-03-14,Prod. Sold Negotiated,36374,72.51,196.62,72.51,7151855.88,518581069.85880005,9430048.71,709894066.8888,122,2005,52,74.08528556414761
2005-03-16,2005-03-15,Prod. Sold Negotiated,37828,69.83,196.21,69.83,7422231.88,518294452.1804,7151855.88,518581069.85880005,123,2005,53,71.14514054766472
2005-03-16,2005-03-15,Prod. Sold Swine or Pork Market Formula,140532,70.87,203.64,70.87,28617936.48,2028153158.3376,25474917.78,1834958327.6934,123,2005,53,71.4162995996248
2005-03-17,2005-03-16,Prod. Sold Swine or Pork Market Formula,133214,70.03,203.32,70.03,27085070.48,1896767485.7144,28617936.48,2028153158.3376,124,2005,54,70.46155779113438
2005-03-17,2005-03-16,Prod. Sold Negotiated,39236,68.61,199.36,68.61,7822088.960000002,536673523.54560006,7422231.88,518294452.1804,124,2005,54,69.20399975824702
2005-03-18,2005-03-17,Prod. Sold Swine or Pork Market Formula,133345,69.4,203.12,69.4,27085036.4,1879701526.1600003,27085070.48,1896767485.7144,125,2005,55,69.71500019817572
2005-03-18,2005-03-17,Prod. Sold Negotiated,38227,67.37,199.73,67.37,7635078.71,514375252.6927,7822088.960000002,536673523.54560006,125,2005,55,67.99750113846697
2005-03-21,2005-03-18,Prod. Sold Swine or Pork Market Formula,160221,69.29,203.84,69.29,32659448.64,2262973196.2656,27085036.4,1879701526.1600003,131,2005,56,69.33986826820929
2005-03-21,2005-03-18,Prod. Sold Negotiated,46524,67.71,201.06,67.71,9354115.44,633367156.4424,7635078.71,514375252.6927,131,2005,56,67.55720130110468
2005-03-22,2005-03-21,Prod. Sold Swine or Pork Market Formula,132599,69.01,202.31,69.01,26826103.69,1851269415.6469,32659448.64,2262973196.2656,132,2005,57,69.16372885114137
2005-03-22,2005-03-21,Prod. Sold Negotiated,56619,67.6,200.19,67.6,11334557.61,766216094.4359999,9354115.44,633367156.4424,132,2005,57,67.64973507464269
2005-03-23,2005-03-22,Prod. Sold Swine or Pork Market Formula,140216,68.67,203.62,68.67,28550781.92,1960582194.4464,26826103.69,1851269415.6469,133,2005,58,68.8347054570536
2005-03-23,2005-03-22,Prod. Sold Negotiated,42346,67.61,201.14,67.61,8517474.44,575866446.8884,11334557.61,766216094.4359999,133,2005,58,67.60429047989574
2005-03-24,2005-03-23,Prod. Sold Negotiated,38564,67.81,200.85,67.81,7745579.3999999985,525227739.114,8517474.44,575866446.8884,134,2005,59,67.70525368945097
2005-03-24,2005-03-23,Prod. Sold Swine or Pork Market Formula,141881,68.5,203.95,68.5,28936629.95,1982159151.575,28550781.92,1960582194.4464,134,2005,59,68.58442949105755
2005-03-25,2005-03-24,Prod. Sold Swine or Pork Market Formula,134020,68.0,204.02,68.0,27342760.4,1859307707.2,28936629.95,1982159151.575,135,2005,60,68.2570801653149
2005-03-25,2005-03-24,Prod. Sold Negotiated,37061,67.68,201.44,67.68,7465567.84,505269631.4112001,7745579.3999999985,525227739.114,135,2005,60,67.74619654034721
2005-03-28,2005-03-25,Prod. Sold Swine or Pork Market Formula,123212,67.72,205.31,67.72,25296655.72,1713089525.3584,27342760.4,1859307707.2,141,2005,61,67.86544182812641
2005-03-28,2005-03-25,Prod. Sold Negotiated,37910,66.77,200.78,66.77,7611569.8,508224515.546,7465567.84,505269631.4112001,141,2005,61,67.22059393212517
2005-03-29,2005-03-28,Prod. Sold Swine or Pork Market Formula,108189,67.17,203.3,67.17,21994823.700000003,1477392307.929,25296655.72,1713089525.3584,142,2005,62,67.46420015648984
2005-03-29,2005-03-28,Prod. Sold Negotiated,23455,66.9,198.59,66.9,4657928.45,311615413.30500007,7611569.8,508224515.546,142,2005,62,66.81935252331937
2005-03-30,2005-03-29,Prod. Sold Swine or Pork Market Formula,139478,67.13,203.28,67.13,28353087.84,1903342786.6992,21994823.700000003,1477392307.929,143,2005,63,67.14747426896348
2005-03-30,2005-03-29,Prod. Sold Negotiated,38077,66.25,199.92,66.25,7612353.84,504318441.9,4657928.45,311615413.30500007,143,2005,63,66.49674684908982
2005-03-31,2005-03-30,Prod. Sold Swine or Pork Market Formula,140089,67.33,203.16,67.33,28460481.24,1916244201.8892,28353087.84,1903342786.6992,144,2005,64,67.23018902773006
2005-03-31,2005-03-30,Prod. Sold Negotiated,40766,66.35,200.28,66.35,8164614.48,541722170.748,7612353.84,504318441.9,144,2005,64,66.30175021153875
2005-04-01,2005-03-31,Prod. Sold Swine or Pork Market Formula,144045,67.16,204.86,67.16,29509058.700000003,1981828382.292,28460481.24,1916244201.8892,145,2005,65,67.24346248419097
2005-04-01,2005-03-31,Prod. Sold Negotiated,38239,66.4,199.74,66.4,7637857.86,507153761.904,8164614.48,541722170.748,145,2005,65,66.37416665473499
2005-04-04,2005-04-01,Prod. Sold Negotiated,54911,66.67,199.78,66.67,10970119.58,731377872.3986,7637857.86,507153761.904,151,2005,66,66.5591754018485
2005-04-04,2005-04-01,Prod. Sold Swine or Pork Market Formula,166658,67.42,205.14,67.42,34188222.12,2304969935.3304,29509058.700000003,1981828382.292,151,2005,66,67.29954972075369
2005-04-05,2005-04-04,Prod. Sold Negotiated,30200,67.44,198.01,67.44,5979902.0,403284590.88,10970119.58,731377872.3986,152,2005,67,66.94165301933498
2005-04-05,2005-04-04,Prod. Sold Swine or Pork Market Formula,135212,67.54,203.7,67.54,27542684.4,1860232904.376,34188222.12,2304969935.3304,152,2005,67,67.47354080013274
2005-04-06,2005-04-05,Prod. Sold Negotiated,38642,67.71,198.95,67.71,7687825.8999999985,520542691.6889999,5979902.0,403284590.88,153,2005,68,67.591869645649
2005-04-06,2005-04-05,Prod. Sold Swine or Pork Market Formula,143591,68.11,203.89,68.11,29276768.99,1994040735.9089,27542684.4,1860232904.376,153,2005,68,67.83369797364571
2005-04-07,2005-04-06,Prod. Sold Negotiated,35508,68.45,197.01,68.45,6995431.08,478837257.426,7687825.8999999985,520542691.6889999,154,2005,69,68.06255250291206
2005-04-07,2005-04-06,Prod. Sold Swine or Pork Market Formula,148826,68.07,204.03,68.07,30364968.78,2066943424.8546,29276768.99,1994040735.9089,154,2005,69,68.08963508783255
2005-04-08,2005-04-07,Prod. Sold Negotiated,35160,67.77,198.59,67.77,6982424.4,473198901.588,6995431.08,478837257.426,155,2005,70,68.11031637694396
2005-04-08,2005-04-07,Prod. Sold Swine or Pork Market Formula,148045,68.33,204.41,68.33,30261878.45,2067794154.4885,30364968.78,2066943424.8546,155,2005,70,68.19977894705872
2005-04-11,2005-04-08,Prod. Sold Swine or Pork Market Formula,150847,68.39,204.96,68.39,30917601.12,2114454740.5968,30261878.45,2067794154.4885,161,2005,71,68.36032154049427
2005-04-11,2005-04-08,Prod. Sold Negotiated,54904,68.12,199.22,68.12,10937974.88,745094848.8256001,6982424.4,473198901.588,161,2005,71,67.9836275619859
2005-04-12,2005-04-11,Prod. Sold Negotiated,37791,68.59,199.8,68.59,7550641.8,517898521.0620001,10937974.88,745094848.8256001,162,2005,72,68.3119452226969
2005-04-12,2005-04-11,Prod. Sold Swine or Pork Market Formula,142434,68.53,203.25,68.53,28949710.5,1983923660.565,30917601.12,2114454740.5968,162,2005,72,68.4576990390971
2005-04-13,2005-04-12,Prod. Sold Swine or Pork Market Formula,147534,68.99,203.77,68.99,30063003.18,2074046589.3882,28949710.5,1983923660.565,163,2005,73,68.76433901951685
2005-04-13,2005-04-12,Prod. Sold Negotiated,38628,68.55,198.45,68.55,7665726.6,525485558.43,7550641.8,517898521.0620001,163,2005,73,68.56984873552352
2005-04-14,2005-04-13,Prod. Sold Negotiated,33431,69.04,198.93,69.04,6650428.83,459145606.4232001,7665726.6,525485558.43,164,2005,74,68.7776246679937
2005-04-14,2005-04-13,Prod. Sold Swine or Pork Market Formula,154345,69.31,204.04,69.31,31492553.8,2182748903.878,30063003.18,2074046589.3882,164,2005,74,69.1537157993595
2005-04-15,2005-04-14,Prod. Sold Swine or Pork Market Formula,142930,69.74,203.94,69.74,29149144.2,2032861316.508,31492553.8,2182748903.878,165,2005,75,69.51669163990097
2005-04-15,2005-04-14,Prod. Sold Negotiated,36714,69.18,198.31,69.18,7280753.34,503682516.0612,6650428.83,459145606.4232001,165,2005,75,69.11316719106546
2005-04-18,2005-04-15,Prod. Sold Negotiated,46588,70.31,199.15,70.31,9278000.2,652336194.0620002,7280753.34,503682516.0612,171,2005,76,69.81314791180833
2005-04-18,2005-04-15,Prod. Sold Swine or Pork Market Formula,157014,70.02,204.34,70.02,32084240.76,2246538538.0152,29149144.2,2032861316.508,171,2005,76,69.88671061249788
2005-04-19,2005-04-18,Prod. Sold Swine or Pork Market Formula,144573,69.9,202.99,69.9,29346873.27,2051346441.573,32084240.76,2246538538.0152,172,2005,77,69.96267359711759
2005-04-19,2005-04-18,Prod. Sold Negotiated,35131,70.24,198.28,70.24,6965774.68,489276013.5231999,9278000.2,652336194.0620002,172,2005,77,70.27998208660227
2005-04-20,2005-04-19,Prod. Sold Swine or Pork Market Formula,146491,69.96,203.49,69.96,29809453.59,2085469373.1564,29346873.27,2051346441.573,173,2005,78,69.93023458876398
2005-04-20,2005-04-19,Prod. Sold Negotiated,36452,70.13,197.89,70.13,7213486.279999998,505881792.81639993,6965774.68,489276013.5231999,173,2005,78,70.1840391503451
2005-04-21,2005-04-20,Prod. Sold Swine or Pork Market Formula,144490,70.24,203.38,70.24,29386376.2,2064099064.288,29809453.59,2085469373.1564,174,2005,79,70.09899940866087
2005-04-21,2005-04-20,Prod. Sold Negotiated,39309,69.51,198.89,69.51,7818167.01,543440788.8651,7213486.279999998,505881792.81639993,174,2005,79,69.80752958023422
2005-04-22,2005-04-21,Prod. Sold Swine or Pork Market Formula,146807,70.03,204.11,70.03,29964776.770000003,2098433317.2031,29386376.2,2064099064.288,175,2005,80,70.13397673327626
2005-04-22,2005-04-21,Prod. Sold Negotiated,35452,69.59,198.55,69.59,7038994.600000001,489843634.2140001,7818167.01,543440788.8651,175,2005,80,69.54790223077477
2005-04-25,2005-04-22,Prod. Sold Swine or Pork Market Formula,156000,70.63,203.97,70.63,31819320.0,2247398571.6,29964776.770000003,2098433317.2031,181,2005,81,70.33900495431813
2005-04-25,2005-04-22,Prod. Sold Negotiated,47171,70.3,198.4,70.3,9358726.4,657918465.92,7038994.600000001,489843634.2140001,181,2005,81,69.99522068548428
2005-04-26,2005-04-25,Prod. Sold Swine or Pork Market Formula,139481,70.34,203.42,70.34,28373225.02,1995772647.9068,31819320.0,2247398571.6,182,2005,82,70.49330142290766
2005-04-26,2005-04-25,Prod. Sold Negotiated,31352,70.21,197.11,70.21,6179792.720000001,433883246.8712,9358726.4,657918465.92,182,2005,82,70.26420628371952
2005-04-27,2005-04-26,Prod. Sold Negotiated,36022,70.53,197.33,70.53,7108221.260000001,501342845.4678001,6179792.720000001,433883246.8712,183,2005,83,70.38117913983412
2005-04-27,2005-04-26,Prod. Sold Swine or Pork Market Formula,149448,70.85,203.64,70.85,30433590.72,2156219902.512,28373225.02,1995772647.9068,183,2005,83,70.60393422381213
2005-04-28,2005-04-27,Prod. Sold Negotiated,35491,70.9,197.46,70.9,7008052.86,496870947.7740001,7108221.260000001,501342845.4678001,184,2005,84,70.71368724892685
2005-04-28,2005-04-27,Prod. Sold Swine or Pork Market Formula,146614,71.02,203.31,71.02,29808092.34,2116970717.9868,30433590.72,2156219902.512,184,2005,84,70.93411743232261
2005-04-29,2005-04-28,Prod. Sold Swine or Pork Market Formula,143132,71.84,203.94,71.84,29190340.08,2097034031.3472,29808092.34,2116970717.9868,185,2005,85,71.42570703125132
2005-04-29,2005-04-28,Prod. Sold Negotiated,40971,72.06,198.33,72.06,8125778.43,585543593.6658001,7008052.86,496870947.7740001,185,2005,85,71.52283653082803
2005-05-02,2005-04-29,Prod. Sold Negotiated,50275,73.18,197.66,73.18,9937356.5,727215748.67,8125778.43,585543593.6658001,191,2005,86,72.67616321436626
2005-05-02,2005-04-29,Prod. Sold Swine or Pork Market Formula,143850,72.63,205.34,72.63,29538159.0,2145356488.17,29190340.08,2097034031.3472,191,2005,86,72.23733938335819
2005-05-03,2005-05-02,Prod. Sold Swine or Pork Market Formula,139853,74.13,204.41,74.13,28587351.73,2119180383.7449,29538159.0,2145356488.17,192,2005,87,73.36773162689593
2005-05-03,2005-05-02,Prod. Sold Negotiated,37544,74.66,197.86,74.66,7428455.84,554608513.0144,9937356.5,727215748.67,192,2005,87,73.8130895686277
2005-05-04,2005-05-03,Prod. Sold Negotiated,41956,76.21,198.06,76.21,8309805.36,633290266.4856,7428455.84,554608513.0144,193,2005,88,75.47840033942249
2005-05-04,2005-05-03,Prod. Sold Swine or Pork Market Formula,137499,75.55,202.49,75.55,27842172.51,2103476133.1305,28587351.73,2119180383.7449,193,2005,88,74.83062410585016
2005-05-05,2005-05-04,Prod. Sold Negotiated,36236,77.67,196.42,77.67000000000002,7117475.119999999,552814292.5704,8309805.36,633290266.4856,194,2005,89,76.88358039472163
2005-05-05,2005-05-04,Prod. Sold Swine or Pork Market Formula,140483,76.81,203.39,76.81,28572837.37,2194679638.3897,27842172.51,2103476133.1305,194,2005,89,76.18815951043489
2005-05-06,2005-05-05,Prod. Sold Swine or Pork Market Formula,133888,77.33,204.03,77.33,27317168.64,2112436650.9312,28572837.37,2194679638.3897,195,2005,90,77.06415863598689
2005-05-06,2005-05-05,Prod. Sold Negotiated,39844,78.29,198.19,78.29,7896682.36,618231261.9644,7117475.119999999,552814292.5704,195,2005,90,77.99608843151685
2005-05-09,2005-05-06,Prod. Sold Swine or Pork Market Formula,142012,78.12,202.61,78.12,28773051.32,2247750769.1184,27317168.64,2112436650.9312,201,2005,91,77.73525265472324
2005-05-09,2005-05-06,Prod. Sold Negotiated,47236,79.34,198.5,79.34,9376346.0,743919291.64,7896682.36,618231261.9644,201,2005,91,78.85997320300817
2005-05-10,2005-05-09,Prod. Sold Negotiated,37286,79.52,198.97,79.52,7418795.42,589942611.7983999,9376346.0,743919291.64,202,2005,92,79.41951008819785
2005-05-10,2005-05-09,Prod. Sold Swine or Pork Market Formula,125889,77.91,202.32,77.91,25469862.48,1984356985.8168,28773051.32,2247750769.1184,202,2005,92,78.0213941039281
2005-05-11,2005-05-10,Prod. Sold Swine or Pork Market Formula,122388,78.05,202.79,78.05,24819062.52,1937127829.686,25469862.48,1984356985.8168,203,2005,93,77.97909411471413
2005-05-11,2005-05-10,Prod. Sold Negotiated,31211,78.88,195.86,78.88,6112986.46,482192371.9648,7418795.42,589942611.7983999,203,2005,93,79.23087981101864
2005-05-12,2005-05-11,Prod. Sold Swine or Pork Market Formula,138580,77.27,202.56,77.26999999999998,28070764.8,2169027996.096,24819062.52,1937127829.686,204,2005,94,77.63602253678145
2005-05-12,2005-05-11,Prod. Sold Negotiated,35134,77.65,199.25,77.65,7000449.5,543584903.6750001,6112986.46,482192371.9648,204,2005,94,78.22337934685731
2005-05-13,2005-05-12,Prod. Sold Negotiated,37725,76.36,197.62,76.36,7455214.5,569280179.22,7000449.5,543584903.6750001,205,2005,95,76.98470875464454
2005-05-13,2005-05-12,Prod. Sold Swine or Pork Market Formula,138067,76.88,202.92,76.88,28016555.64,2153912797.6031995,28070764.8,2169027996.096,205,2005,95,77.07518847015898
2005-05-16,2005-05-13,Prod. Sold Negotiated,35860,76.58,198.1,76.58,7103866.0,544014058.28,7455214.5,569280179.22,211,2005,96,76.46734541374366
2005-05-16,2005-05-13,Prod. Sold Swine or Pork Market Formula,139198,76.62,204.01,76.62,28397783.98,2175838208.5476003,28016555.64,2153912797.6031995,211,2005,96,76.749121505551
2005-05-17,2005-05-16,Prod. Sold Negotiated,30254,76.4,198.83,76.4,6015402.82,459576775.4480001,7103866.0,544014058.28,212,2005,97,76.4974670080737
2005-05-17,2005-05-16,Prod. Sold Swine or Pork Market Formula,138567,76.45,202.74,76.45000000000002,28093073.58,2147715475.1910005,28397783.98,2175838208.5476003,212,2005,97,76.53545848806547
2005-05-18,2005-05-17,Prod. Sold Swine or Pork Market Formula,140676,76.48,203.14,76.48,28576922.64,2185563043.5072,28093073.58,2147715475.1910005,213,2005,98,76.46512807016737
2005-05-18,2005-05-17,Prod. Sold Negotiated,32572,76.63,197.39,76.63,6429387.079999999,492683931.94039994,6015402.82,459576775.4480001,213,2005,98,76.51882555192033
2005-05-19,2005-05-18,Prod. Sold Negotiated,32017,76.75,197.36,76.75,6318875.12,484973665.46,6429387.079999999,492683931.94039994,214,2005,99,76.68947987282533
2005-05-19,2005-05-18,Prod. Sold Swine or Pork Market Formula,135799,76.18,204.24,76.18,27735587.76,2112897075.5568004,28576922.64,2185563043.5072,214,2005,99,76.33224106918878
2005-05-20,2005-05-19,Prod. Sold Negotiated,36932,76.6,196.81,76.6,7268586.92,556773758.0719999,6318875.12,484973665.46,215,2005,100,76.66975778590658
2005-05-20,2005-05-19,Prod. Sold Swine or Pork Market Formula,146252,76.2,203.18,76.2,29715481.36,2264319679.632,27735587.76,2112897075.5568004,215,2005,100,76.19034462258585
2005-05-23,2005-05-20,Prod. Sold Negotiated,36657,76.23,196.67,76.22999999999999,7209332.189999999,549567392.8436999,7268586.92,556773758.0719999,221,2005,101,76.41575716164502
2005-05-23,2005-05-20,Prod. Sold Swine or Pork Market Formula,141456,75.93,203.57,75.93,28796197.92,2186495308.0656,29715481.36,2264319679.632,221,2005,101,76.06712099987432
2005-05-24,2005-05-23,Prod. Sold Swine or Pork Market Formula,137048,75.34,201.78,75.34,27653545.44,2083418113.4496,28796197.92,2186495308.0656,222,2005,102,75.64097137314603
2005-05-24,2005-05-23,Prod. Sold Negotiated,36816,74.63,196.84,74.63,7246861.44,540833269.2672,7209332.189999999,549567392.8436999,222,2005,102,75.42792314624663
2005-05-25,2005-05-24,Prod. Sold Negotiated,38295,73.41,197.71,73.41,7571304.45,555809459.6745,7246861.44,540833269.2672,223,2005,103,74.00664408013994
2005-05-25,2005-05-24,Prod. Sold Swine or Pork Market Formula,140610,74.41,202.18,74.41,28428529.8,2115366902.418,27653545.44,2083418113.4496,223,2005,103,74.86857427973452
2005-05-26,2005-05-25,Prod. Sold Negotiated,32399,71.81,199.57,71.81,6465868.43,464314011.9583,7571304.45,555809459.6745,224,2005,104,72.67300049330161
2005-05-26,2005-05-25,Prod. Sold Swine or Pork Market Formula,138477,73.14,202.14,73.14,27991740.78,2047315920.6492,28428529.8,2115366902.418,224,2005,104,73.7799159818776
2005-05-27,2005-05-26,Prod. Sold Negotiated,34176,71.08,198.88,71.08,6796922.88,483125278.3104,6465868.43,464314011.9583,225,2005,105,71.43588918226747
2005-05-27,2005-05-26,Prod. Sold Swine or Pork Market Formula,138250,71.85,202.86,71.85,28045395.000000004,2015061630.75,27991740.78,2047315920.6492,225,2005,105,72.49438242789502
2005-05-31,2005-05-27,Prod. Sold Negotiated,41444,69.81,200.92,69.81,8326928.479999999,581302877.1888,6796922.88,483125278.3104,232,2005,106,70.38076017557475
2005-05-31,2005-05-27,Prod. Sold Swine or Pork Market Formula,166814,70.34,203.37,70.34,33924963.18,2386281910.0812,28045395.000000004,2015061630.75,232,2005,106,71.02336778572415
2005-06-01,2005-05-31,Prod. Sold Negotiated,27332,69.06,197.34,69.06,5393696.88,372488706.5328,8326928.479999999,581302877.1888,233,2005,107,69.51516849240755
2005-06-01,2005-05-31,Prod. Sold Swine or Pork Market Formula,142128,69.88,202.66,69.88,28803660.48,2012799794.3424,33924963.18,2386281910.0812,233,2005,107,70.12877770549191
2005-06-02,2005-06-01,Prod. Sold Negotiated,28520,67.96,196.75,67.96,5611310.0,381344627.6,5393696.88,372488706.5328,234,2005,108,68.49912429430485
2005-06-02,2005-06-01,Prod. Sold Swine or Pork Market Formula,141780,68.95,203.65,68.95,28873497.0,1990827618.15,28803660.48,2012799794.3424,234,2005,108,69.41443696979499
2005-06-03,2005-06-02,Prod. Sold Swine or Pork Market Formula,131804,68.55,203.64,68.55,26840566.56,1839920837.688,28873497.0,1990827618.15,235,2005,109,68.75729772811422
2005-06-03,2005-06-02,Prod. Sold Negotiated,30295,67.53,197.18,67.53,5973568.100000001,403395053.793,5611310.0,381344627.6,235,2005,109,67.73827696926737
2005-06-06,2005-06-03,Prod. Sold Swine or Pork Market Formula,172884,68.33,203.99,68.33,35266607.160000004,2409767267.2428,26840566.56,1839920837.688,241,2005,110,68.4250763702406
2005-06-06,2005-06-03,Prod. Sold Negotiated,56238,68.04,199.18,68.04,11201484.84,762149028.5136001,5973568.100000001,403395053.793,241,2005,110,67.86261948527071
2005-06-07,2005-06-06,Prod. Sold Swine or Pork Market Formula,135578,67.64,202.35,67.64,27434208.3,1855649849.412,35266607.160000004,2409767267.2428,242,2005,111,68.02809637102605
2005-06-07,2005-06-06,Prod. Sold Negotiated,34577,68.0,197.3,68.0,6822042.100000001,463898862.8,11201484.84,762149028.5136001,242,2005,111,68.02485969561293
2005-06-08,2005-06-07,Prod. Sold Swine or Pork Market Formula,134118,67.17,202.51,67.17,27160236.18,1824353064.2106,27434208.3,1855649849.412,243,2005,112,67.40617930402651
2005-06-08,2005-06-07,Prod. Sold Negotiated,35939,67.15,195.92,67.15,7041168.88,472814490.29200006,6822042.100000001,463898862.8,243,2005,112,67.56828230078628
2005-06-09,2005-06-08,Prod. Sold Swine or Pork Market Formula,145509,67.28,201.89,67.28,29376812.01,1976471912.0328,27160236.18,1824353064.2106,244,2005,113,67.22715631474499
2005-06-09,2005-06-08,Prod. Sold Negotiated,35689,66.59,197.05,66.59,7032517.45,468295336.9955,7041168.88,472814490.29200006,244,2005,113,66.87017212266518
2005-06-10,2005-06-09,Prod. Sold Negotiated,37427,66.13,197.66,66.13,7397820.82,489217890.8266,7032517.45,468295336.9955,245,2005,114,66.35417756025342
2005-06-10,2005-06-09,Prod. Sold Swine or Pork Market Formula,138589,67.23,202.71,67.23,28093376.19,1888717681.2537005,29376812.01,1976471912.0328,245,2005,114,67.25555830503613
2005-06-13,2005-06-10,Prod. Sold Negotiated,51440,66.08,200.9,66.08,10334296.0,682890279.68,7397820.82,489217890.8266,251,2005,115,66.10085994834992
2005-06-13,2005-06-10,Prod. Sold Swine or Pork Market Formula,145804,67.29,203.22,67.29,29630288.88,1993822138.7352,28093376.19,1888717681.2537005,251,2005,115,67.26079876045023
2005-06-14,2005-06-13,Prod. Sold Negotiated,34911,66.61,199.61,66.61,6968584.710000001,464177427.53310007,10334296.0,682890279.68,252,2005,116,66.29345289019795
2005-06-14,2005-06-13,Prod. Sold Swine or Pork Market Formula,133800,67.4,201.63,67.4,26978094.0,1818323535.6,29630288.88,1993822138.7352,252,2005,116,67.34242316047592
2005-06-15,2005-06-14,Prod. Sold Swine or Pork Market Formula,141570,67.79,202.09,67.79,28609881.3,1939463853.327,26978094.0,1818323535.6,253,2005,117,67.60072423301591
2005-06-15,2005-06-14,Prod. Sold Negotiated,36536,67.94,195.17,67.94,7130731.119999999,484461872.2928,6968584.710000001,464177427.53310007,253,2005,117,67.28264770177151
2005-06-16,2005-06-15,Prod. Sold Swine or Pork Market Formula,140080,68.77,202.0,68.77,28296160.0,1945926923.2,28609881.3,1939463853.327,254,2005,118,68.27729864468714
2005-06-16,2005-06-15,Prod. Sold Negotiated,33882,69.09,197.84,69.09,6703214.88,463125116.0592,7130731.119999999,484461872.2928,254,2005,118,68.49723053364528
2005-06-17,2005-06-16,Prod. Sold Swine or Pork Market Formula,144937,69.23,202.49,69.23,29348293.130000003,2031782333.3899,28296160.0,1945926923.2,255,2005,119,69.00419798622
2005-06-17,2005-06-16,Prod. Sold Negotiated,36669,69.72,198.04,69.72,7261928.76,506301673.1472,6703214.88,463125116.0592,255,2005,119,69.41760243909671
2005-06-20,2005-06-17,Prod. Sold Negotiated,60159,70.18,199.49,70.18,12001118.91,842238525.1038,7261928.76,506301673.1472,261,2005,120,70.00658573623308
2005-06-20,2005-06-17,Prod. Sold Swine or Pork Market Formula,152247,69.74,201.68,69.74,30705174.96,2141378901.7104,29348293.130000003,2031782333.3899,261,2005,120,69.4907616134031
2005-06-21,2005-06-20,Prod. Sold Swine or Pork Market Formula,142075,69.29,201.77,69.29,28666472.75,1986299896.8475,30705174.96,2141378901.7104,262,2005,121,69.52272604458429
2005-06-21,2005-06-20,Prod. Sold Negotiated,40184,70.77,196.47,70.77,7894950.479999999,558725645.4696,12001118.91,842238525.1038,262,2005,121,70.41411763860962
2005-06-22,2005-06-21,Prod. Sold Negotiated,41269,70.05,197.37,70.05,8145262.53,570575640.2265,7894950.479999999,558725645.4696,263,2005,122,70.40438209842077
2005-06-22,2005-06-21,Prod. Sold Swine or Pork Market Formula,144409,69.38,200.98,69.38,29023320.82,2013637998.4916,28666472.75,1986299896.8475,263,2005,122,69.33527835362473
2005-06-23,2005-06-22,Prod. Sold Negotiated,39318,69.12,195.48,69.12,7685882.64,531248208.0768,8145262.53,570575640.2265,264,2005,123,69.5984931267799
2005-06-23,2005-06-22,Prod. Sold Swine or Pork Market Formula,136999,68.93,200.93,68.93,27527209.07,1897450521.1951003,29023320.82,2013637998.4916,264,2005,123,69.16095264349255
2005-06-24,2005-06-23,Prod. Sold Swine or Pork Market Formula,142747,68.1,200.91,68.1,28679299.77,1953060314.337,27527209.07,1897450521.1951003,265,2005,124,68.50649355385404
2005-06-24,2005-06-23,Prod. Sold Negotiated,40389,68.18,197.39,68.18,7972384.709999999,543557189.5278,7685882.64,531248208.0768,265,2005,124,68.6414003273868
2005-06-27,2005-06-24,Prod. Sold Negotiated,59674,68.07,197.23,68.07,11769503.02,801150070.5713998,7972384.709999999,543557189.5278,271,2005,125,68.11442140134184
2005-06-27,2005-06-24,Prod. Sold Swine or Pork Market Formula,149896,67.65,199.79,67.65,29947721.84,2025963382.476,28679299.77,1953060314.337,271,2005,125,67.87013202346098
2005-06-28,2005-06-27,Prod. Sold Negotiated,39806,67.45,196.53,67.45,7823073.18,527666285.991,11769503.02,801150070.5713998,272,2005,126,67.82244167371925
2005-06-28,2005-06-27,Prod. Sold Swine or Pork Market Formula,135070,67.1,200.42,67.1,27070729.4,1816445942.74,29947721.84,2025963382.476,272,2005,126,67.38887573502602
2005-06-29,2005-06-28,Prod. Sold Swine or Pork Market Formula,139286,66.58,198.78,66.58,27687271.08,1843418508.5064,27070729.4,1816445942.74,273,2005,127,66.83707255861435
2005-06-29,2005-06-28,Prod. Sold Negotiated,42288,66.34,193.57,66.34,8185688.16,543038552.5344,7823073.18,527666285.991,273,2005,127,66.88242867673358
2005-06-30,2005-06-29,Prod. Sold Swine or Pork Market Formula,129469,66.19,197.98,66.19,25632272.62,1696600124.7177997,27687271.08,1843418508.5064,274,2005,128,66.39251553130227
2005-06-30,2005-06-29,Prod. Sold Negotiated,39975,66.02,196.02,66.02,7835899.5,517326084.99,8185688.16,543038552.5344,274,2005,128,66.18349317350987
2005-07-01,2005-06-30,Prod. Sold Negotiated,44815,65.44,196.03,65.44,8785084.45,574895926.4079999,7835899.5,517326084.99,275,2005,129,65.71343878820122
2005-07-01,2005-06-30,Prod. Sold Swine or Pork Market Formula,152964,65.5,200.72,65.5,30702934.08,2011042182.24,25632272.62,1696600124.7177997,275,2005,129,65.81394698171579
2005-07-05,2005-07-01,Prod. Sold Swine or Pork Market Formula,143697,65.38,200.08,65.38,28750895.76,1879733564.7888,30702934.08,2011042182.24,282,2005,130,65.44196997063965
2005-07-05,2005-07-01,Prod. Sold Negotiated,37406,65.26,197.52,65.26,7388433.12,482169145.4112001,8785084.45,574895926.4079999,282,2005,130,65.35777187888509
2005-07-06,2005-07-05,Prod. Sold Negotiated,32370,65.69,194.05,65.69,6281398.5,412625067.465,7388433.12,482169145.4112001,283,2005,131,65.45758848756032
2005-07-06,2005-07-05,Prod. Sold Swine or Pork Market Formula,148437,65.39,198.73,65.39,29498885.01,1928932090.8039,28750895.76,1879733564.7888,283,2005,131,65.38506420532748
2005-07-07,2005-07-06,Prod. Sold Swine or Pork Market Formula,149911,65.59,199.4,65.59,29892253.4,1960632900.5060005,29498885.01,1928932090.8039,284,2005,132,65.4906623351573
2005-07-07,2005-07-06,Prod. Sold Negotiated,32606,65.52,194.78,65.52,6350996.68,416117302.4736,6281398.5,412625067.465,284,2005,132,65.60453169250837
2005-07-08,2005-07-07,Prod. Sold Swine or Pork Market Formula,146784,66.07,200.02,66.07,29359735.68,1939797736.3776,29892253.4,1960632900.5060005,285,2005,133,65.82784303860876
2005-07-08,2005-07-07,Prod. Sold Negotiated,34879,66.2,192.9,66.2,6728159.100000001,445404132.4200001,6350996.68,416117302.4736,285,2005,133,65.86980454892938
2005-07-11,2005-07-08,Prod. Sold Swine or Pork Market Formula,171699,66.56,200.29,66.56,34389592.71,2288971290.7776003,29359735.68,1939797736.3776,291,2005,134,66.3343306345882
2005-07-11,2005-07-08,Prod. Sold Negotiated,48181,67.26,194.37,67.26,9364940.97,629885929.6422001,6728159.100000001,445404132.4200001,291,2005,134,66.81683810981237
2005-07-12,2005-07-11,Prod. Sold Negotiated,35660,68.6,194.14,68.6,6923032.4,474920022.6399999,9364940.97,629885929.6422001,292,2005,135,67.82955295820207
2005-07-12,2005-07-11,Prod. Sold Swine or Pork Market Formula,132941,66.84,198.44,66.84,26380812.04,1763293476.7536,34389592.71,2288971290.7776003,292,2005,135,66.68154974780221
2005-07-13,2005-07-12,Prod. Sold Negotiated,39309,68.5,192.36,68.5,7561479.24,517961327.94,6923032.4,474920022.6399999,293,2005,136,68.5477961050539
2005-07-13,2005-07-12,Prod. Sold Swine or Pork Market Formula,144158,67.89,198.98,67.89,28684558.84,1947394699.6476,26380812.04,1763293476.7536,293,2005,136,67.38696420455673
2005-07-14,2005-07-13,Prod. Sold Negotiated,36363,68.86,193.58,68.86,7039149.54,484715837.3244,7561479.24,517961327.94,294,2005,137,68.67356059609372
2005-07-14,2005-07-13,Prod. Sold Swine or Pork Market Formula,142216,68.26,198.86,68.26,28281073.76,1930466094.8576,28684558.84,1947394699.6476,294,2005,137,68.07368965310499
2005-07-15,2005-07-14,Prod. Sold Swine or Pork Market Formula,138201,68.59,198.45,68.59,27425988.45,1881148547.7855,28281073.76,1930466094.8576,295,2005,138,68.42246730359577
2005-07-15,2005-07-14,Prod. Sold Negotiated,33589,69.01,192.07,69.01,6451439.23,445213821.2623,7039149.54,484715837.3244,295,2005,138,68.93173266497101
2005-07-18,2005-07-15,Prod. Sold Negotiated,39615,69.16,194.43,69.16,7702344.45,532694142.162,6451439.23,445213821.2623,301,2005,139,69.0916284672439
2005-07-18,2005-07-15,Prod. Sold Swine or Pork Market Formula,138366,68.53,197.95,68.53,27389549.7,1877005840.941,27425988.45,1881148547.7855,301,2005,139,68.56001994256623
2005-07-19,2005-07-18,Prod. Sold Swine or Pork Market Formula,141791,68.69,197.48,68.69,28000886.68,1923380906.0492,27389549.7,1877005840.941,302,2005,140,68.61088294950531
2005-07-19,2005-07-18,Prod. Sold Negotiated,34816,68.81,191.81,68.81,6678056.96,459517099.4176,7702344.45,532694142.162,302,2005,140,68.99746490314418
2005-07-20,2005-07-19,Prod. Sold Swine or Pork Market Formula,134620,68.7,198.06,68.7,26662837.2,1831736915.64,28000886.68,1923380906.0492,303,2005,141,68.69487761083721
2005-07-20,2005-07-19,Prod. Sold Negotiated,41947,68.76,193.78,68.76,8128489.66,558914949.0216,6678056.96,459517099.4176,303,2005,141,68.78255102803978
2005-07-21,2005-07-20,Prod. Sold Swine or Pork Market Formula,143939,68.53,197.73,68.53,28461058.47,1950436336.9491,26662837.2,1831736915.64,304,2005,142,68.61222717696033
2005-07-21,2005-07-20,Prod. Sold Negotiated,34081,68.03,193.34,68.03,6589220.54,448264673.3362,8128489.66,558914949.0216,304,2005,142,68.43317395648951
2005-07-22,2005-07-21,Prod. Sold Negotiated,38317,67.8,192.67,67.8,7382536.39,500535967.242,6589220.54,448264673.3362,305,2005,143,67.90847030418529
2005-07-22,2005-07-21,Prod. Sold Swine or Pork Market Formula,136848,68.18,198.4,68.18,27150643.2,1851130853.376,28461058.47,1950436336.9491,305,2005,143,68.35912364062533
2005-07-25,2005-07-22,Prod. Sold Swine or Pork Market Formula,153644,68.43,198.17,68.43,30447631.48,2083531422.1764,27150643.2,1851130853.376,311,2005,144,68.31215513680384
2005-07-25,2005-07-22,Prod. Sold Negotiated,52080,68.37,194.16,68.37,10111852.8,691347375.9360001,7382536.39,500535967.242,311,2005,144,68.1294631229134
2005-07-26,2005-07-25,Prod. Sold Negotiated,41319,69.03,194.2,69.03,8024149.8,553907060.694,10111852.8,691347375.9360001,312,2005,145,68.66201246740006
2005-07-26,2005-07-25,Prod. Sold Swine or Pork Market Formula,126095,69.28,196.04,69.28,24719663.8,1712578308.064,30447631.48,2083531422.1764,312,2005,145,68.81087265513663
2005-07-27,2005-07-26,Prod. Sold Negotiated,43983,70.49,193.38,70.49,8505432.54,599547939.7446,8024149.8,553907060.694,313,2005,146,69.78125500771728
2005-07-27,2005-07-26,Prod. Sold Swine or Pork Market Formula,138416,70.09,196.06,70.09,27137840.96,1902091272.8864,24719663.8,1712578308.064,313,2005,146,69.7038856319704
2005-07-28,2005-07-27,Prod. Sold Negotiated,38041,70.41,191.61,70.41,7289036.01,513221025.4641,8505432.54,599547939.7446,314,2005,147,70.45308056336596
2005-07-28,2005-07-27,Prod. Sold Swine or Pork Market Formula,141431,70.22,197.03,70.22,27866149.93,1956761048.0846,27137840.96,1902091272.8864,314,2005,147,70.15586066633138
2005-07-29,2005-07-28,Prod. Sold Negotiated,42896,71.02,192.53,71.02,8258766.88,586537623.8176,7289036.01,513221025.4641,315,2005,148,70.73402313255723
2005-07-29,2005-07-28,Prod. Sold Swine or Pork Market Formula,133376,70.39,196.52,70.39,26211051.52,1844995916.4928,27866149.93,1956761048.0846,315,2005,148,70.30239847179443
2005-08-01,2005-07-29,Prod. Sold Swine or Pork Market Formula,138899,69.95,196.74,69.95,27326989.26,1911522898.737,26211051.52,1844995916.4928,321,2005,149,70.16541435773101
2005-08-01,2005-07-29,Prod. Sold Negotiated,40938,70.1,192.42,70.1,7877289.959999999,552198026.1959999,8258766.88,586537623.8176,321,2005,149,70.57087498544037
2005-08-02,2005-08-01,Prod. Sold Swine or Pork Market Formula,123638,69.55,196.08,69.55,24242939.040000003,1686096410.232,27326989.26,1911522898.737,322,2005,150,69.76196065351132
2005-08-02,2005-08-01,Prod. Sold Negotiated,34076,69.68,195.0,69.68,6644820.0,463011057.6,7877289.959999999,552198026.1959999,322,2005,150,69.90782238891683
2005-08-03,2005-08-02,Prod. Sold Negotiated,37559,69.56,191.83,69.56,7204942.970000001,501175832.99320006,6644820.0,463011057.6,323,2005,151,69.61757343296973
2005-08-03,2005-08-02,Prod. Sold Swine or Pork Market Formula,136451,69.7,195.74,69.7,26708918.74,1861611636.178,24242939.040000003,1686096410.232,323,2005,151,69.62862986720324
2005-08-04,2005-08-03,Prod. Sold Negotiated,36104,69.23,191.73,69.23,6922219.92,479225285.0616,7204942.970000001,501175832.99320006,324,2005,152,69.39830209990592
2005-08-04,2005-08-03,Prod. Sold Swine or Pork Market Formula,137079,69.67,195.5,69.67,26798944.5,1867082463.315,26708918.74,1861611636.178,324,2005,152,69.68497476284197
2005-08-05,2005-08-04,Prod. Sold Negotiated,41391,69.52,191.82,69.52,7939621.62,551962495.0224,6922219.92,479225285.0616,325,2005,153,69.38492631001368
2005-08-05,2005-08-04,Prod. Sold Swine or Pork Market Formula,138621,69.65,196.55,69.65,27245957.55,1897680943.3575003,26798944.5,1867082463.315,325,2005,153,69.65991728858172
2005-08-08,2005-08-05,Prod. Sold Negotiated,48391,69.39,195.09,69.39,9440600.19,655083247.1840999,7939621.62,551962495.0224,331,2005,154,69.44938651542448
2005-08-08,2005-08-05,Prod. Sold Swine or Pork Market Formula,146509,69.99,197.22,69.99,28894504.98,2022326403.5502,27245957.55,1897680943.3575003,331,2005,154,69.82499199775832
2005-08-09,2005-08-08,Prod. Sold Negotiated,37931,69.97,193.2,69.97,7328269.199999998,512758995.924,9440600.19,655083247.1840999,332,2005,155,69.64346945206304
2005-08-09,2005-08-08,Prod. Sold Swine or Pork Market Formula,117917,70.29,197.38,70.29,23274457.46,1635961614.8634002,28894504.98,2022326403.5502,332,2005,155,70.12384083009185
2005-08-10,2005-08-09,Prod. Sold Swine or Pork Market Formula,134920,70.37,196.04,70.37,26449716.8,1861266571.216,23274457.46,1635961614.8634002,333,2005,156,70.33255429829633
2005-08-10,2005-08-09,Prod. Sold Negotiated,40083,69.75,192.68,69.75,7723192.44,538692672.69,7328269.199999998,512758995.924,333,2005,156,69.85711379815203
2005-08-11,2005-08-10,Prod. Sold Negotiated,38398,69.32,191.04,69.32,7335553.92,508500597.7344,7723192.44,538692672.69,334,2005,157,69.54053447676239
2005-08-11,2005-08-10,Prod. Sold Swine or Pork Market Formula,141322,70.12,195.96,70.12,27693459.12,1941865353.4944005,26449716.8,1861266571.216,334,2005,157,70.24212858015146
2005-08-12,2005-08-11,Prod. Sold Swine or Pork Market Formula,139546,69.96,195.87,69.96,27332875.02,1912207936.3992,27693459.12,1941865353.4944005,335,2005,158,70.0405242349586
2005-08-12,2005-08-11,Prod. Sold Negotiated,36872,69.12,192.57,69.12,7100441.04,490782484.6848,7335553.92,508500597.7344,335,2005,158,69.22162865726021
2005-08-15,2005-08-12,Prod. Sold Negotiated,40574,68.69,193.15,68.69,7836868.1,538314469.789,7100441.04,490782484.6848,341,2005,159,68.89440024495603
2005-08-15,2005-08-12,Prod. Sold Swine or Pork Market Formula,144107,69.65,197.12,69.65,28406371.84,1978503798.656,27332875.02,1912207936.3992,341,2005,159,69.80201481422026
2005-08-16,2005-08-15,Prod. Sold Swine or Pork Market Formula,126455,69.23,197.08,69.23,24921751.4,1725332849.4220002,28406371.84,1978503798.656,342,2005,160,69.45372203347766
2005-08-16,2005-08-15,Prod. Sold Negotiated,36838,68.59,194.27,68.59,7156518.260000001,490865587.4534001,7836868.1,538314469.789,342,2005,160,68.64226883314971
2005-08-17,2005-08-16,Prod. Sold Negotiated,41859,68.1,191.32,68.1,8008463.88,545376390.2279999,7156518.260000001,490865587.4534001,343,2005,161,68.33123627281766
2005-08-17,2005-08-16,Prod. Sold Swine or Pork Market Formula,150664,68.58,197.57,68.58,29766686.48,2041399358.7984,24921751.4,1725332849.4220002,343,2005,161,68.87620773673486
2005-08-18,2005-08-17,Prod. Sold Swine or Pork Market Formula,155498,68.92,197.45,68.92,30703080.1,2116056280.492,29766686.48,2041399358.7984,344,2005,162,68.75263250421496
2005-08-18,2005-08-17,Prod. Sold Negotiated,40809,67.93,192.09,67.93,7839000.81,532503325.02330005,8008463.88,545376390.2279999,344,2005,162,68.01590893787944
2005-08-19,2005-08-18,Prod. Sold Negotiated,42599,68.68,191.41,68.68,8153874.59,560008106.8412,7839000.81,532503325.02330005,345,2005,163,68.31238314183952
2005-08-19,2005-08-18,Prod. Sold Swine or Pork Market Formula,147414,69.6,197.51,69.6,29115739.14,2026455444.144,30703080.1,2116056280.492,345,2005,163,69.25097782381437
2005-08-22,2005-08-19,Prod. Sold Negotiated,46661,69.42,191.85,69.42,8951912.85,621441790.0469999,8153874.59,560008106.8412,351,2005,164,69.0672616523639
2005-08-22,2005-08-19,Prod. Sold Swine or Pork Market Formula,171385,70.36,197.56,70.36,33858820.6,2382306617.416,29115739.14,2026455444.144,351,2005,164,70.00862062017173
2005-08-23,2005-08-22,Prod. Sold Swine or Pork Market Formula,142240,71.34,197.07,71.34,28031236.8,1999748433.312,33858820.6,2382306617.416,352,2005,165,70.80386147336162
2005-08-23,2005-08-22,Prod. Sold Negotiated,38780,71.74,191.38,71.74,7421716.3999999985,532433934.5359999,8951912.85,621441790.0469999,352,2005,165,70.47159227591523
2005-08-24,2005-08-23,Prod. Sold Swine or Pork Market Formula,151404,72.1,197.4,72.1,29887149.6,2154863486.16,28031236.8,1999748433.312,353,2005,166,71.73217656270893
2005-08-24,2005-08-23,Prod. Sold Negotiated,37829,72.71,191.47,72.71,7243118.63,526647155.5873,7421716.3999999985,532433934.5359999,353,2005,166,72.21909335882243
2005-08-25,2005-08-24,Prod. Sold Swine or Pork Market Formula,156551,72.29,197.36,72.29,30896905.360000003,2233537288.4744005,29887149.6,2154863486.16,354,2005,167,72.19657815725297
2005-08-25,2005-08-24,Prod. Sold Negotiated,37083,72.87,192.23,72.87,7128465.09,519451251.1083,7243118.63,526647155.5873,354,2005,167,72.78936177644867
2005-08-26,2005-08-25,Prod. Sold Swine or Pork Market Formula,140327,72.21,197.98,72.21,27781939.46,2006133848.4065995,30896905.360000003,2233537288.4744005,355,2005,168,72.25212339960649
2005-08-26,2005-08-25,Prod. Sold Negotiated,44817,72.18,190.98,72.18,8559150.66,617799494.6388,7128465.09,519451251.1083,355,2005,168,72.49353654949766
2005-08-29,2005-08-26,Prod. Sold Swine or Pork Market Formula,168205,72.11,198.6,72.11,33405513.0,2408871542.43,27781939.46,2006133848.4065995,361,2005,169,72.15540463500774
2005-08-29,2005-08-26,Prod. Sold Negotiated,41335,71.76,191.86,71.76,7930533.1,569095055.256,8559150.66,617799494.6388,361,2005,169,71.97800559243716
2005-08-30,2005-08-29,Prod. Sold Swine or Pork Market Formula,160943,71.72,196.61,71.72,31643003.23,2269436191.6556,33405513.0,2408871542.43,362,2005,170,71.92028358562298
2005-08-30,2005-08-29,Prod. Sold Negotiated,34694,71.0,191.85,71.0,6656043.9,472579116.9,7930533.1,569095055.256,362,2005,170,71.4132021622345
2005-08-31,2005-08-30,Prod. Sold Swine or Pork Market Formula,164164,71.76,196.77,71.76,32302550.28,2318031008.0928,31643003.23,2269436191.6556,363,2005,171,71.74020628394432
2005-08-31,2005-08-30,Prod. Sold Negotiated,38682,70.6,191.92,70.6,7423849.439999999,524123770.4639999,6656043.9,472579116.9,363,2005,171,70.78909358868765
2005-09-01,2005-08-31,Prod. Sold Swine or Pork Market Formula,160027,71.75,197.18,71.75,31554123.86,2264008386.955,32302550.28,2318031008.0928,364,2005,172,71.75505860205139
2005-09-01,2005-08-31,Prod. Sold Negotiated,37344,71.0,191.3,71.0,7143907.2,507217411.2,7423849.439999999,524123770.4639999,364,2005,172,70.79615668703262
2005-09-02,2005-09-01,Prod. Sold Swine or Pork Market Formula,148938,71.15,197.53,71.15,29419723.14,2093213301.4110005,31554123.86,2264008386.955,365,2005,173,71.46050155513396
2005-09-02,2005-09-01,Prod. Sold Negotiated,42726,70.62,193.53,70.62,8268762.78,583940027.5236001,7143907.2,507217411.2,365,2005,173,70.79613332015302
2005-09-06,2005-09-02,Prod. Sold Negotiated,47116,70.13,192.34,70.13,9062291.44,635538498.6872,8268762.78,583940027.5236001,372,2005,174,70.36378230260942
2005-09-06,2005-09-02,Prod. Sold Swine or Pork Market Formula,199811,70.08,198.27,70.08,39616526.97,2776326210.0576,29419723.14,2093213301.4110005,372,2005,174,70.53597933997925
2005-09-07,2005-09-06,Prod. Sold Negotiated,32938,68.56,192.27,68.56,6332989.260000001,434189743.66560006,9062291.44,635538498.6872,373,2005,175,69.4841661674152
2005-09-07,2005-09-06,Prod. Sold Swine or Pork Market Formula,160896,68.88,197.55,68.88,31785004.8,2189351130.624,39616526.97,2776326210.0576,373,2005,175,69.54580969883303
2005-09-08,2005-09-07,Prod. Sold Swine or Pork Market Formula,168255,67.98,198.38,67.98,33378426.9,2269065460.662,31785004.8,2189351130.624,374,2005,176,68.41899628324823
2005-09-08,2005-09-07,Prod. Sold Negotiated,27386,66.98,190.79,66.98,5224974.94,349968821.4812,6332989.260000001,434189743.66560006,374,2005,176,67.84573403911392
2005-09-09,2005-09-08,Prod. Sold Swine or Pork Market Formula,161625,67.24,198.8,67.24,32131050.0,2160491802.0,33378426.9,2269065460.662,375,2005,177,67.61704523184798
2005-09-09,2005-09-08,Prod. Sold Negotiated,33083,65.68,193.32,65.68,6395605.56,420063373.1808,5224974.94,349968821.4812,375,2005,177,66.26452049120954
2005-09-12,2005-09-09,Prod. Sold Swine or Pork Market Formula,268899,66.73,198.12,66.73,53274269.88,3554992029.092401,32131050.0,2160491802.0,381,2005,178,66.9218713672992
2005-09-12,2005-09-09,Prod. Sold Negotiated,61463,65.01,193.01,65.01,11862973.63,771211915.6863,6395605.56,420063373.1808,381,2005,178,65.24468724924374
2005-09-13,2005-09-12,Prod. Sold Negotiated,33233,65.58,193.85,65.58,6442217.05,422480594.139,11862973.63,771211915.6863,382,2005,179,65.2106023200027
2005-09-13,2005-09-12,Prod. Sold Swine or Pork Market Formula,142319,66.65,199.1,66.65,28335712.9,1888575264.785,53274269.88,3554992029.092401,382,2005,179,66.70222328746091
2005-09-14,2005-09-13,Prod. Sold Swine or Pork Market Formula,161421,66.71,197.86,66.71,31938759.06,2130634616.8926,28335712.9,1888575264.785,383,2005,180,66.68179331948144
2005-09-14,2005-09-13,Prod. Sold Negotiated,32865,65.89,193.7,65.89,6365950.5,419452478.445,6442217.05,422480594.139,383,2005,180,65.73407704867196
2005-09-15,2005-09-14,Prod. Sold Swine or Pork Market Formula,160681,66.72,200.03,66.72,32141020.43,2144448883.0896,31938759.06,2130634616.8926,384,2005,181,66.7150157819964
2005-09-15,2005-09-14,Prod. Sold Negotiated,32198,67.23,195.39,67.23,6291167.22,422955172.2006,6365950.5,419452478.445,384,2005,181,66.55604137381762
2005-09-16,2005-09-15,Prod. Sold Swine or Pork Market Formula,158930,66.92,199.31,66.92,31676338.3,2119780559.036,32141020.43,2144448883.0896,385,2005,182,66.8192718562171
2005-09-16,2005-09-15,Prod. Sold Negotiated,38824,66.83,194.79,66.83,7562526.96,505403676.7368,6291167.22,422955172.2006,385,2005,182,67.01164591013081
2005-09-19,2005-09-16,Prod. Sold Swine or Pork Market Formula,193007,66.96,198.99,66.96,38406462.93,2571696757.7928,31676338.3,2119780559.036,391,2005,183,66.94192062089753
2005-09-19,2005-09-16,Prod. Sold Negotiated,49439,66.81,195.21,66.81,9650987.19,644782454.1639,7562526.96,505403676.7368,391,2005,183,66.81878673220832
2005-09-20,2005-09-19,Prod. Sold Swine or Pork Market Formula,148970,67.05,198.97,67.05,29640560.9,1987399608.345,38406462.93,2571696757.7928,392,2005,184,66.99920304417229
2005-09-20,2005-09-19,Prod. Sold Negotiated,33629,66.39,195.17,66.39,6563371.93,435742262.4327,9650987.19,644782454.1639,392,2005,184,66.63998919721719
2005-09-21,2005-09-20,Prod. Sold Swine or Pork Market Formula,154109,67.65,198.21,67.65,30545944.89,2066433171.8085003,29640560.9,1987399608.345,393,2005,185,67.35451289194205
2005-09-21,2005-09-20,Prod. Sold Negotiated,39990,66.85,195.8,66.85,7830042.0,523438307.6999999,6563371.93,435742262.4327,393,2005,185,66.64024079329037
2005-09-22,2005-09-21,Prod. Sold Negotiated,37618,67.03,196.12,67.03,7377642.16,494523353.9848,7830042.0,523438307.6999999,394,2005,186,66.93732267022567
2005-09-22,2005-09-21,Prod. Sold Swine or Pork Market Formula,158833,67.79,200.05,67.79,31774541.65,2153996178.4535003,30545944.89,2066433171.8085003,394,2005,186,67.72137999200544
2005-09-23,2005-09-22,Prod. Sold Negotiated,42870,68.07,195.68,68.07,8388801.6,571025724.912,7377642.16,494523353.9848,395,2005,187,67.58334949318971
2005-09-23,2005-09-22,Prod. Sold Swine or Pork Market Formula,150173,68.49,199.03,68.49,29888932.19,2047092965.6931,31774541.65,2153996178.4535003,395,2005,187,68.12929733811767
2005-09-26,2005-09-23,Prod. Sold Negotiated,55886,68.79,197.45,68.79,11034690.7,759076373.253,8388801.6,571025724.912,401,2005,188,68.47903958882823
2005-09-26,2005-09-23,Prod. Sold Swine or Pork Market Formula,198001,68.99,199.62,68.99,39524959.62,2726826964.1838,29888932.19,2047092965.6931,401,2005,188,68.77470496747385
2005-09-27,2005-09-26,Prod. Sold Negotiated,48588,69.64,197.71,69.64,9606333.48,668985063.5472001,11034690.7,759076373.253,402,2005,189,69.18559003404064
2005-09-27,2005-09-26,Prod. Sold Swine or Pork Market Formula,129925,69.46,197.85,69.46,25705661.25,1785515230.425,39524959.62,2726826964.1838,402,2005,189,69.17521456068275
2005-09-28,2005-09-27,Prod. Sold Negotiated,40879,68.95,197.23,68.95,8062565.17,555913868.4715,9606333.48,668985063.5472001,403,2005,190,69.32514336532799
2005-09-28,2005-09-27,Prod. Sold Swine or Pork Market Formula,153274,69.7,199.95,69.7,30647136.3,2136105400.11,25705661.25,1785515230.425,403,2005,190,69.59052258329277
2005-09-29,2005-09-28,Prod. Sold Negotiated,40944,69.17,196.37,69.17,8040173.28,556138785.7776,8062565.17,555913868.4715,404,2005,191,69.05984703794901
2005-09-29,2005-09-28,Prod. Sold Swine or Pork Market Formula,152273,69.97,199.37,69.97,30358668.01,2124196000.6597,30647136.3,2136105400.11,404,2005,191,69.83436164731224
2005-09-30,2005-09-29,Prod. Sold Negotiated,41288,68.98,195.59,68.98,8075519.92,557049364.0816001,8040173.28,556138785.7776,405,2005,192,69.07479163596885
2005-09-30,2005-09-29,Prod. Sold Swine or Pork Market Formula,156829,69.93,199.85,69.93,31342275.65,2191765336.2045,30358668.01,2124196000.6597,405,2005,192,69.9496811693366
2005-10-03,2005-09-30,Prod. Sold Negotiated,58802,69.21,195.91,69.21,11519899.82,797292266.5422,8075519.92,557049364.0816001,411,2005,193,69.11521409562825
2005-10-03,2005-09-30,Prod. Sold Swine or Pork Market Formula,181155,69.52,200.9,69.52,36394039.5,2530113626.04,31342275.65,2191765336.2045,411,2005,193,69.70971113188017
2005-10-04,2005-10-03,Prod. Sold Swine or Pork Market Formula,130350,69.31,200.8,69.31,26174280.0,1814139346.8,36394039.5,2530113626.04,412,2005,194,69.43215044859883
2005-10-04,2005-10-03,Prod. Sold Negotiated,35870,69.11,195.14,69.11,6999671.8,483747318.098,11519899.82,797292266.5422,412,2005,194,69.17220392164772
2005-10-05,2005-10-04,Prod. Sold Swine or Pork Market Formula,164983,69.31,200.46,69.31,33072492.18,2292254432.9958,26174280.0,1814139346.8,413,2005,195,69.31
2005-10-05,2005-10-04,Prod. Sold Negotiated,33294,69.1,195.01,69.1,6492662.94,448643009.1539999,6999671.8,483747318.098,413,2005,195,69.10518788774137
2005-10-06,2005-10-05,Prod. Sold Swine or Pork Market Formula,152507,69.5,200.18,69.5,30528851.26,2121755162.57,33072492.18,2292254432.9958,414,2005,196,69.40120061661703
2005-10-06,2005-10-05,Prod. Sold Negotiated,32391,68.85,195.25,68.85,6324342.75,435430998.3375,6492662.94,448643009.1539999,414,2005,196,68.97664157091437
2005-10-07,2005-10-06,Prod. Sold Swine or Pork Market Formula,150079,69.39,201.1,69.39,30180886.9,2094251741.991,30528851.26,2121755162.57,415,2005,197,69.44531523838482
2005-10-07,2005-10-06,Prod. Sold Negotiated,35590,69.09,195.06,69.09,6942185.4,479635589.2860001,6324342.75,435430998.3375,415,2005,197,68.97558858483258
2005-10-10,2005-10-07,Prod. Sold Swine or Pork Market Formula,188046,69.25,201.12,69.25,37819811.52,2619021947.76,30180886.9,2094251741.991,421,2005,198,69.31213648189174
2005-10-10,2005-10-07,Prod. Sold Negotiated,58750,69.57,197.92,69.57,11627800.0,808946046.0,6942185.4,479635589.2860001,421,2005,198,69.39055726376608
2005-10-11,2005-10-10,Prod. Sold Swine or Pork Market Formula,142377,68.76,201.92,68.76,28748763.84,1976765001.6384,37819811.52,2619021947.76,422,2005,199,69.03838522222507
2005-10-11,2005-10-10,Prod. Sold Negotiated,33175,68.61,196.01,68.61,6502631.75,446145564.3675,11627800.0,808946046.0,422,2005,199,69.2256879303219
2005-10-12,2005-10-11,Prod. Sold Negotiated,30222,67.57,195.65,67.57,5912934.3,399536970.651,6502631.75,446145564.3675,423,2005,200,68.11469824354081
2005-10-12,2005-10-11,Prod. Sold Swine or Pork Market Formula,144654,68.6,201.22,68.6,29107277.88,1996759262.568,28748763.84,1976765001.6384,423,2005,200,68.67950426744818
2005-10-13,2005-10-12,Prod. Sold Swine or Pork Market Formula,150074,68.18,201.54,68.18,30245913.96,2062166413.7928,29107277.88,1996759262.568,424,2005,201,68.38597134426327
2005-10-13,2005-10-12,Prod. Sold Negotiated,31177,66.72,196.06,66.72,6112562.62,407830178.0064,5912934.3,399536970.651,424,2005,201,67.13794482077833
2005-10-14,2005-10-13,Prod. Sold Negotiated,30725,67.1,195.74,67.1,6014111.5,403546881.65,6112562.62,407830178.0064,425,2005,202,66.9084574737793
2005-10-14,2005-10-13,Prod. Sold Swine or Pork Market Formula,144816,67.83,202.2,67.83,29281795.2,1986184168.416,30245913.96,2062166413.7928,425,2005,202,68.00783432346685
2005-10-17,2005-10-14,Prod. Sold Swine or Pork Market Formula,197238,67.12,203.14,67.12,40066927.32,2689292161.7184,29281795.2,1986184168.416,431,2005,203,67.41979030379404
2005-10-17,2005-10-14,Prod. Sold Negotiated,55680,66.77,199.99,66.77,11135443.2,743513542.464,6014111.5,403546881.65,431,2005,203,66.88572643311838
2005-10-18,2005-10-17,Prod. Sold Swine or Pork Market Formula,138229,66.0,201.31,66.0,27826879.99,1836574079.34,40066927.32,2689292161.7184,432,2005,204,66.66095805164531
2005-10-18,2005-10-17,Prod. Sold Negotiated,32918,65.33,197.2,65.33,6491429.6,424085095.768,11135443.2,743513542.464,432,2005,204,66.23969273959926
2005-10-19,2005-10-18,Prod. Sold Swine or Pork Market Formula,160819,65.21,202.46,65.21,32559414.74,2123199435.1954,27826879.99,1836574079.34,433,2005,205,65.57404345208448
2005-10-19,2005-10-18,Prod. Sold Negotiated,32047,64.67,195.92,64.67,6278648.239999999,406040181.6808,6491429.6,424085095.768,433,2005,205,65.00549862339757
2005-10-20,2005-10-19,Prod. Sold Negotiated,27585,63.35,196.24,63.35,5413280.4,342931313.34000003,6278648.239999999,406040181.6808,434,2005,206,64.05884932092778
2005-10-20,2005-10-19,Prod. Sold Swine or Pork Market Formula,161589,64.44,202.8,64.44,32770249.200000003,2111714858.448,32559414.74,2123199435.1954,434,2005,206,64.82375751286315
2005-10-21,2005-10-20,Prod. Sold Swine or Pork Market Formula,146942,63.79,203.13,63.79,29848328.46,1904024872.4634,32770249.200000003,2111714858.448,435,2005,207,64.13016521575524
2005-10-21,2005-10-20,Prod. Sold Negotiated,31260,62.43,198.39,62.43,6201671.4,387170345.502,5413280.4,342931313.34000003,435,2005,207,62.858776464487775
2005-10-24,2005-10-21,Prod. Sold Negotiated,78399,61.8,200.59,61.8,15726055.41,971870224.338,6201671.4,387170345.502,441,2005,208,61.97817866009797
2005-10-24,2005-10-21,Prod. Sold Swine or Pork Market Formula,229217,63.02,203.22,63.02,46581478.74,2935564790.1948004,29848328.46,1904024872.4634,441,2005,208,63.32071007315325
2005-10-25,2005-10-24,Prod. Sold Swine or Pork Market Formula,144277,62.22,201.57,62.22,29081914.89,1809476744.4558,46581478.74,2935564790.1948004,442,2005,209,62.71251270930604
2005-10-25,2005-10-24,Prod. Sold Negotiated,39646,61.33,198.7,61.33,7877660.199999998,483136900.0659999,15726055.41,971870224.338,442,2005,209,61.64313909067641
2005-10-26,2005-10-25,Prod. Sold Negotiated,37260,60.83,196.29,60.83,7313765.3999999985,444896349.282,7877660.199999998,483136900.0659999,443,2005,210,61.0892798203218
2005-10-26,2005-10-25,Prod. Sold Swine or Pork Market Formula,159200,61.72,202.98,61.72,32314416.0,1994445755.52,29081914.89,1809476744.4558,443,2005,210,61.95683756397514
2005-10-27,2005-10-26,Prod. Sold Swine or Pork Market Formula,161632,61.23,202.83,61.23,32783818.56,2007353210.4288,32314416.0,1994445755.52,444,2005,211,61.47323338331712
2005-10-27,2005-10-26,Prod. Sold Negotiated,33632,60.71,197.58,60.71,6645010.5600000005,403418591.0976,7313765.3999999985,444896349.282,444,2005,211,60.77287455651663
2005-10-28,2005-10-27,Prod. Sold Swine or Pork Market Formula,164999,60.7,202.35,60.7,33387547.65,2026624142.355,32783818.56,2007353210.4288,445,2005,212,60.96258221390893
2005-10-28,2005-10-27,Prod. Sold Negotiated,34185,60.03,196.85,60.03,6729317.25,403960914.5175,6645010.5600000005,403418591.0976,445,2005,212,60.36785676895264
2005-10-31,2005-10-28,Prod. Sold Swine or Pork Market Formula,216931,60.53,202.3,60.53,43885141.3,2656367602.8890004,33387547.65,2026624142.355,451,2005,213,60.603452641258194
2005-10-31,2005-10-28,Prod. Sold Negotiated,74116,59.81,201.52,59.81000000000001,14935856.32,893313566.4992001,6729317.25,403960914.5175,451,2005,213,59.87833316106223
2005-11-01,2005-10-31,Prod. Sold Negotiated,40748,59.51,200.91,59.51,8186680.68,487189367.2668,14935856.32,893313566.4992001,452,2005,214,59.70378309983892
2005-11-01,2005-10-31,Prod. Sold Swine or Pork Market Formula,145285,60.38,203.57,60.38,29575667.45,1785778800.631,43885141.3,2656367602.8890004,452,2005,214,60.469609293812745
2005-11-02,2005-11-01,Prod. Sold Negotiated,39015,58.92,197.99,58.92,7724579.85,455132244.762,8186680.68,487189367.2668,453,2005,215,59.22356750127326
2005-11-02,2005-11-01,Prod. Sold Swine or Pork Market Formula,162290,60.48,203.45,60.48,33017900.5,1996922622.24,29575667.45,1785778800.631,453,2005,215,60.43274966994432
2005-11-03,2005-11-02,Prod. Sold Negotiated,33882,59.24,197.29,59.24,6684579.779999999,395994506.1672,7724579.85,455132244.762,454,2005,216,59.06845178931507
2005-11-03,2005-11-02,Prod. Sold Swine or Pork Market Formula,158220,60.28,204.01,60.28,32278462.2,1945745701.416,33017900.5,1996922622.24,454,2005,216,60.381132434134805
2005-11-04,2005-11-03,Prod. Sold Negotiated,41805,59.78,199.81,59.78,8353057.05,499345750.449,6684579.779999999,395994506.1672,455,2005,217,59.53995742402832
2005-11-04,2005-11-03,Prod. Sold Swine or Pork Market Formula,146908,60.35,203.98,60.35,29966293.84,1808465833.244,32278462.2,1945745701.416,455,2005,217,60.31369987613819
2005-11-07,2005-11-04,Prod. Sold Negotiated,85348,60.57,202.69,60.57,17299186.12,1047811703.2884,8353057.05,499345750.449,461,2005,218,60.31275485283028
2005-11-07,2005-11-04,Prod. Sold Swine or Pork Market Formula,207317,60.92,203.66,60.92,42222180.22,2572175219.0024,29966293.84,1808465833.244,461,2005,218,60.68338622319952
2005-11-08,2005-11-07,Prod. Sold Negotiated,38710,61.12,200.6,61.12,7765226.0,474610613.12,17299186.12,1047811703.2884,462,2005,219,60.74039594942632
2005-11-08,2005-11-07,Prod. Sold Swine or Pork Market Formula,149300,61.44,203.17,61.44,30333281.0,1863676784.64,42222180.22,2572175219.0024,462,2005,219,61.13739653852068
2005-11-09,2005-11-08,Prod. Sold Negotiated,36236,61.01,202.72,61.01,7345761.92,448164934.7392,7765226.0,474610613.12,463,2005,220,61.06652673832592
2005-11-09,2005-11-08,Prod. Sold Swine or Pork Market Formula,161041,61.65,204.39,61.65,32915169.99,2029220229.8835,30333281.0,1863676784.64,463,2005,220,61.549286244796605
2005-11-10,2005-11-09,Prod. Sold Negotiated,38632,60.99,201.04,60.99,7766577.279999998,473683548.3072,7345761.92,448164934.7392,464,2005,221,60.99972154187751
2005-11-10,2005-11-09,Prod. Sold Swine or Pork Market Formula,162059,61.98,204.41,61.98,33126480.19,2053179242.1762,32915169.99,2029220229.8835,464,2005,221,61.81552794233495
2005-11-11,2005-11-10,Prod. Sold Negotiated,32230,61.19,202.68,61.19,6532376.4,399716111.916,7766577.279999998,473683548.3072,465,2005,222,61.08136859306197
2005-11-11,2005-11-10,Prod. Sold Swine or Pork Market Formula,160121,61.93,204.27,61.93,32707916.67,2025601279.3731,33126480.19,2053179242.1762,465,2005,222,61.95515894560441
2005-11-14,2005-11-11,Prod. Sold Swine or Pork Market Formula,203004,62.35,205.06,62.35,41628000.24,2595505814.964,32707916.67,2025601279.3731,471,2005,223,62.16519936024961
2005-11-14,2005-11-11,Prod. Sold Negotiated,82109,62.09,203.35,62.09,16696865.15,1036708357.1635,6532376.4,399716111.916,471,2005,223,61.83690784684703
2005-11-15,2005-11-14,Prod. Sold Swine or Pork Market Formula,146353,62.68,203.46,62.68,29776981.380000003,1866421192.8984,41628000.24,2595505814.964,472,2005,224,62.4876151023705
2005-11-15,2005-11-14,Prod. Sold Negotiated,39741,61.76,201.22,61.76,7996684.02,493875205.0752,16696865.15,1036708357.1635,472,2005,224,61.98313380152715
2005-11-16,2005-11-15,Prod. Sold Swine or Pork Market Formula,159700,62.23,205.12,62.23,32757664.0,2038509430.72,29776981.380000003,1866421192.8984,473,2005,225,62.444275487445
2005-11-16,2005-11-15,Prod. Sold Negotiated,37003,61.26,201.21,61.26,7445373.63,456103588.5738,7996684.02,493875205.0752,473,2005,225,61.51892546839442
2005-11-17,2005-11-16,Prod. Sold Negotiated,30435,60.82,200.65,60.82,6106782.75,371414526.855,7445373.63,456103588.5738,474,2005,226,61.06173012067914
2005-11-17,2005-11-16,Prod. Sold Swine or Pork Market Formula,157548,62.04,205.18,62.04,32325698.64,2005486343.6256,32757664.0,2038509430.72,474,2005,226,62.13563052533759
2005-11-18,2005-11-17,Prod. Sold Swine or Pork Market Formula,151555,61.47,204.13,61.47,30936922.15,1901692604.5605,32325698.64,2005486343.6256,475,2005,227,61.76125647965114
2005-11-18,2005-11-17,Prod. Sold Negotiated,37100,60.85,199.45,60.85,7399595.0,450265355.75,6106782.75,371414526.855,475,2005,227,60.836435779755966
2005-11-21,2005-11-18,Prod. Sold Swine or Pork Market Formula,218925,60.62,205.23,60.62,44929977.75,2723655251.205,30936922.15,1901692604.5605,481,2005,228,60.96661207802297
2005-11-21,2005-11-18,Prod. Sold Negotiated,81703,60.08,204.17,60.08,16681301.51,1002212594.7208,7399595.0,450265355.75,481,2005,228,60.316606147434506
2005-11-22,2005-11-21,Prod. Sold Swine or Pork Market Formula,141132,59.9,203.64,59.9,28740120.48,1721533216.752,44929977.75,2723655251.205,482,2005,229,60.33911416921156
2005-11-22,2005-11-21,Prod. Sold Negotiated,37070,58.88,200.35,58.88,7426974.5,437300258.56,16681301.51,1002212594.7208,482,2005,229,59.710319090576895
2005-11-23,2005-11-22,Prod. Sold Negotiated,34495,57.75,200.57,57.75,6918662.15,399552739.1625,7426974.5,437300258.56,483,2005,230,58.33501977916749
2005-11-23,2005-11-22,Prod. Sold Swine or Pork Market Formula,158538,59.11,205.02,59.11,32503460.76,1921279565.5236,28740120.48,1721533216.752,483,2005,230,59.48072775170064
2005-11-25,2005-11-23,Prod. Sold Negotiated,32081,56.99,199.82,56.99,6410425.42,365330144.6858,6918662.15,399552739.1625,485,2005,231,57.38448936068472
2005-11-25,2005-11-23,Prod. Sold Swine or Pork Market Formula,146494,58.93,204.91,58.93,30018085.54,1768965780.8722,32503460.76,1921279565.5236,485,2005,231,59.02357770693526
2005-11-28,2005-11-25,Prod. Sold Swine or Pork Market Formula,279328,58.33,206.35,58.32999999999999,57639332.8,3362102282.2239995,30018085.54,1768965780.8722,491,2005,232,58.53546864903253
2005-11-28,2005-11-25,Prod. Sold Negotiated,94766,56.7,205.96,56.7,19518005.36,1106670903.912,6410425.42,365330144.6858,491,2005,232,56.771698260013245
2005-11-29,2005-11-28,Prod. Sold Swine or Pork Market Formula,134296,58.29,205.93,58.29,27655575.28,1612043483.0712,57639332.8,3362102282.2239995,492,2005,233,58.31703060902343
2005-11-29,2005-11-28,Prod. Sold Negotiated,35809,57.4,202.06,57.4,7235566.54,415321519.396,19518005.36,1106670903.912,492,2005,233,56.88931664889203
2005-11-30,2005-11-29,Prod. Sold Swine or Pork Market Formula,144822,58.51,204.4,58.51,29601616.8,1731990598.968,27655575.28,1612043483.0712,493,2005,234,58.40373864940671
2005-11-30,2005-11-29,Prod. Sold Negotiated,30946,57.7,201.1,57.7,6223240.6,359080982.62,7235566.54,415321519.396,493,2005,234,57.53871750747146
2005-12-01,2005-11-30,Prod. Sold Swine or Pork Market Formula,153190,59.04,204.65,59.04,31350333.5,1850923689.84,29601616.8,1731990598.968,494,2005,235,58.782602872807495
2005-12-01,2005-11-30,Prod. Sold Negotiated,40065,58.42,198.79,58.42,7964521.35,465287337.267,6223240.6,359080982.62,494,2005,235,58.10418322440208
2005-12-02,2005-12-01,Prod. Sold Swine or Pork Market Formula,151883,59.81,204.65,59.81,31082855.95,1859065614.3695,31350333.5,1850923689.84,495,2005,236,59.423350575108245
2005-12-02,2005-12-01,Prod. Sold Negotiated,40612,59.04,201.79,59.04,8195095.479999999,483838437.1392,7964521.35,465287337.267,495,2005,236,58.734423247224974
2005-12-05,2005-12-02,Prod. Sold Swine or Pork Market Formula,204502,60.97,204.86,60.97,41894279.720000006,2554294234.5284004,31082855.95,1859065614.3695,501,2005,237,60.47592589622805
2005-12-05,2005-12-02,Prod. Sold Negotiated,97496,60.81,204.41,60.81,19929157.36,1211892059.0616,8195095.479999999,483838437.1392,501,2005,237,60.29424162298208
2005-12-06,2005-12-05,Prod. Sold Swine or Pork Market Formula,133849,61.41,205.64,61.41,27524708.36,1690292340.3876,41894279.720000006,2554294234.5284004,502,2005,238,61.14446050444358
2005-12-06,2005-12-05,Prod. Sold Negotiated,44424,61.83,200.95,61.830000000000005,8927002.8,551956583.124,19929157.36,1211892059.0616,502,2005,238,61.125549359495935
2005-12-07,2005-12-06,Prod. Sold Negotiated,38296,61.77,201.05,61.77,7699410.8,475592605.11600006,8927002.8,551956583.124,503,2005,239,61.80221501526944
2005-12-07,2005-12-06,Prod. Sold Swine or Pork Market Formula,150813,62.51,204.2,62.510000000000005,30796014.6,1925058872.646,27524708.36,1690292340.3876,503,2005,239,61.990850413724026
2005-12-08,2005-12-07,Prod. Sold Swine or Pork Market Formula,154918,63.12,205.48,63.12,31832550.64,2009270596.3968,30796014.6,1925058872.646,504,2005,240,62.82004791209872
2005-12-08,2005-12-07,Prod. Sold Negotiated,39388,62.53,200.0,62.53,7877600.0,492586328.0,7699410.8,475592605.11600006,504,2005,240,62.15434691205324
2005-12-09,2005-12-08,Prod. Sold Swine or Pork Market Formula,145482,63.5,204.5,63.5,29751069.0,1889192881.5,31832550.64,2009270596.3968,505,2005,241,63.30357813792188
2005-12-09,2005-12-08,Prod. Sold Negotiated,41457,63.23,202.36,63.23,8389238.520000001,530451551.61960006,7877600.0,492586328.0,505,2005,241,62.89100849939463
2005-12-12,2005-12-09,Prod. Sold Negotiated,66061,63.39,203.24,63.39,13426237.64,851089203.9996,8389238.520000001,530451551.61960006,511,2005,242,63.32847128738537
2005-12-12,2005-12-09,Prod. Sold Swine or Pork Market Formula,190952,63.27,204.99,63.27,39143250.48,2476593457.8696003,29751069.0,1889192881.5,511,2005,242,63.3693223522875
2005-12-13,2005-12-12,Prod. Sold Negotiated,44358,63.2,200.7,63.2,8902650.6,562647517.92,13426237.64,851089203.9996,512,2005,243,63.31424595457601
2005-12-13,2005-12-12,Prod. Sold Swine or Pork Market Formula,133212,63.14,204.54,63.14,27247182.48,1720387101.7872,39143250.48,2476593457.8696003,512,2005,243,63.21664692540062
2005-12-14,2005-12-13,Prod. Sold Negotiated,40472,62.18,201.23,62.18,8144180.56,506405147.2208,8902650.6,562647517.92,513,2005,244,62.71269159099244
2005-12-14,2005-12-13,Prod. Sold Swine or Pork Market Formula,149575,63.35,204.01,63.35,30514795.75,1933112310.7625,27247182.48,1720387101.7872,513,2005,244,63.250939883014105
2005-12-15,2005-12-14,Prod. Sold Negotiated,35457,61.65,200.89,61.65,7122956.73,439130282.4045,8144180.56,506405147.2208,514,2005,245,61.9327259370771
2005-12-15,2005-12-14,Prod. Sold Swine or Pork Market Formula,147663,63.26,204.22,63.26,30155737.86,1907651977.0236,30514795.75,1933112310.7625,514,2005,245,63.305266317173896
2005-12-16,2005-12-15,Prod. Sold Negotiated,41440,61.31,198.99,61.31,8246145.6,505571186.73600006,7122956.73,439130282.4045,515,2005,246,61.46757623550159
2005-12-16,2005-12-15,Prod. Sold Swine or Pork Market Formula,148681,62.59,204.15,62.59,30353226.15,1899808424.7285,30155737.86,1907651977.0236,515,2005,246,62.923906631798566
2005-12-19,2005-12-16,Prod. Sold Negotiated,62636,60.68,201.67,60.67999999999999,12631802.12,766497752.6416,8246145.6,505571186.73600006,521,2005,247,60.92883057461742
2005-12-19,2005-12-16,Prod. Sold Swine or Pork Market Formula,205997,61.76,204.2,61.76,42064587.4,2597908917.824,30353226.15,1899808424.7285,521,2005,247,62.10788647253352
2005-12-20,2005-12-19,Prod. Sold Swine or Pork Market Formula,149113,60.84,204.5,60.84,30493608.5,1855231141.14,42064587.4,2597908917.824,522,2005,248,61.37335698232265
2005-12-20,2005-12-19,Prod. Sold Negotiated,42996,59.97,200.39,59.97,8615968.44,516699627.3468,12631802.12,766497752.6416,522,2005,248,60.392095084275994
2005-12-21,2005-12-20,Prod. Sold Swine or Pork Market Formula,153477,60.36,204.5,60.36,31386046.5,1894461766.74,30493608.5,1855231141.14,523,2005,249,60.596538682705976
2005-12-21,2005-12-20,Prod. Sold Negotiated,42768,59.05,201.57,59.05,8620745.76,509055037.128,8615968.44,516699627.3468,523,2005,249,59.50987250660569
2005-12-22,2005-12-21,Prod. Sold Negotiated,38881,58.89,200.58,58.89,7798750.98,459268445.2122001,8620745.76,509055037.128,524,2005,250,58.97400496942392
2005-12-22,2005-12-21,Prod. Sold Swine or Pork Market Formula,153283,60.3,204.19,60.3,31298855.77,1887321002.931,31386046.5,1894461766.74,524,2005,250,60.33004172810048
2005-12-23,2005-12-22,Prod. Sold Swine or Pork Market Formula,149535,59.97,204.48,59.97,30576916.8,1833697700.496,31298855.77,1887321002.931,525,2005,251,60.13692514654933
2005-12-23,2005-12-22,Prod. Sold Negotiated,43482,58.8,202.13,58.8,8789016.66,516794179.608,7798750.98,459268445.2122001,525,2005,251,58.842313565238726
2005-12-27,2005-12-23,Prod. Sold Negotiated,61167,58.94,202.93,58.94,12412619.31,731599782.1314,8789016.66,516794179.608,532,2005,252,58.88196380250368
2005-12-27,2005-12-23,Prod. Sold Swine or Pork Market Formula,163910,59.84,204.04,59.84,33444196.4,2001300712.576,30576916.8,1833697700.496,532,2005,252,59.9020888795167
2005-12-28,2005-12-27,Prod. Sold Negotiated,35252,58.69,200.67,58.69,7074018.84,415174165.7196,12412619.31,731599782.1314,533,2005,253,58.849245263529454
2005-12-28,2005-12-27,Prod. Sold Swine or Pork Market Formula,165924,59.65,204.92,59.65,34001146.08,2028168363.672,33444196.4,2001300712.576,533,2005,253,59.744215509660805
2005-12-29,2005-12-28,Prod. Sold Negotiated,35894,58.4,200.93,58.4,7212181.42,421191394.928,7074018.84,415174165.7196,534,2005,254,58.5435976975168
2005-12-29,2005-12-28,Prod. Sold Swine or Pork Market Formula,156366,59.54,205.46,59.54,32126958.36,1912839100.7544,34001146.08,2028168363.672,534,2005,254,59.59655879751088
2005-12-30,2005-12-29,Prod. Sold Swine or Pork Market Formula,154187,59.37,204.68,59.37,31558995.16,1873657542.6492,32126958.36,1912839100.7544,535,2005,255,59.455758045837925
2005-12-30,2005-12-29,Prod. Sold Negotiated,39463,58.64,200.77,58.64,7922986.51,464603928.9464001,7212181.42,421191394.928,535,2005,255,58.525635656716496
2006-01-02,2005-12-30,Prod. Sold Negotiated,77408,58.55,202.68,58.55,15689053.44,918594078.912,7922986.51,464603928.9464001,21,2006,1,58.58019937232911
2006-01-02,2005-12-30,Prod. Sold Swine or Pork Market Formula,230726,59.26,205.79,59.26,47481103.54,2813730195.7804,31558995.16,1873657542.6492,21,2006,1,59.30392061149589
2006-01-04,2006-01-03,Prod. Sold Swine or Pork Market Formula,144880,58.9,206.33,58.9,29893090.4,1760703024.5600002,47481103.54,2813730195.7804,23,2006,2,59.12091599800904
2006-01-04,2006-01-03,Prod. Sold Negotiated,30059,58.12,201.54,58.12,6058090.86,352096240.7832,15689053.44,918594078.912,23,2006,2,58.430215120023824
2006-01-05,2006-01-04,Prod. Sold Negotiated,30403,57.78,202.28,57.78000000000001,6149918.84,355342310.5752,6058090.86,352096240.7832,24,2006,3,57.94872126931551
2006-01-05,2006-01-04,Prod. Sold Swine or Pork Market Formula,163194,58.72,206.09,58.72,33632651.46,1974909293.7312,29893090.4,1760703024.5600002,24,2006,3,58.80470198244766
2006-01-06,2006-01-05,Prod. Sold Negotiated,34184,57.17,201.22,57.17,6878504.48,393244101.1216,6149918.84,355342310.5752,25,2006,4,57.45794355235918
2006-01-06,2006-01-05,Prod. Sold Swine or Pork Market Formula,160127,58.64,205.53,58.64,32910902.31,1929895311.4584,33632651.46,1974909293.7312,25,2006,4,58.68043385067921
2006-01-09,2006-01-06,Prod. Sold Negotiated,75465,57.0,203.99,57.0,15394105.35,877464004.95,6878504.48,393244101.1216,31,2006,5,57.05250151511319
2006-01-09,2006-01-06,Prod. Sold Swine or Pork Market Formula,255890,58.64,207.46,58.64,53086939.4,3113018126.416,32910902.31,1929895311.4584,31,2006,5,58.64000000000001
2006-01-10,2006-01-09,Prod. Sold Negotiated,35388,58.1,200.88,58.1,7108741.44,413017877.664,15394105.35,877464004.95,32,2006,6,57.347494504005375
2006-01-10,2006-01-09,Prod. Sold Swine or Pork Market Formula,148265,58.38,206.77,58.38,30656754.05,1789741301.439,53086939.4,3113018126.416,32,2006,6,58.54481962611597
2006-01-11,2006-01-10,Prod. Sold Negotiated,36786,57.62,201.97,57.62,7429668.42,428097494.3604,7108741.44,413017877.664,33,2006,7,57.854702138958686
2006-01-11,2006-01-10,Prod. Sold Swine or Pork Market Formula,155706,58.52,206.07,58.52,32086335.42,1877692348.7784,30656754.05,1789741301.439,33,2006,7,58.45159492777206
2006-01-12,2006-01-11,Prod. Sold Swine or Pork Market Formula,154679,58.08,205.46,58.08,31780347.34,1845802573.5072,32086335.42,1877692348.7784,34,2006,8,58.30105402965507
2006-01-12,2006-01-11,Prod. Sold Negotiated,33176,57.66,202.35,57.66,6713163.6,387081013.176,7429668.42,428097494.3604,34,2006,8,57.63898675906072
2006-01-13,2006-01-12,Prod. Sold Swine or Pork Market Formula,156608,57.14,205.66,57.14,32208001.28,1840365193.1392,31780347.34,1845802573.5072,35,2006,9,57.60685884452193
2006-01-13,2006-01-12,Prod. Sold Negotiated,35624,57.0,202.21,57.00000000000001,7203529.04,410601155.28,6713163.6,387081013.176,35,2006,9,57.31837219450152
2006-01-16,2006-01-13,Prod. Sold Swine or Pork Market Formula,183438,56.21,206.8,56.21,37934978.4,2132325135.864,32208001.28,1840365193.1392,41,2006,10,56.637034057108075
2006-01-16,2006-01-13,Prod. Sold Negotiated,43360,55.89,203.72,55.89,8833299.2,493693092.288,7203529.04,410601155.28,41,2006,10,56.38859717362666
2006-01-17,2006-01-16,Prod. Sold Swine or Pork Market Formula,139996,55.28,205.14,55.28,28718779.44,1587574127.4432,37934978.4,2132325135.864,42,2006,11,55.809295437425845
2006-01-17,2006-01-16,Prod. Sold Negotiated,28180,53.97,200.6,53.97,5652908.0,305087444.76,8833299.2,493693092.288,42,2006,11,55.140764316003995
2006-01-18,2006-01-17,Prod. Sold Swine or Pork Market Formula,147310,54.55,205.45,54.55,30264839.5,1650946994.725,28718779.44,1587574127.4432,43,2006,12,54.90543273485009
2006-01-18,2006-01-17,Prod. Sold Negotiated,39409,52.59,203.47,52.59,8018549.229999999,421695504.0057,5652908.0,305087444.76,43,2006,12,53.16060581829432
2006-01-19,2006-01-18,Prod. Sold Swine or Pork Market Formula,145177,54.43,205.42,54.43,29822259.34,1623225575.8762,30264839.5,1650946994.725,44,2006,13,54.490441938620975
2006-01-19,2006-01-18,Prod. Sold Negotiated,26850,52.56,200.73,52.56,5389600.5,283277402.28000003,8018549.229999999,421695504.0057,44,2006,13,52.577941064333565
2006-01-20,2006-01-19,Prod. Sold Swine or Pork Market Formula,149719,54.59,205.28,54.59,30734316.32,1677786327.9088,29822259.34,1623225575.8762,45,2006,14,54.511204899015596
2006-01-20,2006-01-19,Prod. Sold Negotiated,36511,52.49,203.95,52.49,7446418.449999998,390862504.4405,5389600.5,283277402.28000003,45,2006,14,52.51939167014864
2006-01-23,2006-01-20,Prod. Sold Swine or Pork Market Formula,198473,55.1,205.74,55.1,40833835.02,2249944309.602,30734316.32,1677786327.9088,51,2006,15,54.880984962867984
2006-01-23,2006-01-20,Prod. Sold Negotiated,61488,53.65,205.97,53.65,12664683.36,679460262.264,7446418.449999998,390862504.4405,51,2006,15,53.220493676397936
2006-01-24,2006-01-23,Prod. Sold Swine or Pork Market Formula,140335,55.61,205.18,55.61,28793935.3,1601230742.033,40833835.02,2249944309.602,52,2006,16,55.31090589193808
2006-01-24,2006-01-23,Prod. Sold Negotiated,36817,55.14,204.2,55.14,7518031.3999999985,414544251.396,12664683.36,679460262.264,52,2006,16,54.205022796447615
2006-01-25,2006-01-24,Prod. Sold Negotiated,39967,55.56,200.71,55.56,8021776.57,445689906.2292,7518031.3999999985,414544251.396,53,2006,17,55.35680745128282
2006-01-25,2006-01-24,Prod. Sold Swine or Pork Market Formula,145841,56.01,204.62,56.01,29841985.42,1671449603.3742,28793935.3,1601230742.033,53,2006,17,55.813574771597786
2006-01-26,2006-01-25,Prod. Sold Negotiated,36718,55.66,200.84,55.66,7374443.12,410461504.0592,8021776.57,445689906.2292,54,2006,18,55.60789775197082
2006-01-26,2006-01-25,Prod. Sold Swine or Pork Market Formula,146694,55.76,205.27,55.76,30111877.380000003,1679038282.7088,29841985.42,1671449603.3742,54,2006,18,55.88443729238744
2006-01-27,2006-01-26,Prod. Sold Swine or Pork Market Formula,145062,55.4,205.48,55.4,29807339.76,1651326622.7039998,30111877.380000003,1679038282.7088,55,2006,19,55.580914844589365
2006-01-27,2006-01-26,Prod. Sold Negotiated,39128,55.48,199.78,55.48,7816991.84,433686707.2832,7374443.12,410461504.0592,55,2006,19,55.5673781683623
2006-01-30,2006-01-27,Prod. Sold Swine or Pork Market Formula,152418,54.94,206.12,54.94,31416398.16,1726016914.9104,29807339.76,1651326622.7039998,61,2006,20,55.163955229710346
2006-01-30,2006-01-27,Prod. Sold Negotiated,43950,54.78,201.78,54.78,8868231.0,485801694.18,7816991.84,433686707.2832,61,2006,20,55.107948529094976
2006-01-31,2006-01-30,Prod. Sold Negotiated,43580,54.0,202.81,54.0,8838459.8,477276829.2000001,8868231.0,485801694.18,62,2006,21,54.390655727720734
2006-01-31,2006-01-30,Prod. Sold Swine or Pork Market Formula,145044,54.83,204.12,54.83,29606381.28,1623317885.5824,31416398.16,1726016914.9104,62,2006,21,54.886631373223466
2006-02-01,2006-01-31,Prod. Sold Swine or Pork Market Formula,142787,54.58,203.9,54.58,29114269.3,1589056818.394,29606381.28,1623317885.5824,63,2006,22,54.706047570094896
2006-02-01,2006-01-31,Prod. Sold Negotiated,42181,53.76,201.47,53.76,8498206.07,456863558.3232,8838459.8,477276829.2000001,63,2006,22,53.88235514994095
2006-02-02,2006-02-01,Prod. Sold Swine or Pork Market Formula,147595,54.84,204.23,54.84,30143326.85,1653060044.454,29114269.3,1589056818.394,64,2006,23,54.71225755835862
2006-02-02,2006-02-01,Prod. Sold Negotiated,40971,53.63,202.33,53.63,8289662.43,444574596.1209,8498206.07,456863558.3232,64,2006,23,53.69580744834283
2006-02-03,2006-02-02,Prod. Sold Swine or Pork Market Formula,136663,54.38,204.74,54.38,27980382.62,1521573206.8756,30143326.85,1653060044.454,65,2006,24,54.61855893709188
2006-02-03,2006-02-02,Prod. Sold Negotiated,35855,54.08,199.69,54.08,7159884.95,387206578.096,8289662.43,444574596.1209,65,2006,24,53.838546447883054
2006-02-06,2006-02-03,Prod. Sold Swine or Pork Market Formula,160201,54.26,205.79,54.26,32967763.79,1788830863.2454,27980382.62,1521573206.8756,71,2006,25,54.31509020556283
2006-02-06,2006-02-03,Prod. Sold Negotiated,38082,53.77,200.28,53.77,7627062.96,410107175.3592,7159884.95,387206578.096,71,2006,25,53.9201029386192
2006-02-07,2006-02-06,Prod. Sold Swine or Pork Market Formula,141878,54.24,205.13,54.24,29103434.14,1578570267.7536,32967763.79,1788830863.2454,72,2006,26,54.25062256405207
2006-02-07,2006-02-06,Prod. Sold Negotiated,35716,52.99,200.24,52.99,7151771.840000001,378972389.8016,7627062.96,410107175.3592,72,2006,26,53.39254250008938
2006-02-08,2006-02-07,Prod. Sold Negotiated,39037,53.61,199.75,53.61,7797640.75,418031520.6075,7151771.840000001,378972389.8016,73,2006,27,53.31339312570943
2006-02-08,2006-02-07,Prod. Sold Swine or Pork Market Formula,145604,54.45,205.58,54.45,29933270.32,1629866568.924,29103434.14,1578570267.7536,73,2006,27,54.34647590892305
2006-02-09,2006-02-08,Prod. Sold Negotiated,34882,54.63,199.73,54.63,6966981.86,380606219.0118,7797640.75,418031520.6075,74,2006,28,54.091307357790974
2006-02-09,2006-02-08,Prod. Sold Swine or Pork Market Formula,144557,54.96,204.52,54.96,29564797.64,1624881278.2944,29933270.32,1629866568.924,74,2006,28,54.703420780092166
2006-02-10,2006-02-09,Prod. Sold Negotiated,40878,55.74,202.5,55.74,8277795.0,461404293.3,6966981.86,380606219.0118,75,2006,29,55.23272134740842
2006-02-10,2006-02-09,Prod. Sold Swine or Pork Market Formula,151252,55.67,204.65,55.67,30953721.8,1723193692.6060002,29564797.64,1624881278.2944,75,2006,29,55.32314739159786
2006-02-13,2006-02-10,Prod. Sold Negotiated,62562,57.71,202.1,57.71,12643780.2,729672555.342,8277795.0,461404293.3,81,2006,30,56.93055313741386
2006-02-13,2006-02-10,Prod. Sold Swine or Pork Market Formula,154169,57.23,205.06,57.23,31613895.14,1809263218.8622,30953721.8,1723193692.6060002,81,2006,30,56.45823005942026
2006-02-14,2006-02-13,Prod. Sold Negotiated,36376,58.88,200.41,58.88,7290114.16,429241921.7408,12643780.2,729672555.342,82,2006,31,58.13788596212867
2006-02-14,2006-02-13,Prod. Sold Swine or Pork Market Formula,147888,58.07,204.14,58.07000000000001,30189856.32,1753124956.5024,31613895.14,1809263218.8622,82,2006,31,57.640322653718094
2006-02-15,2006-02-14,Prod. Sold Negotiated,40591,59.39,200.13,59.39,8123476.83,482453288.9337,7290114.16,429241921.7408,83,2006,32,59.14878701958472
2006-02-15,2006-02-14,Prod. Sold Swine or Pork Market Formula,150576,59.11,204.55,59.10999999999999,30800320.8,1820606962.488,30189856.32,1753124956.5024,83,2006,32,58.59520479763447
2006-02-16,2006-02-15,Prod. Sold Negotiated,34193,60.15,198.75,60.15,6795858.75,408770903.8125,8123476.83,482453288.9337,84,2006,33,59.73618516503669
2006-02-16,2006-02-15,Prod. Sold Swine or Pork Market Formula,148867,59.7,203.95,59.7,30361424.65,1812577051.605,30800320.8,1820606962.488,84,2006,33,59.402883082582136
2006-02-17,2006-02-16,Prod. Sold Negotiated,38929,60.54,199.87,60.54,7780739.23,471045952.9842,6795858.75,408770903.8125,85,2006,34,60.358175344059255
2006-02-17,2006-02-16,Prod. Sold Swine or Pork Market Formula,142455,59.85,205.11,59.85,29218945.05,1748753861.2425,30361424.65,1812577051.605,85,2006,34,59.77356184225725
2006-02-20,2006-02-17,Prod. Sold Swine or Pork Market Formula,141486,60.81,205.26,60.81,29041416.36,1766008528.8516,29218945.05,1748753861.2425,91,2006,35,60.32853736281174
2006-02-20,2006-02-17,Prod. Sold Negotiated,49602,61.15,202.92,61.15,10065237.84,615489293.916,7780739.23,471045952.9842,91,2006,35,60.88404364963133
2006-02-21,2006-02-20,Prod. Sold Negotiated,34478,61.53,200.69,61.53000000000001,6919389.82,425750055.62460005,10065237.84,615489293.916,92,2006,36,61.30480870021027
2006-02-21,2006-02-20,Prod. Sold Swine or Pork Market Formula,135701,61.23,204.96,61.23,27813276.96,1703006948.2608,29041416.36,1766008528.8516,92,2006,36,61.015463711807435
2006-02-22,2006-02-21,Prod. Sold Negotiated,42971,62.33,200.6,62.33,8619982.6,537283515.458,6919389.82,425750055.62460005,93,2006,37,61.973775069778526
2006-02-22,2006-02-21,Prod. Sold Swine or Pork Market Formula,142678,62.51,203.66,62.51,29057801.48,1816403170.5148,27813276.96,1703006948.2608,93,2006,37,61.88400528554492
2006-02-23,2006-02-22,Prod. Sold Negotiated,42334,63.06,200.94,63.06,8506593.959999999,536425815.1176,8619982.6,537283515.458,94,2006,38,62.69258347189498
2006-02-23,2006-02-22,Prod. Sold Swine or Pork Market Formula,140232,62.98,204.1,62.98,28621351.2,1802572698.576,29057801.48,1816403170.5148,94,2006,38,62.74322178705764
2006-02-24,2006-02-23,Prod. Sold Negotiated,37610,63.37,199.64,63.36999999999999,7508460.3999999985,475811135.5479999,8506593.959999999,536425815.1176,95,2006,39,63.20533967051736
2006-02-24,2006-02-23,Prod. Sold Swine or Pork Market Formula,142367,62.99,204.54,62.99,29119746.18,1834252811.8782,28621351.2,1802572698.576,95,2006,39,62.98504315773362
2006-02-27,2006-02-24,Prod. Sold Swine or Pork Market Formula,155305,63.19,204.97,63.19,31832865.85,2011518793.0615,29119746.18,1834252811.8782,101,2006,40,63.09445119508359
2006-02-27,2006-02-24,Prod. Sold Negotiated,65703,63.52,200.7,63.52,13186592.1,837612330.192,7508460.3999999985,475811135.5479999,101,2006,40,63.46557785924921
2006-02-28,2006-02-27,Prod. Sold Negotiated,32421,62.0,198.6,62.0,6438810.6,399206257.2,13186592.1,837612330.192,102,2006,41,63.02130999798542
2006-02-28,2006-02-27,Prod. Sold Swine or Pork Market Formula,144493,62.73,204.74,62.73,29583496.82,1855772755.5186,31832865.85,2011518793.0615,102,2006,41,62.968423730328674
2006-03-01,2006-02-28,Prod. Sold Swine or Pork Market Formula,147873,62.49,204.16,62.49,30189751.68,1886557582.4832,29583496.82,1855772755.5186,103,2006,42,62.608782890590255
2006-03-01,2006-02-28,Prod. Sold Negotiated,34112,61.4,196.9,61.4,6716652.8,412402481.92,6438810.6,399206257.2,103,2006,42,61.69366402706879
2006-03-02,2006-03-01,Prod. Sold Swine or Pork Market Formula,146548,62.11,204.64,62.11,29989582.72,1862652982.7392,30189751.68,1886557582.4832,104,2006,43,62.30063197944576
2006-03-02,2006-03-01,Prod. Sold Negotiated,36781,60.66,198.48,60.66,7300292.88,442835766.1008,6716652.8,412402481.92,104,2006,43,61.01459387411994
2006-03-03,2006-03-02,Prod. Sold Swine or Pork Market Formula,148816,62.0,204.76,62.0,30471564.16,1889236977.92,29989582.72,1862652982.7392,105,2006,44,62.05456155348405
2006-03-03,2006-03-02,Prod. Sold Negotiated,38646,60.19,200.31,60.19,7741180.26,465941639.8494,7300292.88,442835766.1008,105,2006,44,60.41811180937295
2006-03-06,2006-03-03,Prod. Sold Negotiated,41190,60.47,200.76,60.47,8269304.3999999985,500044837.068,7741180.26,465941639.8494,111,2006,45,60.33461806005065
2006-03-06,2006-03-03,Prod. Sold Swine or Pork Market Formula,149221,61.98,204.5,61.98,30515694.5,1891362745.11,30471564.16,1889236977.92,111,2006,45,61.989992764006615
2006-03-07,2006-03-06,Prod. Sold Negotiated,40709,61.81,200.93,61.81,8179659.37,505584745.6597,8269304.3999999985,500044837.068,112,2006,46,61.136348574236045
2006-03-07,2006-03-06,Prod. Sold Swine or Pork Market Formula,152277,62.28,204.39,62.28,31123896.03,1938396244.7484,30515694.5,1891362745.11,112,2006,46,62.1314800589802
2006-03-08,2006-03-07,Prod. Sold Swine or Pork Market Formula,152200,62.28,204.62,62.28,31143164.0,1939596253.92,31123896.03,1938396244.7484,113,2006,47,62.28
2006-03-08,2006-03-07,Prod. Sold Negotiated,42404,62.12,198.55,62.12,8419314.200000001,523007798.104,8179659.37,505584745.6597,113,2006,47,61.96723787925762
2006-03-09,2006-03-08,Prod. Sold Negotiated,39600,61.97,199.12,61.97,7885152.0,488642869.44,8419314.200000001,523007798.104,114,2006,48,62.04745712828059
2006-03-09,2006-03-08,Prod. Sold Swine or Pork Market Formula,157268,62.22,204.87,62.22,32219495.16,2004696988.8552,31143164.0,1939596253.92,114,2006,48,62.24949039489144
2006-03-10,2006-03-09,Prod. Sold Swine or Pork Market Formula,157953,61.87,205.16,61.87,32405637.48,2004936790.8876,32219495.16,2004696988.8552,115,2006,49,62.04449594059354
2006-03-10,2006-03-09,Prod. Sold Negotiated,37038,61.63,198.19,61.63,7340561.22,452398787.9886,7885152.0,488642869.44,115,2006,49,61.80608053174669
2006-03-13,2006-03-10,Prod. Sold Swine or Pork Market Formula,158209,61.39,204.68,61.39,32382218.12,1987944370.3868,32405637.48,2004936790.8876,121,2006,50,61.63008675462936
2006-03-13,2006-03-10,Prod. Sold Negotiated,46070,60.88,200.21,60.88,9223674.7,561537315.7360001,7340561.22,452398787.9886,121,2006,50,61.21236793665518
2006-03-14,2006-03-13,Prod. Sold Swine or Pork Market Formula,160764,60.84,204.11,60.84,32813540.040000003,1996375776.0336003,32382218.12,1987944370.3868,122,2006,51,61.113180655745914
2006-03-14,2006-03-13,Prod. Sold Negotiated,34465,59.7,199.58,59.7,6878524.7,410647924.59,9223674.7,561537315.7360001,122,2006,51,60.37592854091721
2006-03-15,2006-03-14,Prod. Sold Negotiated,42138,59.44,200.0,59.44,8427600.0,500936544.0,6878524.7,410647924.59,123,2006,52,59.5568431890536
2006-03-15,2006-03-14,Prod. Sold Swine or Pork Market Formula,153635,60.02,205.45,60.02,31564310.75,1894489931.215,32813540.040000003,1996375776.0336003,123,2006,52,60.43795590412874
2006-03-16,2006-03-15,Prod. Sold Swine or Pork Market Formula,159837,59.63,203.77,59.63,32569985.49,1942148234.7687,31564310.75,1894489931.215,124,2006,53,59.8219422510919
2006-03-16,2006-03-15,Prod. Sold Negotiated,38290,58.77,200.23,58.77,7666806.699999998,450578229.759,8427600.0,500936544.0,124,2006,53,59.12083567261912
2006-03-17,2006-03-16,Prod. Sold Swine or Pork Market Formula,149929,59.37,203.79,59.37,30554030.91,1813992815.1267,32569985.49,1942148234.7687,125,2006,54,59.50415173352943
2006-03-17,2006-03-16,Prod. Sold Negotiated,38274,58.26,200.61,58.26,7678147.14,447328852.3764,7666806.699999998,450578229.759,125,2006,54,58.51481154637348
2006-03-20,2006-03-17,Prod. Sold Swine or Pork Market Formula,146262,58.87,204.39,58.87,29894490.18,1759888636.8966,30554030.91,1813992815.1267,131,2006,55,59.12272769588944
2006-03-20,2006-03-17,Prod. Sold Negotiated,39473,57.77,200.63,57.77,7919467.99,457507665.78230006,7678147.14,447328852.3764,131,2006,55,58.01120944562632
2006-03-21,2006-03-20,Prod. Sold Negotiated,39870,57.7,201.23,57.7,8023040.1,462929413.77,7919467.99,457507665.78230006,132,2006,56,57.73477261897378
2006-03-21,2006-03-20,Prod. Sold Swine or Pork Market Formula,135314,58.77,203.81,58.77,27578346.34,1620779414.4018002,29894490.18,1759888636.8966,132,2006,56,58.822014990019845
2006-03-22,2006-03-21,Prod. Sold Swine or Pork Market Formula,135438,57.86,203.35,57.85999999999999,27541317.3,1593540618.978,27578346.34,1620779414.4018002,133,2006,57,58.31530566611056
2006-03-22,2006-03-21,Prod. Sold Negotiated,40084,57.68,199.41,57.68,7993150.439999999,461044917.3792,8023040.1,462929413.77,133,2006,57,57.690018662153115
2006-03-23,2006-03-22,Prod. Sold Negotiated,37590,57.46,200.29,57.46,7528901.1,432610657.206,7993150.439999999,461044917.3792,134,2006,58,57.57328999212948
2006-03-23,2006-03-22,Prod. Sold Swine or Pork Market Formula,147853,57.62,204.0,57.62,30162012.0,1737935131.4399998,27541317.3,1593540618.978,134,2006,58,57.73454999619926
2006-03-24,2006-03-23,Prod. Sold Swine or Pork Market Formula,148784,57.39,203.79,57.39,30320691.36,1740104477.1504,30162012.0,1737935131.4399998,135,2006,59,57.5046982918192
2006-03-24,2006-03-23,Prod. Sold Negotiated,36750,56.91,199.81,56.91,7343017.5,417891125.925,7528901.1,432610657.206,135,2006,59,57.18843721555872
2006-03-27,2006-03-24,Prod. Sold Negotiated,38980,56.42,199.22,56.42,7765595.6,438134903.752,7343017.5,417891125.925,141,2006,60,56.6581475090523
2006-03-27,2006-03-24,Prod. Sold Swine or Pork Market Formula,150159,57.09,204.24,57.09,30668474.16,1750863189.7944002,30320691.36,1740104477.1504,141,2006,60,57.23914464446997
2006-03-28,2006-03-27,Prod. Sold Negotiated,31190,55.73,197.4,55.73,6156906.0,343124371.38,7765595.6,438134903.752,142,2006,61,56.11486337570254
2006-03-28,2006-03-27,Prod. Sold Swine or Pork Market Formula,134542,56.6,203.77,56.60000000000001,27415623.34,1551724281.044,30668474.16,1750863189.7944002,142,2006,61,56.8587205962596
2006-03-29,2006-03-28,Prod. Sold Negotiated,36757,55.26,198.82,55.26,7308026.739999998,403841557.6524,6156906.0,343124371.38,143,2006,62,55.47490978647102
2006-03-29,2006-03-28,Prod. Sold Swine or Pork Market Formula,144036,56.03,204.22,56.03,29415031.92,1648124238.4776,27415623.34,1551724281.044,143,2006,62,56.30497316777903
2006-03-30,2006-03-29,Prod. Sold Negotiated,36007,54.58,198.82,54.58,7158911.739999999,390733402.7692,7308026.739999998,403841557.6524,144,2006,63,54.92350448023748
2006-03-30,2006-03-29,Prod. Sold Swine or Pork Market Formula,144846,55.68,204.74,55.68,29655770.040000003,1651233275.8272002,29415031.92,1648124238.4776,144,2006,63,55.85428680211538
2006-03-31,2006-03-30,Prod. Sold Negotiated,36730,54.51,198.79,54.51,7301556.699999998,398007855.717,7158911.739999999,390733402.7692,145,2006,64,54.544654743300974
2006-03-31,2006-03-30,Prod. Sold Swine or Pork Market Formula,143325,55.51,204.44,55.51,29301363.0,1626518660.13,29655770.040000003,1651233275.8272002,145,2006,64,55.595510957654255
2006-04-03,2006-03-31,Prod. Sold Negotiated,42787,54.33,200.49,54.33,8578365.63,466062604.6779,7301556.699999998,398007855.717,151,2006,65,54.412763641955415
2006-04-03,2006-03-31,Prod. Sold Swine or Pork Market Formula,150643,55.62,205.01,55.62,30883321.43,1717730337.9366,29301363.0,1626518660.13,151,2006,65,55.56644567865519
2006-04-04,2006-04-03,Prod. Sold Negotiated,42419,54.42,201.24,54.42,8536399.56,464550864.0552,8578365.63,466062604.6779,152,2006,66,54.37488965824953
2006-04-04,2006-04-03,Prod. Sold Swine or Pork Market Formula,141507,55.74,204.51,55.74,28939596.57,1613093112.8118,30883321.43,1717730337.9366,152,2006,66,55.678050521514166
2006-04-05,2006-04-04,Prod. Sold Negotiated,36187,54.33,200.83,54.33,7267435.210000002,394839754.9593,8536399.56,464550864.0552,153,2006,67,54.37861326200768
2006-04-05,2006-04-04,Prod. Sold Swine or Pork Market Formula,145187,55.88,204.47,55.88,29686385.89,1658875243.5332,28939596.57,1613093112.8118,153,2006,67,55.810891673797286
2006-04-06,2006-04-05,Prod. Sold Swine or Pork Market Formula,146098,55.63,204.46,55.63,29871197.08,1661734693.5604002,29686385.89,1658875243.5332,154,2006,68,55.75461211658369
2006-04-06,2006-04-05,Prod. Sold Negotiated,36710,54.89,198.38,54.89,7282529.8,399738060.722,7267435.210000002,394839754.9593,154,2006,68,54.61029048078103
2006-04-07,2006-04-06,Prod. Sold Swine or Pork Market Formula,142883,55.28,204.42,55.28,29208142.86,1614626137.3008,29871197.08,1661734693.5604002,155,2006,69,55.45696404510643
2006-04-07,2006-04-06,Prod. Sold Negotiated,34510,54.65,199.14,54.64999999999999,6872321.4,375572364.50999993,7282529.8,399738060.722,155,2006,69,54.77347760688575
2006-04-10,2006-04-07,Prod. Sold Swine or Pork Market Formula,156197,54.85,204.0,54.85,31864188.0,1747750711.8,29208142.86,1614626137.3008,161,2006,70,55.0556496166585
2006-04-10,2006-04-07,Prod. Sold Negotiated,34618,54.53,199.95,54.53,6921869.1,377449522.023,6872321.4,375572364.50999993,161,2006,70,54.589784484490046
2006-04-11,2006-04-10,Prod. Sold Swine or Pork Market Formula,120859,54.56,203.1,54.56,24546462.9,1339255015.824,31864188.0,1747750711.8,162,2006,71,54.72380974820482
2006-04-11,2006-04-10,Prod. Sold Negotiated,31915,53.35,198.97,53.35,6350127.55,338779304.7925,6921869.1,377449522.023,162,2006,71,53.96541648580812
2006-04-12,2006-04-11,Prod. Sold Swine or Pork Market Formula,143556,53.9,203.83,53.9,29261019.48,1577168949.972,24546462.9,1339255015.824,163,2006,72,54.20108573747397
2006-04-12,2006-04-11,Prod. Sold Negotiated,35593,52.88,198.75,52.88000000000001,7074108.75,374078870.7000001,6350127.55,338779304.7925,163,2006,72,53.10232623754545
2006-04-13,2006-04-12,Prod. Sold Swine or Pork Market Formula,154217,53.67,203.38,53.67,31364653.46,1683340951.1982,29261019.48,1577168949.972,164,2006,73,53.781009645815566
2006-04-13,2006-04-12,Prod. Sold Negotiated,32094,52.6,196.91,52.6,6319629.54,332412513.804,7074108.75,374078870.7000001,164,2006,73,52.747886303816976
2006-04-14,2006-04-13,Prod. Sold Negotiated,29767,52.5,200.51,52.5,5968581.17,313350511.425,6319629.54,332412513.804,165,2006,74,52.55142839498071
2006-04-14,2006-04-13,Prod. Sold Swine or Pork Market Formula,147175,53.35,203.49,53.35,29948640.75,1597759984.0125,31364653.46,1683340951.1982,165,2006,74,53.513695153498425
2006-04-17,2006-04-14,Prod. Sold Negotiated,27390,53.34,198.89,53.34,5447597.1,290574829.314,5968581.17,313350511.425,171,2006,75,52.9008330507614
2006-04-17,2006-04-14,Prod. Sold Swine or Pork Market Formula,118757,53.54,205.62,53.53999999999999,24418814.34,1307383319.7636,29948640.75,1597759984.0125,171,2006,75,53.435337353328734
2006-04-18,2006-04-17,Prod. Sold Negotiated,32443,53.66,201.08,53.66,6523638.44,350058438.6904,5447597.1,290574829.314,172,2006,76,53.51438169133209
2006-04-18,2006-04-17,Prod. Sold Swine or Pork Market Formula,121064,54.08,204.0,54.08,24697056.0,1335616788.48,24418814.34,1307383319.7636,172,2006,76,53.81152955139916
2006-04-19,2006-04-18,Prod. Sold Negotiated,39026,55.26,198.6,55.26,7750563.6,428296144.536,6523638.44,350058438.6904,173,2006,77,54.528763222297776
2006-04-19,2006-04-18,Prod. Sold Swine or Pork Market Formula,127221,54.88,204.01,54.88,25954356.21,1424375068.8047998,24697056.0,1335616788.48,173,2006,77,54.48992904367434
2006-04-20,2006-04-19,Prod. Sold Negotiated,37127,55.75,199.9,55.75,7421687.3,413759066.975,7750563.6,428296144.536,174,2006,78,55.49968933818514
2006-04-20,2006-04-19,Prod. Sold Swine or Pork Market Formula,133144,55.94,202.81,55.94,27002934.64,1510544163.7616,25954356.21,1424375068.8047998,174,2006,78,55.42049424090583
2006-04-21,2006-04-20,Prod. Sold Swine or Pork Market Formula,138027,57.05,203.58,57.05,28099536.66,1603078566.4529998,27002934.64,1510544163.7616,175,2006,79,56.50604513294488
2006-04-21,2006-04-20,Prod. Sold Negotiated,38712,57.68,201.42,57.68,7797371.039999998,449752361.5871999,7421687.3,413759066.975,175,2006,79,56.73882110647063
2006-04-24,2006-04-21,Prod. Sold Negotiated,59957,59.27,201.52,59.27000000000001,12082534.64,716131828.1128001,7797371.039999998,449752361.5871999,181,2006,80,58.646364246734194
2006-04-24,2006-04-21,Prod. Sold Swine or Pork Market Formula,156015,58.51,204.58,58.51,31917548.700000003,1867495774.437,28099536.66,1603078566.4529998,181,2006,80,57.82643925596323
2006-04-25,2006-04-24,Prod. Sold Swine or Pork Market Formula,111683,60.23,204.07,60.23,22791149.81,1372710953.0563,31917548.700000003,1867495774.437,182,2006,81,59.22653646935202
2006-04-25,2006-04-24,Prod. Sold Negotiated,35105,60.9,200.49,60.9,7038201.45,428626468.305,12082534.64,716131828.1128001,182,2006,81,59.869990937038246
2006-04-26,2006-04-25,Prod. Sold Negotiated,36474,61.61,198.67,61.61,7246289.579999998,446443901.0238,7038201.45,428626468.305,183,2006,82,61.26017143284943
2006-04-26,2006-04-25,Prod. Sold Swine or Pork Market Formula,131195,61.39,203.25,61.38999999999999,26665383.75,1636987908.4125,22791149.81,1372710953.0563,183,2006,82,60.85543496123669
2006-04-27,2006-04-26,Prod. Sold Swine or Pork Market Formula,137529,62.16,203.54,62.16,27992652.66,1740023289.3456,26665383.75,1636987908.4125,184,2006,83,61.78434901002511
2006-04-27,2006-04-26,Prod. Sold Negotiated,37760,62.63,200.24,62.63,7561062.4,473549338.1120001,7246289.579999998,446443901.0238,184,2006,83,62.130841515648235
2006-04-28,2006-04-27,Prod. Sold Negotiated,50947,62.99,200.71,62.99000000000001,10225572.37,644108803.5863001,7561062.4,473549338.1120001,185,2006,84,62.836964729461286
2006-04-28,2006-04-27,Prod. Sold Swine or Pork Market Formula,126899,63.08,204.12,63.08,25902623.88,1633937514.3504,27992652.66,1740023289.3456,185,2006,84,62.60216145642956
2006-05-01,2006-04-28,Prod. Sold Negotiated,43405,63.71,199.95,63.71000000000001,8678829.75,552928243.3725001,10225572.37,644108803.5863001,191,2006,85,63.32054509633972
2006-05-01,2006-04-28,Prod. Sold Swine or Pork Market Formula,137433,64.55,205.17,64.55,28197128.61,1820124651.7755,25902623.88,1633937514.3504,191,2006,85,63.846173173608555
2006-05-02,2006-05-01,Prod. Sold Negotiated,31506,65.71,197.7,65.71,6228736.199999999,409290255.7019999,8678829.75,552928243.3725001,192,2006,86,64.54564764642213
2006-05-02,2006-05-01,Prod. Sold Swine or Pork Market Formula,68237,65.87,198.95,65.87,13575751.15,894234728.2505,28197128.61,1820124651.7755,192,2006,86,64.97898626144419
2006-05-03,2006-05-02,Prod. Sold Negotiated,31966,65.93,197.21,65.93,6304014.86,415623699.71980006,6228736.199999999,409290255.7019999,193,2006,87,65.82066072106278
2006-05-03,2006-05-02,Prod. Sold Swine or Pork Market Formula,119651,66.32,203.32,66.32,24327441.32,1613395908.3423998,13575751.15,894234728.2505,193,2006,87,66.15882391905812
2006-05-04,2006-05-03,Prod. Sold Negotiated,34305,65.48,197.7,65.48,6782098.5,444091809.78,6304014.86,415623699.71980006,194,2006,88,65.69677992609107
2006-05-04,2006-05-03,Prod. Sold Swine or Pork Market Formula,136097,65.91,203.58,65.91,27706627.26,1826143802.7066,24327441.32,1613395908.3423998,194,2006,88,66.1016869315315
2006-05-05,2006-05-04,Prod. Sold Swine or Pork Market Formula,133876,65.96,203.98,65.96,27308026.48,1801237426.6207998,27706627.26,1826143802.7066,195,2006,89,65.93481886608707
2006-05-05,2006-05-04,Prod. Sold Negotiated,32786,65.18,199.11,65.18,6528020.460000001,425496373.5828001,6782098.5,444091809.78,195,2006,89,65.33286336328884
2006-05-08,2006-05-05,Prod. Sold Negotiated,38811,65.0,199.74,65.0,7752109.14,503887094.1,6528020.460000001,425496373.5828001,201,2006,90,65.08228522539459
2006-05-08,2006-05-05,Prod. Sold Swine or Pork Market Formula,152323,65.5,204.73,65.5,31185087.79,2042623250.245,27308026.48,1801237426.6207998,201,2006,90,65.71475505856667
2006-05-09,2006-05-08,Prod. Sold Swine or Pork Market Formula,125687,65.84,202.11,65.84,25402599.57,1672507155.6888,31185087.79,2042623250.245,202,2006,91,65.65262832352299
2006-05-09,2006-05-08,Prod. Sold Negotiated,35384,64.51,200.7,64.51,7101568.8,458122203.2880001,7752109.14,503887094.1,202,2006,91,64.76573016285553
2006-05-10,2006-05-09,Prod. Sold Negotiated,34513,65.15,199.54,65.15,6886724.02,448670069.903,7101568.8,458122203.2880001,203,2006,92,64.82508515224232
2006-05-10,2006-05-09,Prod. Sold Swine or Pork Market Formula,136382,66.0,203.88,66.0,27805562.16,1835167102.56,25402599.57,1672507155.6888,203,2006,92,65.92361292329879
2006-05-11,2006-05-10,Prod. Sold Swine or Pork Market Formula,137818,66.54,203.67,66.54,28069392.06,1867737347.6724,27805562.16,1835167102.56,204,2006,93,66.27127488378281
2006-05-11,2006-05-10,Prod. Sold Negotiated,35058,66.24,198.76,66.24,6968128.08,461568804.0192,6886724.02,448670069.903,204,2006,93,65.69820214264142
2006-05-12,2006-05-11,Prod. Sold Negotiated,37553,66.78,198.86,66.78,7467789.58,498698988.1524,6968128.08,461568804.0192,205,2006,94,66.51934534320418
2006-05-12,2006-05-11,Prod. Sold Swine or Pork Market Formula,133699,66.81,204.83,66.81,27385566.17,1829629675.8177,28069392.06,1867737347.6724,205,2006,94,66.67333528870823
2006-05-15,2006-05-12,Prod. Sold Swine or Pork Market Formula,131231,67.15,204.9,67.15,26889231.9,1805611922.0850005,27385566.17,1829629675.8177,211,2006,95,66.97844537743298
2006-05-15,2006-05-12,Prod. Sold Negotiated,32747,67.03,198.06,67.03,6485870.82,434747921.06460005,7467789.58,498698988.1524,211,2006,95,66.89620375288766
2006-05-16,2006-05-15,Prod. Sold Negotiated,30431,67.42,198.73,67.42,6047552.63,407725998.3146,6485870.82,434747921.06460005,212,2006,96,67.21818047081143
2006-05-16,2006-05-15,Prod. Sold Swine or Pork Market Formula,121667,67.35,203.21,67.35,24723951.07,1665158104.5645,26889231.9,1805611922.0850005,212,2006,96,67.24580479113008
2006-05-17,2006-05-16,Prod. Sold Negotiated,34663,67.23,197.97,67.23,6862234.11,461347999.2153,6047552.63,407725998.3146,213,2006,97,67.31900495591766
2006-05-17,2006-05-16,Prod. Sold Swine or Pork Market Formula,119098,67.62,202.86,67.62,24160220.28,1633714095.3336003,24723951.07,1665158104.5645,213,2006,97,67.48344318407067
2006-05-18,2006-05-17,Prod. Sold Negotiated,30086,67.01,198.16,67.01,5961841.76,399503016.3376,6862234.11,461347999.2153,214,2006,98,67.12772321994224
2006-05-18,2006-05-17,Prod. Sold Swine or Pork Market Formula,126161,68.05,202.26,68.05,25517323.86,1736453888.673,24160220.28,1633714095.3336003,214,2006,98,67.8408734237924
2006-05-19,2006-05-18,Prod. Sold Swine or Pork Market Formula,122630,67.91,203.48,67.91,24952752.4,1694541415.4839995,25517323.86,1736453888.673,215,2006,99,67.98078303828979
2006-05-19,2006-05-18,Prod. Sold Negotiated,34727,67.14,198.48,67.14,6892614.96,462770168.4144,5961841.76,399503016.3376,215,2006,99,67.07970655892488
2006-05-22,2006-05-19,Prod. Sold Negotiated,38579,67.81,198.57,67.81,7660632.029999998,519467457.9543,6892614.96,462770168.4144,221,2006,100,67.49267892200461
2006-05-22,2006-05-19,Prod. Sold Swine or Pork Market Formula,142611,68.07,202.86,68.07,28930067.46,1969269692.0022,24952752.4,1694541415.4839995,221,2006,100,67.9959051327608
2006-05-23,2006-05-22,Prod. Sold Negotiated,33546,67.81,200.21,67.81,6716244.66,455428550.3946,7660632.029999998,519467457.9543,222,2006,101,67.81
2006-05-23,2006-05-22,Prod. Sold Swine or Pork Market Formula,122460,68.32,201.48,68.32,24673240.8,1685675811.4559996,28930067.46,1969269692.0022,222,2006,101,68.18507331170831
2006-05-24,2006-05-23,Prod. Sold Negotiated,35892,67.82,197.33,67.82,7082568.36,480339786.1752,6716244.66,455428550.3946,223,2006,102,67.81513273739542
2006-05-24,2006-05-23,Prod. Sold Swine or Pork Market Formula,113156,68.49,201.63,68.49,22815644.28,1562643476.7372,24673240.8,1685675811.4559996,223,2006,102,68.40167510189102
2006-05-25,2006-05-24,Prod. Sold Negotiated,32897,68.12,197.38,68.12,6493209.86,442317455.6632,7082568.36,480339786.1752,224,2006,103,67.96348812469036
2006-05-25,2006-05-24,Prod. Sold Swine or Pork Market Formula,126530,68.46,200.54,68.46,25374326.2,1737126371.6519997,22815644.28,1562643476.7372,224,2006,103,68.47420356396947
2006-05-26,2006-05-25,Prod. Sold Negotiated,35868,67.08,197.92,67.08,7098994.56,476200555.0848,6493209.86,442317455.6632,225,2006,104,67.57682435944412
2006-05-26,2006-05-25,Prod. Sold Swine or Pork Market Formula,117926,67.9,202.03,67.9,23824589.78,1617689646.0620005,25374326.2,1737126371.6519997,225,2006,104,68.18881983248932
2006-05-30,2006-05-26,Prod. Sold Negotiated,33173,67.21,197.36,67.21,6547023.28,440025434.6488,7098994.56,476200555.0848,232,2006,105,67.14237079830755
2006-05-30,2006-05-26,Prod. Sold Swine or Pork Market Formula,128135,67.61,201.69,67.61,25843548.15,1747282290.4215,23824589.78,1617689646.0620005,232,2006,105,67.74910590016356
2006-05-31,2006-05-30,Prod. Sold Negotiated,29744,66.11,197.0,66.11,5859568.0,387376040.48,6547023.28,440025434.6488,233,2006,106,66.69047576852228
2006-05-31,2006-05-30,Prod. Sold Swine or Pork Market Formula,128391,66.69,200.54,66.69,25747531.14,1717102851.7266,25843548.15,1747282290.4215,233,2006,106,67.15085611359963
2006-06-01,2006-05-31,Prod. Sold Negotiated,27720,65.86,197.19,65.86,5466106.8,359997793.848,5859568.0,387376040.48,234,2006,107,65.98934258009952
2006-06-01,2006-05-31,Prod. Sold Swine or Pork Market Formula,133546,66.63,201.42,66.63,26898835.32,1792269397.3715997,25747531.14,1717102851.7266,234,2006,107,66.65934394094556
2006-06-02,2006-06-01,Prod. Sold Negotiated,33395,65.93,197.08,65.93,6581486.600000001,433917411.5380001,5466106.8,359997793.848,235,2006,108,65.89824033951878
2006-06-02,2006-06-01,Prod. Sold Swine or Pork Market Formula,126783,66.85,201.84,66.85,25589880.72,1710683526.1319995,26898835.32,1792269397.3715997,235,2006,108,66.73725683886246
2006-06-05,2006-06-02,Prod. Sold Swine or Pork Market Formula,146808,67.3,201.5,67.3,29581812.0,1990855947.6,25589880.72,1710683526.1319995,241,2006,109,67.09127980751937
2006-06-05,2006-06-02,Prod. Sold Negotiated,41573,66.33,197.35,66.33,8204431.55,544199944.7114999,6581486.600000001,433917411.5380001,241,2006,109,66.15195257587031
2006-06-06,2006-06-05,Prod. Sold Swine or Pork Market Formula,115502,67.72,201.14,67.72,23232072.28,1573275934.8015995,29581812.0,1990855947.6,242,2006,110,67.48475199259856
2006-06-06,2006-06-05,Prod. Sold Negotiated,36472,67.6,197.51,67.6,7203584.72,486962327.072,8204431.55,544199944.7114999,242,2006,110,66.9237527864773
2006-06-07,2006-06-06,Prod. Sold Negotiated,41757,68.68,197.52,68.68,8247842.64,566461832.5152001,7203584.72,486962327.072,243,2006,111,68.17649496345302
2006-06-07,2006-06-06,Prod. Sold Swine or Pork Market Formula,125225,68.66,201.1,68.66,25182747.5,1729047443.35,23232072.28,1573275934.8015995,243,2006,111,68.20893670899873
2006-06-08,2006-06-07,Prod. Sold Negotiated,38038,69.94,195.38,69.94,7431864.439999999,519784598.9336,8247842.64,566461832.5152001,244,2006,112,69.27721454913812
2006-06-08,2006-06-07,Prod. Sold Swine or Pork Market Formula,125972,70.16,199.96,70.16,25189361.12,1767285576.1792,25182747.5,1729047443.35,244,2006,112,69.41009847145841
2006-06-09,2006-06-08,Prod. Sold Negotiated,36616,71.48,195.92,71.48,7173806.72,512783704.3456,7431864.439999999,519784598.9336,245,2006,113,70.6963953910626
2006-06-09,2006-06-08,Prod. Sold Swine or Pork Market Formula,117744,71.14,200.8,71.14,23642995.200000003,1681962678.528,25189361.12,1767285576.1792,245,2006,113,70.63448325336105
2006-06-12,2006-06-09,Prod. Sold Negotiated,41667,73.38,195.79,73.38,8157981.93,598632714.0234,7173806.72,512783704.3456,251,2006,114,72.4909822161552
2006-06-12,2006-06-09,Prod. Sold Swine or Pork Market Formula,119503,72.33,200.66,72.33,23979471.98,1734435208.3134,23642995.200000003,1681962678.528,251,2006,114,71.73920397547533
2006-06-13,2006-06-12,Prod. Sold Negotiated,34115,74.17,193.75,74.17,6609781.25,490247475.3125,8157981.93,598632714.0234,252,2006,115,73.73358958048377
2006-06-13,2006-06-12,Prod. Sold Swine or Pork Market Formula,97024,74.02,198.52,74.02,19261204.48,1425714355.6096,23979471.98,1734435208.3134,252,2006,115,73.08279663123014
2006-06-14,2006-06-13,Prod. Sold Negotiated,35452,74.39,195.57,74.39,6933347.64,515771730.9396,6609781.25,490247475.3125,253,2006,116,74.28262807089774
2006-06-14,2006-06-13,Prod. Sold Swine or Pork Market Formula,126173,74.15,199.75,74.15,25203056.75,1868806658.0125,19261204.48,1425714355.6096,253,2006,116,74.09368608601302
2006-06-15,2006-06-14,Prod. Sold Swine or Pork Market Formula,124075,75.16,200.09,75.16,24826166.75,1865934692.93,25203056.75,1868806658.0125,254,2006,117,74.65119563453747
2006-06-15,2006-06-14,Prod. Sold Negotiated,30628,75.15,195.58,75.15,5990224.24,450165351.636,6933347.64,515771730.9396,254,2006,117,74.74226874308994
2006-06-16,2006-06-15,Prod. Sold Swine or Pork Market Formula,122336,76.14,199.57,76.14,24414595.52,1858927302.8928,24826166.75,1865934692.93,255,2006,118,75.64590441143875
2006-06-16,2006-06-15,Prod. Sold Negotiated,30212,76.15,195.58,76.15,5908862.96,449959914.404,5990224.24,450165351.636,255,2006,118,75.64658119658121
2006-06-19,2006-06-16,Prod. Sold Negotiated,33066,77.2,195.68,77.2,6470354.88,499511396.736,5908862.96,449959914.404,261,2006,119,76.69881275310041
2006-06-19,2006-06-16,Prod. Sold Swine or Pork Market Formula,125649,77.28,199.58,77.28,25077027.42,1937952679.0176,24414595.52,1858927302.8928,261,2006,119,76.71762929482952
2006-06-20,2006-06-19,Prod. Sold Negotiated,32639,78.71,195.54,78.71,6382230.06,502345328.0226,6470354.88,499511396.736,262,2006,120,77.94982327956512
2006-06-20,2006-06-19,Prod. Sold Swine or Pork Market Formula,99383,79.14,197.54,79.14,19632117.82,1553685804.2748,25077027.42,1937952679.0176,262,2006,120,78.09673981797644
2006-06-21,2006-06-20,Prod. Sold Swine or Pork Market Formula,121704,79.89,199.55,79.89,24286033.200000003,1940211192.3480003,19632117.82,1553685804.2748,263,2006,121,79.55473797227268
2006-06-21,2006-06-20,Prod. Sold Negotiated,36492,80.32,194.45,80.32,7095869.4,569940230.208,6382230.06,502345328.0226,263,2006,121,79.55762319553325
2006-06-22,2006-06-21,Prod. Sold Swine or Pork Market Formula,121231,80.77,199.8,80.77,24221953.8,1956407208.426,24286033.200000003,1940211192.3480003,264,2006,122,80.32941875683277
2006-06-22,2006-06-21,Prod. Sold Negotiated,37145,81.24,195.17,81.24,7249589.6499999985,588956663.1659999,7095869.4,569940230.208,264,2006,122,80.78492917757134
2006-06-23,2006-06-22,Prod. Sold Swine or Pork Market Formula,122325,80.77,199.09,80.77,24353684.25,1967047076.8725,24221953.8,1956407208.426,265,2006,123,80.77000000000001
2006-06-23,2006-06-22,Prod. Sold Negotiated,33557,81.4,193.97,81.4,6509051.29,529836775.006,7249589.6499999985,588956663.1659999,265,2006,123,81.3156941191315
2006-06-26,2006-06-23,Prod. Sold Negotiated,31198,81.4,194.15,81.4,6057091.7,493047264.38000005,6509051.29,529836775.006,271,2006,124,81.4
2006-06-26,2006-06-23,Prod. Sold Swine or Pork Market Formula,114800,80.84,199.79,80.84,22935892.0,1854137509.28,24353684.25,1967047076.8725,271,2006,124,80.8039506624359
2006-06-27,2006-06-26,Prod. Sold Negotiated,29474,79.75,192.98,79.75,5687892.52,453609428.47,6057091.7,493047264.38000005,272,2006,125,80.60093356600527
2006-06-27,2006-06-26,Prod. Sold Swine or Pork Market Formula,104861,80.34,197.16,80.34,20674394.76,1660980875.0184,22935892.0,1854137509.28,272,2006,125,80.60296424197142
2006-06-28,2006-06-27,Prod. Sold Negotiated,30734,78.25,194.26,78.25,5970386.84,467182770.23,5687892.52,453609428.47,273,2006,126,78.98182658577157
2006-06-28,2006-06-27,Prod. Sold Swine or Pork Market Formula,125914,79.2,198.35,79.2,24975041.9,1978023318.48,20674394.76,1660980875.0184,273,2006,126,79.71630012878235
2006-06-29,2006-06-28,Prod. Sold Swine or Pork Market Formula,133488,78.04,199.21,78.04,26592144.48,2075250955.2192,24975041.9,1978023318.48,274,2006,127,78.60181169921725
2006-06-29,2006-06-28,Prod. Sold Negotiated,26329,77.13,193.79,77.13,5102296.91,393540160.6683,5970386.84,467182770.23,274,2006,127,77.73390357132703
2006-06-30,2006-06-29,Prod. Sold Negotiated,25756,76.56,192.92,76.56,4968847.52,380414966.1312,5102296.91,393540160.6683,275,2006,128,76.8487764403454
2006-06-30,2006-06-29,Prod. Sold Swine or Pork Market Formula,133598,76.53,199.16,76.53,26607377.68,2036262613.8504,26592144.48,2075250955.2192,275,2006,128,77.28478381260707
2006-07-03,2006-06-30,Prod. Sold Negotiated,28382,75.11,193.16,75.11,5482267.12,411773083.3832,4968847.52,380414966.1312,281,2006,129,75.799383778877
2006-07-03,2006-06-30,Prod. Sold Swine or Pork Market Formula,108313,75.71,198.8,75.71,21532624.4,1630234993.324,26607377.68,2036262613.8504,281,2006,129,76.16322078842752
2006-07-05,2006-07-03,Prod. Sold Negotiated,25474,72.63,193.85,72.63,4938134.9,358656737.78699994,5482267.12,411773083.3832,283,2006,130,73.93475028041192
2006-07-05,2006-07-03,Prod. Sold Swine or Pork Market Formula,120857,74.49,197.9,74.49,23917600.3,1781622046.347,21532624.4,1630234993.324,283,2006,130,75.06799058071542
2006-07-06,2006-07-05,Prod. Sold Negotiated,23407,71.75,193.68,71.75,4533467.76,325276311.78,4938134.9,358656737.78699994,284,2006,131,72.20879867093157
2006-07-06,2006-07-05,Prod. Sold Swine or Pork Market Formula,135678,73.1,198.32,73.1,26907660.96,1966950016.176,23917600.3,1781622046.347,284,2006,131,73.75411300587183
2006-07-07,2006-07-06,Prod. Sold Negotiated,26605,70.92,194.52,70.92,5175204.600000001,367025510.23200005,4533467.76,325276311.78,285,2006,132,71.30756877369792
2006-07-07,2006-07-06,Prod. Sold Swine or Pork Market Formula,127001,73.04,198.84,73.04,25252878.84,1844470270.4736,26907660.96,1966950016.176,285,2006,132,73.07095174367042
2006-07-10,2006-07-07,Prod. Sold Negotiated,27967,70.64,194.04,70.64,5426716.68,383343266.2752,5175204.600000001,367025510.23200005,291,2006,133,70.7766787443266
2006-07-10,2006-07-07,Prod. Sold Swine or Pork Market Formula,141370,72.7,199.34,72.7,28180695.8,2048736584.66,25252878.84,1844470270.4736,291,2006,133,72.86068509103961
2006-07-11,2006-07-10,Prod. Sold Negotiated,28943,71.07,193.44,71.07,5598733.92,397902019.6944,5426716.68,383343266.2752,292,2006,134,70.85835439411429
2006-07-11,2006-07-10,Prod. Sold Swine or Pork Market Formula,114020,72.25,198.17,72.25,22595343.4,1632513560.65,28180695.8,2048736584.66,292,2006,134,72.49974994721525
2006-07-12,2006-07-11,Prod. Sold Negotiated,34097,70.52,195.1,70.52,6652324.7,469121937.844,5598733.92,397902019.6944,293,2006,135,70.77135000586586
2006-07-12,2006-07-11,Prod. Sold Swine or Pork Market Formula,129746,71.75,197.67,71.75,25646891.82,1840164488.085,22595343.4,1632513560.65,293,2006,135,71.98418632342549
2006-07-13,2006-07-12,Prod. Sold Negotiated,29036,70.51,193.29,70.51,5612368.44,395728098.7044,6652324.7,469121937.844,294,2006,136,70.51542396342415
2006-07-13,2006-07-12,Prod. Sold Swine or Pork Market Formula,121793,71.16,197.73,71.16,24082129.89,1713684362.9724,25646891.82,1840164488.085,294,2006,136,71.4642824019753
2006-07-14,2006-07-13,Prod. Sold Swine or Pork Market Formula,118394,70.63,198.33,70.63,23481082.020000003,1658468823.0726,24082129.89,1713684362.9724,295,2006,137,70.89834875798235
2006-07-14,2006-07-13,Prod. Sold Negotiated,30632,70.11,193.52,70.11,5927904.640000001,415605394.3104,5612368.44,395728098.7044,295,2006,137,70.30453156441251
2006-07-17,2006-07-14,Prod. Sold Swine or Pork Market Formula,120927,70.67,198.6,70.67,24016102.2,1697217942.474,23481082.020000003,1658468823.0726,301,2006,138,70.65022528500954
2006-07-17,2006-07-14,Prod. Sold Negotiated,31412,69.33,194.14,69.33,6098325.68,422796919.3944,5927904.640000001,415605394.3104,301,2006,138,69.71447339658134
2006-07-18,2006-07-17,Prod. Sold Swine or Pork Market Formula,128325,70.45,196.91,70.45,25268475.75,1780164116.5875,24016102.2,1697217942.474,302,2006,139,70.55720478299236
2006-07-18,2006-07-17,Prod. Sold Negotiated,30609,69.2,193.26,69.2,5915495.34,409352277.528,6098325.68,422796919.3944,302,2006,139,69.26598919170515
2006-07-19,2006-07-18,Prod. Sold Swine or Pork Market Formula,131209,70.8,197.43,70.8,25904592.87,1834045175.196,25268475.75,1780164116.5875,303,2006,140,70.62717537269118
2006-07-19,2006-07-18,Prod. Sold Negotiated,29981,69.78,193.47,69.78,5800424.07,404753591.6046,5915495.34,409352277.528,303,2006,140,69.4871516816451
2006-07-20,2006-07-19,Prod. Sold Swine or Pork Market Formula,128175,70.66,197.28,70.66,25286364.0,1786734480.24,25904592.87,1834045175.196,304,2006,141,70.730845384098
2006-07-20,2006-07-19,Prod. Sold Negotiated,30636,70.17,193.23,70.17,5919794.279999999,415391964.6276,5800424.07,404753591.6046,304,2006,141,69.97698607144123
2006-07-21,2006-07-20,Prod. Sold Swine or Pork Market Formula,125680,71.02,196.99,71.02,24757703.200000003,1758292081.2640002,25286364.0,1786734480.24,305,2006,142,70.83809849699826
2006-07-21,2006-07-20,Prod. Sold Negotiated,34663,70.2,191.71,70.2,6645243.73,466496109.8460001,5919794.279999999,415391964.6276,305,2006,142,70.18586603333324
2006-07-24,2006-07-21,Prod. Sold Swine or Pork Market Formula,123835,71.01,196.88,71.01,24380634.8,1731268877.1480002,24757703.200000003,1758292081.2640002,311,2006,143,71.01503836804575
2006-07-24,2006-07-21,Prod. Sold Negotiated,32682,70.67,193.33,70.67,6318411.0600000005,446522109.6102001,6645243.73,466496109.8460001,311,2006,143,70.42907530679472
2006-07-25,2006-07-24,Prod. Sold Swine or Pork Market Formula,119632,70.89,195.73,70.89,23415571.36,1659929853.7104,24380634.8,1731268877.1480002,312,2006,144,70.95121147285637
2006-07-25,2006-07-24,Prod. Sold Negotiated,30481,69.96,192.55,69.96,5869116.550000001,410603393.838,6318411.0600000005,446522109.6102001,312,2006,144,70.32808711300223
2006-07-26,2006-07-25,Prod. Sold Negotiated,31962,68.78,192.1,68.78,6139900.2,422302335.756,5869116.550000001,410603393.838,313,2006,145,69.35669646676112
2006-07-26,2006-07-25,Prod. Sold Swine or Pork Market Formula,118318,70.13,195.73,70.13,23158382.14,1624097339.4782,23415571.36,1659929853.7104,313,2006,145,70.51209842403865
2006-07-27,2006-07-26,Prod. Sold Swine or Pork Market Formula,121272,69.35,195.94,69.35,23762035.68,1647897174.4079998,23158382.14,1624097339.4782,314,2006,146,69.73498246410543
2006-07-27,2006-07-26,Prod. Sold Negotiated,26906,67.81,190.18,67.81,5116983.08,346982622.6548,6139900.2,422302335.756,314,2006,146,68.33907212821345
2006-07-28,2006-07-27,Prod. Sold Swine or Pork Market Formula,119279,68.25,196.62,68.25,23452636.98,1600642473.885,23762035.68,1647897174.4079998,315,2006,147,68.80360416106716
2006-07-28,2006-07-27,Prod. Sold Negotiated,25826,66.36,191.24,66.36,4938964.24,327749666.9664,5116983.08,346982622.6548,315,2006,147,67.0978345599766
2006-07-31,2006-07-28,Prod. Sold Swine or Pork Market Formula,119266,67.82,196.39,67.82,23422649.74,1588524105.3667998,23452636.98,1600642473.885,321,2006,148,68.03513754063283
2006-07-31,2006-07-28,Prod. Sold Negotiated,29523,65.96,192.86,65.96,5693805.78,375563429.2488,4938964.24,327749666.9664,321,2006,148,66.14580160130276
2006-08-01,2006-07-31,Prod. Sold Swine or Pork Market Formula,111512,68.03,196.0,68.03,21856352.0,1486887626.56,23422649.74,1588524105.3667998,322,2006,149,67.9213678248994
2006-08-01,2006-07-31,Prod. Sold Negotiated,28434,66.53,191.76,66.53,5452503.84,362755080.4752,5693805.78,375563429.2488,322,2006,149,66.23883015049424
2006-08-02,2006-08-01,Prod. Sold Swine or Pork Market Formula,111381,68.39,194.62,68.39,21676970.22,1482487993.3458,21856352.0,1486887626.56,323,2006,150,68.2092582987295
2006-08-02,2006-08-01,Prod. Sold Negotiated,32629,67.39,192.65,67.39,6285976.850000001,423611979.9215,5452503.84,362755080.4752,323,2006,150,66.99053149753914
2006-08-03,2006-08-02,Prod. Sold Swine or Pork Market Formula,117773,69.11,195.62,69.11,23038754.26,1592208306.9086,21676970.22,1482487993.3458,324,2006,151,68.76096353151159
2006-08-03,2006-08-02,Prod. Sold Negotiated,29649,68.67,191.71,68.67,5684009.79,390320952.2793,6285976.850000001,423611979.9215,324,2006,151,67.9978145907772
2006-08-04,2006-08-03,Prod. Sold Swine or Pork Market Formula,120053,69.95,195.49,69.95,23469160.970000003,1641667809.8515005,23038754.26,1592208306.9086,325,2006,152,69.53388688285222
2006-08-04,2006-08-03,Prod. Sold Negotiated,31516,69.73,191.95,69.73,6049496.199999999,421831370.026,5684009.79,390320952.2793,325,2006,152,69.21650894433984
2006-08-07,2006-08-04,Prod. Sold Negotiated,32537,70.34,192.63,70.34,6267602.31,440863146.4854,6049496.199999999,421831370.026,331,2006,153,70.04040081444474
2006-08-07,2006-08-04,Prod. Sold Swine or Pork Market Formula,117892,70.41,195.51,70.41,23049064.92,1622884661.0171998,23469160.970000003,1641667809.8515005,331,2006,153,70.17792291968037
2006-08-08,2006-08-07,Prod. Sold Negotiated,30458,70.94,191.88,70.94,5844281.04,414593296.9776,6267602.31,440863146.4854,332,2006,154,70.62951472885511
2006-08-08,2006-08-07,Prod. Sold Swine or Pork Market Formula,91357,71.1,194.87,71.1,17802738.59,1265774713.7489998,23049064.92,1622884661.0171998,332,2006,154,70.7106939369052
2006-08-09,2006-08-08,Prod. Sold Negotiated,29873,70.5,192.26,70.5,5743382.98,404908500.09,5844281.04,414593296.9776,333,2006,155,70.72191562105716
2006-08-09,2006-08-08,Prod. Sold Swine or Pork Market Formula,117552,71.26,196.11,71.26,23053122.720000003,1642765525.0272002,17802738.59,1265774713.7489998,333,2006,155,71.19028079489533
2006-08-10,2006-08-09,Prod. Sold Negotiated,30723,70.81,191.37,70.81,5879460.51,416324598.7131,5743382.98,404908500.09,334,2006,156,70.65681470370554
2006-08-10,2006-08-09,Prod. Sold Swine or Pork Market Formula,120272,71.79,195.25,71.79,23483108.0,1685852323.3200002,23053122.720000003,1642765525.0272002,334,2006,156,71.52744854594877
2006-08-11,2006-08-10,Prod. Sold Swine or Pork Market Formula,116099,71.63,195.72,71.63,22722896.28,1627641060.5364,23483108.0,1685852323.3200002,335,2006,157,71.71131621287208
2006-08-11,2006-08-10,Prod. Sold Negotiated,32170,71.37,191.34,71.37,6155407.8,439311454.686,5879460.51,416324598.7131,335,2006,157,71.09642011521937
2006-08-14,2006-08-11,Prod. Sold Swine or Pork Market Formula,125592,72.01,196.85,72.01,24722785.2,1780287762.252,22722896.28,1627641060.5364,341,2006,158,71.82800871402722
2006-08-14,2006-08-11,Prod. Sold Negotiated,31999,71.23,192.63,71.23,6163967.37,439059395.76510006,6155407.8,439311454.686,341,2006,158,71.29995136361288
2006-08-15,2006-08-14,Prod. Sold Swine or Pork Market Formula,104516,72.26,195.95,72.26,20479910.2,1479878311.052,24722785.2,1780287762.252,342,2006,159,72.12326708517473
2006-08-15,2006-08-14,Prod. Sold Negotiated,29226,71.35,193.45,71.35,5653769.699999999,403396468.0949999,6163967.37,439059395.76510006,342,2006,159,71.28740966819463
2006-08-16,2006-08-15,Prod. Sold Negotiated,26254,71.39,191.82,71.39,5036042.28,359523058.36920005,5653769.699999999,403396468.0949999,343,2006,160,71.3688442688774
2006-08-16,2006-08-15,Prod. Sold Swine or Pork Market Formula,116699,72.45,197.32,72.45,23027046.68,1668309531.966,20479910.2,1479878311.052,343,2006,160,72.36056182236022
2006-08-17,2006-08-16,Prod. Sold Swine or Pork Market Formula,132717,72.62,195.48,72.62,25943519.16,1884018361.3992,23027046.68,1668309531.966,344,2006,161,72.54006222782088
2006-08-17,2006-08-16,Prod. Sold Negotiated,31863,71.67,193.37,71.67,6161348.3100000005,441583833.3777,5036042.28,359523058.36920005,344,2006,161,71.5440696033539
2006-08-18,2006-08-17,Prod. Sold Negotiated,35010,71.47,192.75,71.47,6748177.5,482292245.925,6161348.3100000005,441583833.3777,345,2006,162,71.56545429322009
2006-08-18,2006-08-17,Prod. Sold Swine or Pork Market Formula,131547,72.8,197.19,72.8,25939752.93,1888414013.304,25943519.16,1884018361.3992,345,2006,162,72.70999346685961
2006-08-21,2006-08-18,Prod. Sold Negotiated,37363,72.14,190.84,72.14,7130354.92,514383803.9288,6748177.5,482292245.925,351,2006,163,71.81422499813566
2006-08-21,2006-08-18,Prod. Sold Swine or Pork Market Formula,136276,73.29,196.45,73.29,26771420.2,1962077386.458,25939752.93,1888414013.304,351,2006,163,73.04886556528818
2006-08-22,2006-08-21,Prod. Sold Negotiated,34793,74.04,192.05,74.04,6681995.65,494734957.92600006,7130354.92,514383803.9288,352,2006,164,73.05916228672726
2006-08-22,2006-08-21,Prod. Sold Swine or Pork Market Formula,130581,74.27,197.4,74.27,25776689.4,1914434721.738,26771420.2,1962077386.458,352,2006,164,73.7707243458288
2006-08-23,2006-08-22,Prod. Sold Swine or Pork Market Formula,137223,75.23,196.98,75.23,27030186.54,2033480933.4042,25776689.4,1914434721.738,353,2006,165,74.76139394475607
2006-08-23,2006-08-22,Prod. Sold Negotiated,32591,74.43,192.08,74.43,6260079.28,465937700.81040007,6681995.65,494734957.92600006,353,2006,165,74.22864292877341
2006-08-24,2006-08-23,Prod. Sold Swine or Pork Market Formula,140820,76.04,196.44,76.04,27662680.8,2103470248.0320003,27030186.54,2033480933.4042,354,2006,166,75.63968361210078
2006-08-24,2006-08-23,Prod. Sold Negotiated,32986,75.69,192.5,75.69,6349805.0,480616740.45,6260079.28,465937700.81040007,354,2006,166,75.06448276941681
2006-08-25,2006-08-24,Prod. Sold Swine or Pork Market Formula,133123,76.43,196.59,76.43,26170650.57,2000222823.0651,27662680.8,2103470248.0320003,355,2006,167,76.2295954320967
2006-08-25,2006-08-24,Prod. Sold Negotiated,31412,75.91,189.34,75.91,5947548.08,451478374.7528,6349805.0,480616740.45,355,2006,167,75.79640180607062
2006-08-28,2006-08-25,Prod. Sold Swine or Pork Market Formula,146827,76.45,196.58,76.45,28863251.66,2206595589.407,26170650.57,2000222823.0651,361,2006,168,76.44048926225123
2006-08-28,2006-08-25,Prod. Sold Negotiated,39550,76.44,193.0,76.44,7633150.0,583477986.0,5947548.08,451478374.7528,361,2006,168,76.20789113020322
2006-08-29,2006-08-28,Prod. Sold Swine or Pork Market Formula,124902,75.86,196.58,75.86,24553235.16,1862608419.2376,28863251.66,2206595589.407,362,2006,169,76.17880266736344
2006-08-29,2006-08-28,Prod. Sold Negotiated,32453,75.88,192.1,75.88,6234221.3,473052712.244,7633150.0,583477986.0,362,2006,169,76.1882461634239
2006-08-30,2006-08-29,Prod. Sold Swine or Pork Market Formula,142581,74.63,197.5,74.63,28159747.5,2101561955.925,24553235.16,1862608419.2376,363,2006,170,75.20292298259035
2006-08-30,2006-08-29,Prod. Sold Negotiated,34935,73.85,192.75,73.85,6733721.25,497285314.3125,6234221.3,473052712.244,363,2006,170,74.82590417216953
2006-08-31,2006-08-30,Prod. Sold Negotiated,36611,72.42,192.02,72.42,7030044.220000001,509115802.41240007,6733721.25,497285314.3125,364,2006,171,73.11960661626269
2006-08-31,2006-08-30,Prod. Sold Swine or Pork Market Formula,136439,73.48,196.39,73.48,26795255.21,1968915352.8308,28159747.5,2101561955.925,364,2006,171,74.069276827005
2006-09-01,2006-08-31,Prod. Sold Swine or Pork Market Formula,135886,72.03,197.28,72.03,26807590.08,1930950713.4624,26795255.21,1968915352.8308,365,2006,172,72.75483316593174
2006-09-01,2006-08-31,Prod. Sold Negotiated,32736,70.65,192.37,70.65,6297424.32,444913028.20800006,7030044.220000001,509115802.41240007,365,2006,172,71.58364904460694
2006-09-05,2006-09-01,Prod. Sold Swine or Pork Market Formula,139332,71.21,197.77,71.21,27555689.64,1962240659.2644,26807590.08,1930950713.4624,372,2006,173,71.61435794122099
2006-09-05,2006-09-01,Prod. Sold Negotiated,36817,69.88,192.94,69.88,7103471.98,496390621.9624,6297424.32,444913028.20800006,372,2006,173,70.24184271692334
2006-09-06,2006-09-05,Prod. Sold Swine or Pork Market Formula,147194,70.45,199.09,70.45,29304853.46,2064526926.257,27555689.64,1962240659.2644,373,2006,174,70.81831030772197
2006-09-06,2006-09-05,Prod. Sold Negotiated,27768,68.63,191.04,68.63,5304798.72,364068336.1536,7103471.98,496390621.9624,373,2006,174,69.34559850600293
2006-09-07,2006-09-06,Prod. Sold Negotiated,27900,68.5,192.21,68.5,5362659.0,367342141.5,5304798.72,364068336.1536,374,2006,175,68.56464744006504
2006-09-07,2006-09-06,Prod. Sold Swine or Pork Market Formula,144456,70.22,198.07,70.22,28612399.92,2009162722.3824,29304853.46,2064526926.257,374,2006,175,70.33637492979126
2006-09-08,2006-09-07,Prod. Sold Swine or Pork Market Formula,136008,70.22,198.51,70.22,26998948.08,1895866134.1776,28612399.92,2009162722.3824,375,2006,176,70.22
2006-09-08,2006-09-07,Prod. Sold Negotiated,29599,69.1,191.83,69.1,5677976.17,392348153.347,5362659.0,367342141.5,375,2006,176,68.8085679084168
2006-09-11,2006-09-08,Prod. Sold Swine or Pork Market Formula,219870,70.19,199.32,70.19,43824488.4,3076040840.796,26998948.08,1895866134.1776,381,2006,177,70.20143644650214
2006-09-11,2006-09-08,Prod. Sold Negotiated,64191,69.84,194.95,69.84,12514035.45,873980235.828,5677976.17,392348153.347,381,2006,177,69.60903585741003
2006-09-12,2006-09-11,Prod. Sold Negotiated,35543,69.97,193.61,69.97,6881480.23,481497171.6931,12514035.45,873980235.828,382,2006,178,69.8861236733614
2006-09-12,2006-09-11,Prod. Sold Swine or Pork Market Formula,126483,70.36,199.22,70.36,25197943.26,1772927287.7736,43824488.4,3076040840.796,382,2006,178,70.25206171314423
2006-09-13,2006-09-12,Prod. Sold Negotiated,34686,69.86,195.27,69.86,6773135.220000001,473171226.4692,6881480.23,481497171.6931,383,2006,179,69.9154364074237
2006-09-13,2006-09-12,Prod. Sold Swine or Pork Market Formula,140720,70.53,199.05,70.53,28010316.0,1975567587.48,25197943.26,1772927287.7736,383,2006,179,70.44949275518923
2006-09-14,2006-09-13,Prod. Sold Swine or Pork Market Formula,137725,70.41,198.58,70.41,27349430.5,1925673401.505,28010316.0,1975567587.48,384,2006,180,70.47071628091722
2006-09-14,2006-09-13,Prod. Sold Negotiated,30418,69.43,193.21,69.43,5877061.78,408044399.38540006,6773135.220000001,473171226.4692,384,2006,180,69.66022946951736
2006-09-15,2006-09-14,Prod. Sold Swine or Pork Market Formula,132108,70.37,199.59,70.37,26367435.72,1855476451.6164,27349430.5,1925673401.505,385,2006,181,70.39036561878945
2006-09-15,2006-09-14,Prod. Sold Negotiated,37225,69.74,192.63,69.74,7170651.75,500081253.045,5877061.78,408044399.38540006,385,2006,181,69.60036717102876
2006-09-18,2006-09-15,Prod. Sold Swine or Pork Market Formula,151001,70.24,200.44,70.24,30266640.44,2125928824.5056,26367435.72,1855476451.6164,391,2006,182,70.30052480901986
2006-09-18,2006-09-15,Prod. Sold Negotiated,42996,70.23,195.19,70.23,8392389.24,589397496.3252001,7170651.75,500081253.045,391,2006,182,70.00423311036978
2006-09-19,2006-09-18,Prod. Sold Swine or Pork Market Formula,140037,70.02,199.53,70.02,27941582.61,1956469614.3522,30266640.44,2125928824.5056,392,2006,183,70.1343938183971
2006-09-19,2006-09-18,Prod. Sold Negotiated,29165,69.21,193.53,69.21,5644302.45,390642172.5645,8392389.24,589397496.3252001,392,2006,183,69.81984719290361
2006-09-20,2006-09-19,Prod. Sold Negotiated,30611,68.74,194.26,68.74,5946492.86,408761919.1963999,5644302.45,390642172.5645,393,2006,184,68.96887317742652
2006-09-20,2006-09-19,Prod. Sold Swine or Pork Market Formula,143851,69.44,200.24,69.44,28804724.24,2000200051.2256,27941582.61,1956469614.3522,393,2006,184,69.72558894513854
2006-09-21,2006-09-20,Prod. Sold Negotiated,33407,68.36,194.54,68.36,6498997.779999999,444271488.2408,5946492.86,408761919.1963999,394,2006,185,68.54156514292312
2006-09-21,2006-09-20,Prod. Sold Swine or Pork Market Formula,143211,69.28,199.92,69.28,28630743.12,1983537883.3536,28804724.24,2000200051.2256,394,2006,185,69.36024233266028
2006-09-22,2006-09-21,Prod. Sold Swine or Pork Market Formula,133950,68.47,200.66,68.47,26878407.0,1840364527.29,28630743.12,1983537883.3536,395,2006,186,68.8877852097729
2006-09-22,2006-09-21,Prod. Sold Negotiated,29831,67.61,195.16,67.61,5821817.96,393613112.2756,6498997.779999999,444271488.2408,395,2006,186,68.00561084573123
2006-09-25,2006-09-22,Prod. Sold Negotiated,39381,66.85,195.62,66.85,7703711.22,514993095.0569999,5821817.96,393613112.2756,401,2006,187,67.17712817300652
2006-09-25,2006-09-22,Prod. Sold Swine or Pork Market Formula,172776,67.73,200.75,67.73,34684782.0,2349200284.86,26878407.0,1840364527.29,401,2006,187,68.05308302255102
2006-09-26,2006-09-25,Prod. Sold Negotiated,32068,65.27,193.24,65.27,6196820.32,404466462.2864,7703711.22,514993095.0569999,402,2006,188,66.14564016473575
2006-09-26,2006-09-25,Prod. Sold Swine or Pork Market Formula,126090,66.4,199.69,66.4,25178912.1,1671879763.4400003,34684782.0,2349200284.86,402,2006,188,67.17059661542004
2006-09-27,2006-09-26,Prod. Sold Negotiated,31421,64.25,194.45,64.25,6109813.449999999,392555514.1625,6196820.32,404466462.2864,403,2006,189,64.76360565728446
2006-09-27,2006-09-26,Prod. Sold Swine or Pork Market Formula,137691,65.52,200.66,65.52,27629076.06,1810257063.4512,25178912.1,1671879763.4400003,403,2006,189,65.9395850555955
2006-09-28,2006-09-27,Prod. Sold Negotiated,28178,63.11,194.51,63.11,5480902.779999999,345899774.44579995,6109813.449999999,392555514.1625,404,2006,190,63.7109281216783
2006-09-28,2006-09-27,Prod. Sold Swine or Pork Market Formula,139156,64.81,201.02,64.81,27973139.12,1812939146.3672,27629076.06,1810257063.4512,404,2006,190,65.16280328201125
2006-09-29,2006-09-28,Prod. Sold Negotiated,29824,62.33,193.87,62.33,5781978.88,360390743.5904,5480902.779999999,345899774.44579995,405,2006,191,62.70957463262558
2006-09-29,2006-09-28,Prod. Sold Swine or Pork Market Formula,135732,64.3,200.84,64.3,27260414.88,1752844676.784,27973139.12,1812939146.3672,405,2006,191,64.55829047595236
2006-10-02,2006-09-29,Prod. Sold Swine or Pork Market Formula,158552,64.06,201.08,64.06,31881636.16,2042337612.4096,27260414.88,1752844676.784,411,2006,192,64.17062348119741
2006-10-02,2006-09-29,Prod. Sold Negotiated,41147,62.58,197.01,62.58,8106370.47,507296664.0126,5781978.88,360390743.5904,411,2006,192,62.47592033699814
2006-10-03,2006-10-02,Prod. Sold Negotiated,31527,62.33,195.2,62.33,6154070.4,383583208.032,8106370.47,507296664.0126,412,2006,193,62.472112900714265
2006-10-03,2006-10-02,Prod. Sold Swine or Pork Market Formula,125523,64.17,200.5,64.17,25167361.5,1614989587.4550002,31881636.16,2042337612.4096,412,2006,193,64.10852687827224
2006-10-04,2006-10-03,Prod. Sold Swine or Pork Market Formula,134552,64.83,200.23,64.83,26941346.96,1746607523.4167998,25167361.5,1614989587.4550002,413,2006,194,64.51123449839963
2006-10-04,2006-10-03,Prod. Sold Negotiated,30584,64.31,197.06,64.31,6026883.04,387588848.3024,6154070.4,383583208.032,413,2006,194,63.30966292031077
2006-10-05,2006-10-04,Prod. Sold Swine or Pork Market Formula,133684,65.72,201.19,65.72,26895883.96,1767597493.8512,26941346.96,1746607523.4167998,414,2006,195,65.27462421850726
2006-10-05,2006-10-04,Prod. Sold Negotiated,30303,65.76,195.25,65.76,5916660.75,389079610.92,6026883.04,387588848.3024,414,2006,195,65.02830925882175
2006-10-06,2006-10-05,Prod. Sold Negotiated,29513,66.54,195.33,66.54,5764774.29,383588081.2566,5916660.75,389079610.92,415,2006,196,66.14492907171105
2006-10-06,2006-10-05,Prod. Sold Swine or Pork Market Formula,131494,66.68,201.75,66.68,26528914.5,1768948018.86,26895883.96,1767597493.8512,415,2006,196,66.19670292924116
2006-10-09,2006-10-06,Prod. Sold Negotiated,49464,67.3,196.72,67.3,9730558.08,654866558.7839999,5764774.29,383588081.2566,421,2006,197,67.0172549542156
2006-10-09,2006-10-06,Prod. Sold Swine or Pork Market Formula,172358,67.59,201.58,67.59,34743925.64,2348341934.0076003,26528914.5,1768948018.86,421,2006,197,67.1960030489881
2006-10-10,2006-10-09,Prod. Sold Negotiated,35678,67.49,194.94,67.49,6955069.32,469397628.4068,9730558.08,654866558.7839999,422,2006,198,67.37919769146949
2006-10-10,2006-10-09,Prod. Sold Swine or Pork Market Formula,110804,67.19,201.28,67.19,22302629.12,1498513650.5728,34743925.64,2348341934.0076003,422,2006,198,67.4336180469525
2006-10-11,2006-10-10,Prod. Sold Negotiated,29892,66.64,195.78,66.64,5852255.76,389994323.8464,6955069.32,469397628.4068,423,2006,199,67.10159591367224
2006-10-11,2006-10-10,Prod. Sold Swine or Pork Market Formula,127708,67.25,202.49,67.25,25859592.92,1739057623.87,22302629.12,1498513650.5728,423,2006,199,67.22221561442724
2006-10-12,2006-10-11,Prod. Sold Negotiated,28805,65.52,195.35,65.52,5627056.75,368684758.26,5852255.76,389994323.8464,424,2006,200,66.09098597546588
2006-10-12,2006-10-11,Prod. Sold Swine or Pork Market Formula,123123,66.34,202.47,66.34,24928713.81,1653770874.1554,25859592.92,1739057623.87,424,2006,200,66.80333951793868
2006-10-13,2006-10-12,Prod. Sold Negotiated,35247,64.43,195.45,64.43,6889026.15,443859954.8445,5627056.75,368684758.26,425,2006,201,64.92004883608594
2006-10-13,2006-10-12,Prod. Sold Swine or Pork Market Formula,119934,65.45,202.75,65.45,24316618.5,1591522680.825,24928713.81,1653770874.1554,425,2006,201,65.90053113158493
2006-10-16,2006-10-13,Prod. Sold Negotiated,45070,64.39,197.77,64.39,8913493.9,573939872.2210001,6889026.15,443859954.8445,431,2006,202,64.40743779125913
2006-10-16,2006-10-13,Prod. Sold Swine or Pork Market Formula,154638,65.43,202.37,65.43,31294092.06,2047572443.4858005,24316618.5,1591522680.825,431,2006,202,65.4387453004125
2006-10-17,2006-10-16,Prod. Sold Swine or Pork Market Formula,141974,65.23,202.46,65.23,28744056.040000003,1874974775.4892004,31294092.06,2047572443.4858005,432,2006,203,65.33424735955505
2006-10-17,2006-10-16,Prod. Sold Negotiated,27831,64.2,196.33,64.2,5464060.23,350792666.76600003,8913493.9,573939872.2210001,432,2006,203,64.31779220760966
2006-10-18,2006-10-17,Prod. Sold Swine or Pork Market Formula,143858,65.28,202.53,65.28,29135560.74,1901969405.1072,28744056.040000003,1874974775.4892004,433,2006,204,65.25516910301147
2006-10-18,2006-10-17,Prod. Sold Negotiated,32209,64.36,197.02,64.36,6345817.180000001,408416793.7048,5464060.23,350792666.76600003,433,2006,204,64.28597301339812
2006-10-19,2006-10-18,Prod. Sold Swine or Pork Market Formula,144044,65.28,201.98,65.28,29094007.12,1899256784.7936,29135560.74,1901969405.1072,434,2006,205,65.28
2006-10-19,2006-10-18,Prod. Sold Negotiated,32609,64.72,197.83,64.72,6451038.470000001,417511209.77840006,6345817.180000001,408416793.7048,434,2006,205,64.54148003796541
2006-10-20,2006-10-19,Prod. Sold Negotiated,33350,63.96,197.06,63.96,6571951.0,420341985.96,6451038.470000001,417511209.77840006,435,2006,206,64.3364718729516
2006-10-20,2006-10-19,Prod. Sold Swine or Pork Market Formula,142703,64.83,202.34,64.83,28874525.02,1871935457.0466,29094007.12,1899256784.7936,435,2006,206,65.05585190137953
2006-10-23,2006-10-20,Prod. Sold Swine or Pork Market Formula,192675,63.99,202.74,63.99,39062929.5,2499636858.705,28874525.02,1871935457.0466,441,2006,207,64.34701368542827
2006-10-23,2006-10-20,Prod. Sold Negotiated,58970,63.48,198.95,63.48,11732081.5,744752533.62,6571951.0,420341985.96,441,2006,207,63.65234106637431
2006-10-24,2006-10-23,Prod. Sold Swine or Pork Market Formula,135073,62.9,202.83,62.9,27396856.59,1723262279.511,39062929.5,2499636858.705,442,2006,208,63.5406670207656
2006-10-24,2006-10-23,Prod. Sold Negotiated,33015,61.88,196.09,61.88,6473911.350000001,400605634.33800006,11732081.5,744752533.62,442,2006,208,62.911052277931674
2006-10-25,2006-10-24,Prod. Sold Swine or Pork Market Formula,152880,62.79,202.85,62.79,31011708.0,1947225145.32,27396856.59,1723262279.511,443,2006,209,62.8415961014631
2006-10-25,2006-10-24,Prod. Sold Negotiated,29507,60.85,198.08,60.85,5844746.5600000005,355652828.17600006,6473911.350000001,400605634.33800006,443,2006,209,61.3913031792276
2006-10-26,2006-10-25,Prod. Sold Swine or Pork Market Formula,158948,62.6,201.73,62.6,32064580.04,2007242710.504,31011708.0,1947225145.32,444,2006,210,62.69341425602381
2006-10-26,2006-10-25,Prod. Sold Negotiated,29195,61.29,197.08,61.29,5753750.600000001,352647374.27400005,5844746.5600000005,355652828.17600006,444,2006,210,61.06827399093832
2006-10-27,2006-10-26,Prod. Sold Swine or Pork Market Formula,140621,62.57,203.33,62.57,28592467.930000003,1789030718.3801005,32064580.04,2007242710.504,445,2006,211,62.585858625392966
2006-10-27,2006-10-26,Prod. Sold Negotiated,29603,61.71,196.58,61.71,5819357.74,359112566.1354,5753750.600000001,352647374.27400005,445,2006,211,61.50119047528073
2006-10-30,2006-10-27,Prod. Sold Swine or Pork Market Formula,183902,62.98,203.3,62.98,37387276.6,2354650680.268,28592467.930000003,1789030718.3801005,451,2006,212,62.80232559500182
2006-10-30,2006-10-27,Prod. Sold Negotiated,58770,62.57,199.6,62.57000000000001,11730492.0,733976884.44,5819357.74,359112566.1354,451,2006,212,62.284832449819035
2006-10-31,2006-10-30,Prod. Sold Negotiated,32548,63.12,198.12,63.12,6448409.76,407023624.0512,11730492.0,733976884.44,452,2006,213,62.76509568921286
2006-10-31,2006-10-30,Prod. Sold Swine or Pork Market Formula,142764,63.68,203.23,63.68,29013927.72,1847606917.2096,37387276.6,2354650680.268,452,2006,213,63.2858641723744
2006-11-01,2006-10-31,Prod. Sold Negotiated,32319,63.42,198.27,63.42,6407888.13,406388265.2046,6448409.76,407023624.0512,453,2006,214,63.26952721657883
2006-11-01,2006-10-31,Prod. Sold Swine or Pork Market Formula,144388,64.32,203.5,64.32,29382958.0,1889911858.56,29013927.72,1847606917.2096,453,2006,214,64.00202219156286
2006-11-02,2006-11-01,Prod. Sold Swine or Pork Market Formula,143810,64.83,203.13,64.83,29212125.3,1893822083.199,29382958.0,1889911858.56,454,2006,215,64.57425655300672
2006-11-02,2006-11-01,Prod. Sold Negotiated,35117,63.81,197.68,63.81,6941928.5600000005,442964461.4136,6407888.13,406388265.2046,454,2006,215,63.622800697662605
2006-11-03,2006-11-02,Prod. Sold Swine or Pork Market Formula,137810,65.12,203.46,65.12,28038822.6,1825888127.712,29212125.3,1893822083.199,455,2006,216,64.97202836550764
2006-11-03,2006-11-02,Prod. Sold Negotiated,33579,64.64,198.33,64.64,6659723.07,430484499.2448,6941928.5600000005,442964461.4136,455,2006,216,64.21638962814694
2006-11-06,2006-11-03,Prod. Sold Negotiated,53878,65.24,198.5,65.24,10694783.0,697727642.92,6659723.07,430484499.2448,461,2006,217,65.00975237290633
2006-11-06,2006-11-03,Prod. Sold Swine or Pork Market Formula,175850,65.4,203.25,65.4,35741512.5,2337494917.5,28038822.6,1825888127.712,461,2006,217,65.27690766572971
2006-11-07,2006-11-06,Prod. Sold Negotiated,31847,64.6,197.92,64.6,6303158.239999999,407184022.3039999,10694783.0,697727642.92,462,2006,218,65.0026758901774
2006-11-07,2006-11-06,Prod. Sold Swine or Pork Market Formula,134373,65.28,202.07,65.28,27152752.11,1772531657.7408,35741512.5,2337494917.5,462,2006,218,65.34819352331401
2006-11-08,2006-11-07,Prod. Sold Swine or Pork Market Formula,148658,65.12,203.29,65.12,30220684.82,1967970995.4784,27152752.11,1772531657.7408,463,2006,219,65.19572215593256
2006-11-08,2006-11-07,Prod. Sold Negotiated,32712,64.38,197.62,64.38,6464545.44,416187435.4272,6303158.239999999,407184022.3039999,463,2006,219,64.48860957048778
2006-11-09,2006-11-08,Prod. Sold Swine or Pork Market Formula,146881,64.87,202.49,64.87,29741933.69,1929359238.4703,30220684.82,1967970995.4784,464,2006,220,64.99599801997873
2006-11-09,2006-11-08,Prod. Sold Negotiated,30602,63.92,197.01,63.92000000000001,6028900.02,385367289.2784,6464545.44,416187435.4272,464,2006,220,64.15802008116341
2006-11-10,2006-11-09,Prod. Sold Negotiated,32357,64.2,196.23,64.2,6349414.11,407632385.862,6028900.02,385367289.2784,465,2006,221,64.0636250471695
2006-11-10,2006-11-09,Prod. Sold Swine or Pork Market Formula,147410,64.26,202.22,64.26,29809250.2,1915542417.852,29741933.69,1929359238.4703,465,2006,221,64.56465522875938
2006-11-13,2006-11-10,Prod. Sold Swine or Pork Market Formula,178959,63.46,204.68,63.46,36629328.120000005,2324497162.4952,29809250.2,1915542417.852,471,2006,222,63.81893904961572
2006-11-13,2006-11-10,Prod. Sold Negotiated,42637,63.09,200.23,63.09000000000001,8537206.51,538612358.7159001,6349414.11,407632385.862,471,2006,222,63.56343516315793
2006-11-14,2006-11-13,Prod. Sold Negotiated,31301,62.01,198.27,62.00999999999999,6206049.2700000005,384837115.2327,8537206.51,538612358.7159001,472,2006,223,62.63538310183207
2006-11-14,2006-11-13,Prod. Sold Swine or Pork Market Formula,152837,62.55,204.13,62.55,31198616.81,1951473481.4655,36629328.120000005,2324497162.4952,472,2006,223,63.0414300237697
2006-11-15,2006-11-14,Prod. Sold Swine or Pork Market Formula,148623,61.89,203.37,61.89,30225459.51,1870653689.0739,31198616.81,1951473481.4655,473,2006,224,62.22522827412702
2006-11-15,2006-11-14,Prod. Sold Negotiated,30106,60.93,196.56,60.93000000000001,5917635.36,360561522.4848,6206049.2700000005,384837115.2327,473,2006,224,61.48284621929331
2006-11-16,2006-11-15,Prod. Sold Negotiated,27719,59.72,199.19,59.72,5521347.61,329734879.2692,5917635.36,360561522.4848,474,2006,225,60.34595938855568
2006-11-16,2006-11-15,Prod. Sold Swine or Pork Market Formula,156034,60.88,204.37,60.88,31888668.58,1941382143.1504,30225459.51,1870653689.0739,474,2006,225,61.371477785228954
2006-11-17,2006-11-16,Prod. Sold Negotiated,27827,58.88,196.83,58.88,5477188.41,322496853.5808,5521347.61,329734879.2692,475,2006,226,59.30168630297399
2006-11-17,2006-11-16,Prod. Sold Swine or Pork Market Formula,143175,59.9,204.51,59.9,29280719.25,1753915083.075,31888668.58,1941382143.1504,475,2006,226,60.41089108975966
2006-11-20,2006-11-17,Prod. Sold Swine or Pork Market Formula,149538,59.5,203.47,59.50000000000001,30426496.86,1810376563.17,29280719.25,1753915083.075,481,2006,227,59.696162012953714
2006-11-20,2006-11-17,Prod. Sold Negotiated,36652,58.22,200.22,58.22,7338463.44,427245341.4768,5477188.41,322496853.5808,481,2006,227,58.50207260878423
2006-11-21,2006-11-20,Prod. Sold Swine or Pork Market Formula,141485,59.31,203.73,59.31,28824739.05,1709595273.0554998,30426496.86,1810376563.17,482,2006,228,59.40756816570344
2006-11-21,2006-11-20,Prod. Sold Negotiated,29303,57.77,198.18,57.77,5807268.54,335485903.5558,7338463.44,427245341.4768,482,2006,228,58.02120765835057
2006-11-22,2006-11-21,Prod. Sold Negotiated,24471,58.37,197.28,58.37,4827638.88,281789281.4256,5807268.54,335485903.5558,483,2006,229,58.042365636446696
2006-11-22,2006-11-21,Prod. Sold Swine or Pork Market Formula,152071,59.74,203.97,59.74,31017921.87,1853010652.5138,28824739.05,1709595273.0554998,483,2006,229,59.53287956783757
2006-11-24,2006-11-22,Prod. Sold Swine or Pork Market Formula,148022,60.27,203.32,60.27,30095833.04,1813875857.3208,31017921.87,1853010652.5138,485,2006,230,60.00100166050492
2006-11-24,2006-11-22,Prod. Sold Negotiated,26222,58.98,198.57,58.98,5206902.54,307103111.8092,4827638.88,281789281.4256,485,2006,230,58.686527723237
2006-11-27,2006-11-24,Prod. Sold Swine or Pork Market Formula,264146,61.6,205.02,61.6,54155212.92,3335961115.872,30095833.04,1813875857.3208,491,2006,231,61.12490253993756
2006-11-27,2006-11-24,Prod. Sold Negotiated,68243,61.06,202.66,61.06,13830126.38,844467516.7628,5206902.54,307103111.8092,491,2006,231,60.491089939049175
2006-11-28,2006-11-27,Prod. Sold Negotiated,27399,62.25,199.88,62.25000000000001,5476512.12,340912879.47,13830126.38,844467516.7628,492,2006,232,61.39755484792446
2006-11-28,2006-11-27,Prod. Sold Swine or Pork Market Formula,127112,62.26,204.7,62.26,26019826.4,1619994391.6639998,54155212.92,3335961115.872,492,2006,232,61.814194911155056
2006-11-29,2006-11-28,Prod. Sold Negotiated,30743,62.21,199.86,62.21,6144295.98,382236652.9158,5476512.12,340912879.47,493,2006,233,62.228850710115424
2006-11-29,2006-11-28,Prod. Sold Swine or Pork Market Formula,150245,62.65,204.36,62.650000000000006,30704068.200000003,1923609872.7300005,26019826.4,1619994391.6639998,493,2006,233,62.4711030401287
2006-11-30,2006-11-29,Prod. Sold Swine or Pork Market Formula,147793,62.68,203.56,62.68,30084743.08,1885711696.2544,30704068.200000003,1923609872.7300005,494,2006,234,62.66484717785058
2006-11-30,2006-11-29,Prod. Sold Negotiated,29329,62.19,201.64,62.190000000000005,5913899.56,367785413.6364,6144295.98,382236652.9158,494,2006,234,62.20019107039627
2006-12-01,2006-11-30,Prod. Sold Negotiated,33874,61.91,199.7,61.91,6764637.8,418798726.198,5913899.56,367785413.6364,495,2006,235,62.04060590743095
2006-12-01,2006-11-30,Prod. Sold Swine or Pork Market Formula,141774,62.56,203.83,62.56,28897794.42,1807846018.9152,30084743.08,1885711696.2544,495,2006,235,62.621207423800655
2006-12-04,2006-12-01,Prod. Sold Negotiated,46693,62.73,199.68,62.73,9323658.24,584873081.3952,6764637.8,418798726.198,501,2006,236,62.38521500958159
2006-12-04,2006-12-01,Prod. Sold Swine or Pork Market Formula,155775,62.55,204.35,62.55,31832621.25,1991130459.1875,28897794.42,1807846018.9152,501,2006,236,62.55475837257183
2006-12-05,2006-12-04,Prod. Sold Negotiated,29960,61.91,198.7,61.91,5953052.0,368553449.32,9323658.24,584873081.3952,502,2006,237,62.41046113572158
2006-12-05,2006-12-04,Prod. Sold Swine or Pork Market Formula,128611,62.25,204.97,62.25000000000001,26361396.67,1640996942.7075,31832621.25,1991130459.1875,502,2006,237,62.41410254380661
2006-12-06,2006-12-05,Prod. Sold Negotiated,36607,62.03,199.1,62.03,7288453.7,452102783.011,5953052.0,368553449.32,503,2006,238,61.9760509811962
2006-12-06,2006-12-05,Prod. Sold Swine or Pork Market Formula,140382,62.38,203.59,62.38,28580371.38,1782843566.6844,26361396.67,1640996942.7075,503,2006,238,62.31762520412556
2006-12-07,2006-12-06,Prod. Sold Swine or Pork Market Formula,141923,62.7,203.45,62.7,28874234.35,1810414493.745,28580371.38,1782843566.6844,504,2006,239,62.54081835171616
2006-12-07,2006-12-06,Prod. Sold Negotiated,29369,61.95,199.32,61.95,5853829.08,362644711.506,7288453.7,452102783.011,504,2006,239,61.99436643966354
2006-12-08,2006-12-07,Prod. Sold Negotiated,32236,62.48,197.75,62.48,6374669.0,398289319.12,5853829.08,362644711.506,505,2006,240,62.22628696082684
2006-12-08,2006-12-07,Prod. Sold Swine or Pork Market Formula,136904,62.83,204.51,62.83,27998237.04,1759129233.2231998,28874234.35,1810414493.745,505,2006,240,62.763998815705406
2006-12-11,2006-12-08,Prod. Sold Negotiated,34917,62.42,200.98,62.42,7017618.659999999,438039756.7572,6374669.0,398289319.12,511,2006,241,62.448559731519374
2006-12-11,2006-12-08,Prod. Sold Swine or Pork Market Formula,165152,63.15,204.73,63.15,33811568.96,2135200579.824,27998237.04,1759129233.2231998,511,2006,241,63.00504830976496
2006-12-12,2006-12-11,Prod. Sold Swine or Pork Market Formula,130656,62.91,202.58,62.91,26468292.48,1665120279.9168,33811568.96,2135200579.824,512,2006,242,63.04461836766956
2006-12-12,2006-12-11,Prod. Sold Negotiated,33067,62.58,200.75,62.58,6638200.25,415418571.645,7017618.659999999,438039756.7572,512,2006,242,62.4977772499035
2006-12-13,2006-12-12,Prod. Sold Swine or Pork Market Formula,141255,62.52,203.96,62.52,28810369.8,1801224319.896,26468292.48,1665120279.9168,513,2006,243,62.70673813079835
2006-12-13,2006-12-12,Prod. Sold Negotiated,32560,61.91,198.01,61.91,6447205.6,399146498.696,6638200.25,415418571.645,513,2006,243,62.24988966169513
2006-12-14,2006-12-13,Prod. Sold Negotiated,29276,61.46,197.41,61.46,5779375.16,355200397.3336,6447205.6,399146498.696,514,2006,244,61.69728976865646
2006-12-14,2006-12-13,Prod. Sold Swine or Pork Market Formula,140606,61.51,203.13,61.51,28561296.78,1756805364.9378,28810369.8,1801224319.896,514,2006,244,62.0171924040663
2006-12-15,2006-12-14,Prod. Sold Swine or Pork Market Formula,135622,60.75,203.09,60.75,27543471.98,1673265922.785,28561296.78,1756805364.9378,515,2006,245,61.136893770931565
2006-12-15,2006-12-14,Prod. Sold Negotiated,29423,60.43,197.92,60.43,5823400.159999999,351908071.66879994,5779375.16,355200397.3336,515,2006,245,60.943045909329896
2006-12-18,2006-12-15,Prod. Sold Swine or Pork Market Formula,178784,59.74,203.69,59.74,36416512.96,2175522484.2304,27543471.98,1673265922.785,521,2006,246,60.17494235850582
2006-12-18,2006-12-15,Prod. Sold Negotiated,44357,59.67,200.66,59.67,8900675.62,531103314.2454,5823400.159999999,351908071.66879994,521,2006,246,59.97058145500797
2006-12-19,2006-12-18,Prod. Sold Swine or Pork Market Formula,132059,58.78,203.93,58.78,26930791.87,1582991946.1186,36416512.96,2175522484.2304,522,2006,247,59.33187592487824
2006-12-19,2006-12-18,Prod. Sold Negotiated,31641,57.22,198.99,57.22,6296242.59,360271000.9998,8900675.62,531103314.2454,522,2006,247,58.65493930596077
2006-12-20,2006-12-19,Prod. Sold Swine or Pork Market Formula,147629,58.38,202.8,58.38,29939161.200000003,1747848230.8560002,26930791.87,1582991946.1186,523,2006,248,58.56942018001563
2006-12-20,2006-12-19,Prod. Sold Negotiated,35478,57.09,198.87,57.09000000000001,7055509.86,402799057.9074001,6296242.59,360271000.9998,523,2006,248,57.151303678282325
2006-12-21,2006-12-20,Prod. Sold Swine or Pork Market Formula,145366,58.33,202.44,58.33,29427893.04,1716529001.0231998,29939161.200000003,1747848230.8560002,524,2006,249,58.35521529961632
2006-12-21,2006-12-20,Prod. Sold Negotiated,29626,56.93,197.57,56.93,5853208.82,333223178.1226,7055509.86,402799057.9074001,524,2006,249,57.0174510945342
2006-12-22,2006-12-21,Prod. Sold Swine or Pork Market Formula,154109,58.9,202.22,58.9,31163921.98,1835555004.622,29427893.04,1716529001.0231998,525,2006,250,58.62316559543128
2006-12-22,2006-12-21,Prod. Sold Negotiated,34460,57.71,197.52,57.71,6806539.2,392805377.232,5853208.82,333223178.1226,525,2006,250,57.34936858202964
2006-12-26,2006-12-22,Prod. Sold Swine or Pork Market Formula,166750,59.7,203.06,59.7,33860255.0,2021457223.5,31163921.98,1835555004.622,532,2006,251,59.316586649121774
2006-12-26,2006-12-22,Prod. Sold Negotiated,40539,59.05,200.75,59.05,8138204.25,480560960.9625,6806539.2,392805377.232,532,2006,251,58.43970096351838
2006-12-27,2006-12-26,Prod. Sold Negotiated,33518,59.49,199.71,59.49,6693879.78,398218908.1122,8138204.25,480560960.9625,533,2006,252,59.24857675409893
2006-12-27,2006-12-26,Prod. Sold Swine or Pork Market Formula,118072,60.3,203.69,60.3,24050085.68,1450220166.504,33860255.0,2021457223.5,533,2006,252,59.94917918351987
2006-12-28,2006-12-27,Prod. Sold Swine or Pork Market Formula,142929,61.22,204.33,61.22,29204682.57,1787910666.9354,24050085.68,1450220166.504,534,2006,253,60.80452398625169
2006-12-28,2006-12-27,Prod. Sold Negotiated,29606,61.32,197.2,61.32000000000001,5838303.199999999,358004752.224,6693879.78,398218908.1122,534,2006,253,60.34253262524578
2006-12-29,2006-12-28,Prod. Sold Swine or Pork Market Formula,142423,61.92,204.25,61.92,29089897.75,1801246468.68,29204682.57,1787910666.9354,535,2006,254,61.56931083324077
2006-12-29,2006-12-28,Prod. Sold Negotiated,30453,61.33,197.45,61.32999999999999,6012944.85,368773907.6505,5838303.199999999,358004752.224,535,2006,254,61.325073680699816
2007-01-02,2006-12-29,Prod. Sold Negotiated,63942,61.38,202.16,61.38,12926514.72,793429473.5136001,6012944.85,368773907.6505,12,2007,1,61.364125880604526
2007-01-02,2006-12-29,Prod. Sold Swine or Pork Market Formula,227843,61.95,203.84,61.95,46443517.12,2877175885.584,29089897.75,1801246468.68,12,2007,1,61.93844621371876
2007-01-03,2007-01-02,Prod. Sold Swine or Pork Market Formula,146001,61.11,203.8,61.11,29755003.8,1818328282.218,46443517.12,2877175885.584,13,2007,2,61.62198571717368
2007-01-03,2007-01-02,Prod. Sold Negotiated,30172,60.82,200.16,60.82,6039227.52,367305817.7664,12926514.72,793429473.5136001,13,2007,2,61.20168019746324
2007-01-04,2007-01-03,Prod. Sold Negotiated,22494,59.66,197.74,59.66,4447963.5600000005,265365505.9896,6039227.52,367305817.7664,14,2007,3,60.328005748132135
2007-01-04,2007-01-03,Prod. Sold Swine or Pork Market Formula,149622,60.11,204.87,60.11,30653059.14,1842555384.9054,29755003.8,1818328282.218,14,2007,3,60.602566759334
2007-01-05,2007-01-04,Prod. Sold Negotiated,27867,57.74,200.74,57.74,5594021.58,322998806.0292,4447963.5600000005,265365505.9896,15,2007,4,58.5904384258828
2007-01-05,2007-01-04,Prod. Sold Swine or Pork Market Formula,145498,59.34,204.32,59.34,29728151.36,1764068501.7024,30653059.14,1842555384.9054,15,2007,4,59.73089735602104
2007-01-08,2007-01-05,Prod. Sold Negotiated,48963,57.4,203.65,57.39999999999999,9971314.95,572353478.13,5594021.58,322998806.0292,21,2007,5,57.52219249699704
2007-01-08,2007-01-05,Prod. Sold Swine or Pork Market Formula,212256,59.09,204.75,59.09,43459416.0,2568016891.44,29728151.36,1764068501.7024,21,2007,5,59.191547818954575
2007-01-09,2007-01-08,Prod. Sold Negotiated,28400,57.29,201.22,57.290000000000006,5714648.0,327392183.92,9971314.95,572353478.13,22,2007,6,57.35992523493751
2007-01-09,2007-01-08,Prod. Sold Swine or Pork Market Formula,129023,58.1,205.24,58.1,26480680.52,1538527538.212,43459416.0,2568016891.44,22,2007,6,58.71516674955827
2007-01-10,2007-01-09,Prod. Sold Swine or Pork Market Formula,147234,58.0,204.65,58.0,30131438.1,1747623409.8000002,26480680.52,1538527538.212,23,2007,7,58.04677563950176
2007-01-10,2007-01-09,Prod. Sold Negotiated,30121,56.96,200.78,56.96,6047694.38,344476671.8848,5714648.0,327392183.92,23,2007,7,57.12032808594372
2007-01-11,2007-01-10,Prod. Sold Swine or Pork Market Formula,152382,57.85,204.49,57.85,31160595.18,1802640431.163,30131438.1,1747623409.8000002,24,2007,8,57.92374067188068
2007-01-11,2007-01-10,Prod. Sold Negotiated,27318,56.88,200.89,56.88,5487913.02,312152492.5776,6047694.38,344476671.8848,24,2007,8,56.92194105551824
2007-01-12,2007-01-11,Prod. Sold Swine or Pork Market Formula,147127,58.16,204.89,58.16,30144851.03,1753224535.9047997,31160595.18,1802640431.163,25,2007,9,58.00243187020104
2007-01-12,2007-01-11,Prod. Sold Negotiated,31147,56.65,200.5,56.65,6244973.5,353777748.775,5487913.02,312152492.5776,25,2007,9,56.75757966442856
2007-01-15,2007-01-12,Prod. Sold Swine or Pork Market Formula,167316,58.5,204.33,58.5,34187678.28,1999979179.38,30144851.03,1753224535.9047997,31,2007,10,58.34068325215674
2007-01-15,2007-01-12,Prod. Sold Negotiated,38260,56.91,201.54,56.91,7710920.3999999985,438828479.9639999,6244973.5,353777748.775,31,2007,10,56.79365538448239
2007-01-16,2007-01-15,Prod. Sold Swine or Pork Market Formula,133686,58.55,204.01,58.55,27273280.86,1596850594.353,34187678.28,1999979179.38,32,2007,11,58.52218748392608
2007-01-16,2007-01-15,Prod. Sold Negotiated,31028,57.67,201.31,57.67,6246246.68,360221046.0356,7710920.3999999985,438828479.9639999,32,2007,11,57.2501225656747
2007-01-17,2007-01-16,Prod. Sold Swine or Pork Market Formula,142359,59.23,204.07,59.23,29051201.13,1720702642.9299,27273280.86,1596850594.353,33,2007,12,58.90073232936093
2007-01-17,2007-01-16,Prod. Sold Negotiated,30824,58.33,201.34,58.330000000000005,6206104.16,362002055.6528,6246246.68,360221046.0356,33,2007,12,57.99893618227031
2007-01-18,2007-01-17,Prod. Sold Swine or Pork Market Formula,137031,59.45,203.39,59.45,27870735.09,1656915201.1005,29051201.13,1720702642.9299,34,2007,13,59.33771878342476
2007-01-18,2007-01-17,Prod. Sold Negotiated,30582,58.63,198.06,58.63,6057070.92,355126068.0396,6206104.16,362002055.6528,34,2007,13,58.47817706378208
2007-01-19,2007-01-18,Prod. Sold Swine or Pork Market Formula,132133,60.06,204.27,60.06,26990807.91,1621067923.0746,27870735.09,1656915201.1005,35,2007,14,59.75010808892306
2007-01-19,2007-01-18,Prod. Sold Negotiated,34469,59.2,200.38,59.2,6906898.22,408888374.624,6057070.92,355126068.0396,35,2007,14,58.93368261007755
2007-01-22,2007-01-19,Prod. Sold Negotiated,38921,58.99,202.11,58.99,7866323.31,464034412.0569,6906898.22,408888374.624,41,2007,15,59.088180929816474
2007-01-22,2007-01-19,Prod. Sold Swine or Pork Market Formula,173266,60.87,203.28,60.87,35221512.48,2143933464.6576,26990807.91,1621067923.0746,41,2007,15,60.51858159493092
2007-01-23,2007-01-22,Prod. Sold Negotiated,37422,60.56,201.26,60.56,7531551.72,456110772.1632,7866323.31,464034412.0569,42,2007,16,59.75793298928339
2007-01-23,2007-01-22,Prod. Sold Swine or Pork Market Formula,118743,61.18,203.13,61.18,24120265.59,1475677848.7962,35221512.48,2143933464.6576,42,2007,16,60.99600367862385
2007-01-24,2007-01-23,Prod. Sold Swine or Pork Market Formula,141454,61.3,204.01,61.29999999999999,28858030.54,1768997272.1019998,24120265.59,1475677848.7962,43,2007,17,61.24536570478414
2007-01-24,2007-01-23,Prod. Sold Negotiated,35435,60.25,200.94,60.25,7120308.9,428998611.225,7531551.72,456110772.1632,43,2007,17,60.4093504807173
2007-01-25,2007-01-24,Prod. Sold Swine or Pork Market Formula,143830,61.72,202.91,61.720000000000006,29184545.3,1801270135.916,28858030.54,1768997272.1019998,44,2007,18,61.51118134143096
2007-01-25,2007-01-24,Prod. Sold Negotiated,30491,60.26,198.44,60.26,6050634.04,364611207.2504,7120308.9,428998611.225,44,2007,18,60.25459392624169
2007-01-26,2007-01-25,Prod. Sold Negotiated,36472,60.57,199.6,60.57,7279811.2,440938164.384,6050634.04,364611207.2504,45,2007,19,60.42929228029296
2007-01-26,2007-01-25,Prod. Sold Swine or Pork Market Formula,140340,62.05,202.63,62.05,28437094.2,1764521695.11,29184545.3,1801270135.916,45,2007,19,61.882859668128674
2007-01-29,2007-01-26,Prod. Sold Negotiated,37523,60.59,200.72,60.59,7531616.56,456340647.3704,7279811.2,440938164.384,51,2007,20,60.58017000748617
2007-01-29,2007-01-26,Prod. Sold Swine or Pork Market Formula,162640,62.61,203.74,62.60999999999999,33136273.6,2074662090.096,28437094.2,1764521695.11,51,2007,20,62.351369145119264
2007-01-30,2007-01-29,Prod. Sold Negotiated,29262,62.08,199.7,62.08,5843621.4,362772016.512,7531616.56,456340647.3704,52,2007,21,61.24097876479202
2007-01-30,2007-01-29,Prod. Sold Swine or Pork Market Formula,126283,62.49,202.97,62.49,25631660.51,1601722465.2699,33136273.6,2074662090.096,52,2007,21,62.55766194681197
2007-01-31,2007-01-30,Prod. Sold Swine or Pork Market Formula,147182,63.04,201.98,63.04,29727820.36,1874041795.4944,25631660.51,1601722465.2699,53,2007,22,62.78534780567028
2007-01-31,2007-01-30,Prod. Sold Negotiated,34135,62.08,198.28,62.08,6768287.8,420175306.624,5843621.4,362772016.512,53,2007,22,62.08
2007-02-01,2007-01-31,Prod. Sold Negotiated,34148,62.87,197.38,62.87,6740132.24,423752113.9288,6768287.8,420175306.624,54,2007,23,62.474176702666405
2007-02-01,2007-01-31,Prod. Sold Swine or Pork Market Formula,146218,63.49,202.57,63.49,29619380.26,1880534452.7074,29727820.36,1874041795.4944,54,2007,23,63.26458887660673
2007-02-02,2007-02-01,Prod. Sold Negotiated,36507,63.15,198.09,63.15,7231671.63,456680063.4345,6740132.24,423752113.9288,55,2007,24,63.014925313527165
2007-02-02,2007-02-01,Prod. Sold Swine or Pork Market Formula,131709,64.17,203.06,64.17,26744829.54,1716215711.5818,29619380.26,1880534452.7074,55,2007,24,63.81266014465087
2007-02-05,2007-02-02,Prod. Sold Negotiated,35210,63.99,197.79,63.99,6964185.9,445638255.741,7231671.63,456680063.4345,61,2007,25,63.56208614158302
2007-02-05,2007-02-02,Prod. Sold Swine or Pork Market Formula,134138,64.49,203.56,64.49,27305131.28,1760907916.2472,26744829.54,1716215711.5818,61,2007,25,64.33165861874902
2007-02-06,2007-02-05,Prod. Sold Negotiated,33431,65.82,200.59,65.82,6705924.29,441383936.7678,6964185.9,445638255.741,62,2007,26,64.88771342587108
2007-02-06,2007-02-05,Prod. Sold Swine or Pork Market Formula,113519,65.44,201.22,65.44,22842293.18,1494799665.6992,27305131.28,1760907916.2472,62,2007,26,64.92272767753623
2007-02-07,2007-02-06,Prod. Sold Swine or Pork Market Formula,134261,65.84,202.7,65.84,27214704.7,1791816157.448,22842293.18,1494799665.6992,63,2007,27,65.657469731327
2007-02-07,2007-02-06,Prod. Sold Negotiated,28495,65.63,197.67,65.63,5632606.65,369667974.4394999,6705924.29,441383936.7678,63,2007,27,65.73326396402423
2007-02-08,2007-02-07,Prod. Sold Swine or Pork Market Formula,141394,66.24,201.61,66.24,28506444.340000004,1888266873.0816,27214704.7,1791816157.448,64,2007,28,66.04463644293864
2007-02-08,2007-02-07,Prod. Sold Negotiated,26499,66.19,198.08,66.19,5248921.92,347426141.8848,5632606.65,369667974.4394999,64,2007,28,65.9001271476972
2007-02-09,2007-02-08,Prod. Sold Swine or Pork Market Formula,141127,66.44,203.63,66.44,28737691.01,1909332190.7044,28506444.340000004,1888266873.0816,65,2007,29,66.34040396569638
2007-02-09,2007-02-08,Prod. Sold Negotiated,28755,66.61,197.38,66.61,5675661.9,378055839.159,5248921.92,347426141.8848,65,2007,29,66.40820309471522
2007-02-12,2007-02-09,Prod. Sold Swine or Pork Market Formula,142483,66.83,203.16,66.83,28946846.28,1934517736.8924,28737691.01,1909332190.7044,71,2007,30,66.63570704004168
2007-02-12,2007-02-09,Prod. Sold Negotiated,30099,66.65,196.29,66.65,5908132.71,393777045.1215,5675661.9,378055839.159,71,2007,30,66.63040137246529
2007-02-13,2007-02-12,Prod. Sold Negotiated,29015,66.93,198.57,66.93,5761508.55,385617767.2515,5908132.71,393777045.1215,72,2007,31,66.78824095857425
2007-02-13,2007-02-12,Prod. Sold Swine or Pork Market Formula,136863,67.05,203.05,67.05,27790032.15,1863321655.6575,28946846.28,1934517736.8924,72,2007,31,66.9377571985308
2007-02-14,2007-02-13,Prod. Sold Swine or Pork Market Formula,126873,67.19,202.44,67.19,25684170.12,1725719390.3628,27790032.15,1863321655.6575,73,2007,32,67.11724333723846
2007-02-14,2007-02-13,Prod. Sold Negotiated,24372,66.39,201.04,66.39,4899746.88,325294195.3632,5761508.55,385617767.2515,73,2007,32,66.68182441387206
2007-02-15,2007-02-14,Prod. Sold Negotiated,30575,67.01,196.41,67.01,6005235.75,402410847.6075,4899746.88,325294195.3632,74,2007,33,66.73142614356462
2007-02-15,2007-02-14,Prod. Sold Swine or Pork Market Formula,144218,67.11,203.38,67.11,29331056.84,1968407224.5324,25684170.12,1725719390.3628,74,2007,33,67.14734845284003
2007-02-16,2007-02-15,Prod. Sold Swine or Pork Market Formula,144073,67.38,202.73,67.38,29207919.29,1968029601.7602,29331056.84,1968407224.5324,75,2007,34,67.24471602562346
2007-02-16,2007-02-15,Prod. Sold Negotiated,32584,67.0,196.98,67.0,6418396.32,430032553.44,6005235.75,402410847.6075,75,2007,34,67.00483371989459
2007-02-19,2007-02-16,Prod. Sold Negotiated,34021,68.0,201.46,68.0,6853870.66,466063204.88,6418396.32,430032553.44,81,2007,35,67.51640542420733
2007-02-19,2007-02-16,Prod. Sold Swine or Pork Market Formula,153014,67.82,203.67,67.82,31164361.38,2113566988.7916,29207919.29,1968029601.7602,81,2007,35,67.60712938545676
2007-02-20,2007-02-19,Prod. Sold Negotiated,30535,67.73,203.67,67.73,6219063.449999999,421217167.4685,6853870.66,466063204.88,82,2007,36,67.871555450569
2007-02-20,2007-02-19,Prod. Sold Swine or Pork Market Formula,131592,67.97,202.78,67.97,26684225.76,1813726824.9072,31164361.38,2113566988.7916,82,2007,36,67.88919155785625
2007-02-21,2007-02-20,Prod. Sold Negotiated,31056,67.9,197.77,67.9,6141945.12,417038073.64800006,6219063.449999999,421217167.4685,83,2007,37,67.8144696987699
2007-02-21,2007-02-20,Prod. Sold Swine or Pork Market Formula,141549,68.08,202.03,68.08,28597144.47,1946893595.5176,26684225.76,1813726824.9072,83,2007,37,68.02690318236708
2007-02-22,2007-02-21,Prod. Sold Swine or Pork Market Formula,147653,67.65,202.39,67.65,29883490.67,2021618143.8255,28597144.47,1946893595.5176,84,2007,38,67.86027083739192
2007-02-22,2007-02-21,Prod. Sold Negotiated,25637,66.92,196.02,66.92,5025364.74,336297408.40080005,6141945.12,417038073.64800006,84,2007,38,67.45899339169945
2007-02-23,2007-02-22,Prod. Sold Negotiated,25697,65.75,196.68,65.75,5054085.96,332306151.87,5025364.74,336297408.40080005,85,2007,39,66.33333305264345
2007-02-23,2007-02-22,Prod. Sold Swine or Pork Market Formula,142316,66.91,202.97,66.91,28885878.52,1932754131.7732,29883490.67,2021618143.8255,85,2007,39,67.28628076327153
2007-02-26,2007-02-23,Prod. Sold Swine or Pork Market Formula,145616,66.36,203.8,66.36,29676540.8,1969335247.488,28885878.52,1932754131.7732,91,2007,40,66.63128717307917
2007-02-26,2007-02-23,Prod. Sold Negotiated,34667,64.57,198.94,64.57,6896652.98,445316882.9185999,5054085.96,332306151.87,91,2007,40,65.0690336968067
2007-02-27,2007-02-26,Prod. Sold Swine or Pork Market Formula,140106,65.79,203.21,65.79,28470940.26,1873103159.7054,29676540.8,1969335247.488,92,2007,41,66.08090904623273
2007-02-27,2007-02-26,Prod. Sold Negotiated,26963,64.03,198.01,64.03,5338943.63,341852560.6289,6896652.98,445316882.9185999,92,2007,41,64.3343736017054
2007-02-28,2007-02-27,Prod. Sold Swine or Pork Market Formula,148158,65.27,202.72,65.27,30034589.76,1960357673.6352,28470940.26,1873103159.7054,93,2007,42,65.52305110354763
2007-02-28,2007-02-27,Prod. Sold Negotiated,30899,63.99,197.35,63.99000000000001,6097917.65,390205750.4235,5338943.63,341852560.6289,93,2007,42,64.00867275819577
2007-03-01,2007-02-28,Prod. Sold Negotiated,29551,64.0,197.72,64.0,5842823.72,373940718.08,6097917.65,390205750.4235,94,2007,43,63.994893183378615
2007-03-01,2007-02-28,Prod. Sold Swine or Pork Market Formula,151471,65.23,203.15,65.23,30771333.65,2007214093.9895003,30034589.76,1960357673.6352,94,2007,43,65.24975767364471
2007-03-02,2007-03-01,Prod. Sold Swine or Pork Market Formula,125179,64.97,203.17,64.97,25432617.43,1652357154.4271,30771333.65,2007214093.9895003,95,2007,44,65.11234847542325
2007-03-02,2007-03-01,Prod. Sold Negotiated,27602,63.7,198.98,63.7,5492245.96,349856067.652,5842823.72,373940718.08,95,2007,44,63.854639288992885
2007-03-05,2007-03-02,Prod. Sold Swine or Pork Market Formula,105247,65.15,202.42,65.15,21304097.74,1387961967.761,25432617.43,1652357154.4271,101,2007,45,65.05204978846398
2007-03-05,2007-03-02,Prod. Sold Negotiated,27614,64.29,197.63,64.29,5457354.82,350853341.37780005,5492245.96,349856067.652,101,2007,45,63.99405997611175
2007-03-06,2007-03-05,Prod. Sold Swine or Pork Market Formula,128554,64.64,202.82,64.64,26073322.28,1685379552.1792,21304097.74,1387961967.761,102,2007,46,64.86933055119535
2007-03-06,2007-03-05,Prod. Sold Negotiated,27933,64.23,197.6,64.23,5519560.8,354521390.184,5457354.82,350853341.37780005,102,2007,46,64.25982999054884
2007-03-07,2007-03-06,Prod. Sold Negotiated,25899,63.62,198.29,63.62,5135512.71,326721318.6102,5519560.8,354521390.184,103,2007,47,63.93599332325957
2007-03-07,2007-03-06,Prod. Sold Swine or Pork Market Formula,151352,64.34,203.06,64.34,30733537.12,1977395778.3008,26073322.28,1685379552.1792,103,2007,47,64.47769458066537
2007-03-08,2007-03-07,Prod. Sold Swine or Pork Market Formula,143133,64.31,203.66,64.31,29150466.78,1874666518.6218,30733537.12,1977395778.3008,104,2007,48,64.325396534192
2007-03-08,2007-03-07,Prod. Sold Negotiated,26657,62.91,198.28,62.90999999999999,5285549.96,332513947.9836,5135512.71,326721318.6102,104,2007,48,63.259888887492885
2007-03-09,2007-03-08,Prod. Sold Negotiated,28992,62.42,198.95,62.42,5767958.4,360035963.32799995,5285549.96,332513947.9836,105,2007,49,62.65430746112902
2007-03-09,2007-03-08,Prod. Sold Swine or Pork Market Formula,152095,63.91,203.88,63.91,31009128.6,1981793408.826,29150466.78,1874666518.6218,105,2007,49,64.10382089653942
2007-03-12,2007-03-09,Prod. Sold Swine or Pork Market Formula,182434,63.37,203.85,63.36999999999999,37189170.9,2356677759.933,31009128.6,1981793408.826,111,2007,50,63.61553294681488
2007-03-12,2007-03-09,Prod. Sold Negotiated,35671,62.08,199.64,62.08,7121358.44,442093931.9552,5767958.4,360035963.32799995,111,2007,50,62.23214971284699
2007-03-13,2007-03-12,Prod. Sold Negotiated,31837,61.62,199.35,61.62,6346705.95,391084020.639,7121358.44,442093931.9552,112,2007,51,61.863229077879375
2007-03-13,2007-03-12,Prod. Sold Swine or Pork Market Formula,133655,62.85,202.81,62.85,27106570.55,1703647959.0675,37189170.9,2356677759.933,112,2007,51,63.150772157407005
2007-03-14,2007-03-13,Prod. Sold Swine or Pork Market Formula,154268,62.76,202.8,62.76,31285550.4,1963481143.104,27106570.55,1703647959.0675,113,2007,52,62.80177946116376
2007-03-14,2007-03-13,Prod. Sold Negotiated,29658,61.68,200.12,61.68000000000001,5935158.96,366080604.6528,6346705.95,391084020.639,113,2007,52,61.64899474470771
2007-03-15,2007-03-14,Prod. Sold Swine or Pork Market Formula,148849,62.86,203.71,62.85999999999999,30322029.790000003,1906042792.5994,31285550.4,1963481143.104,114,2007,53,62.809218017809634
2007-03-15,2007-03-14,Prod. Sold Negotiated,31230,62.18,199.65,62.18,6235069.5,387696621.51,5935158.96,366080604.6528,114,2007,53,61.93616074178446
2007-03-16,2007-03-15,Prod. Sold Swine or Pork Market Formula,147854,62.6,203.18,62.6,30040975.720000003,1880565080.0720005,30322029.790000003,1906042792.5994,115,2007,54,62.73060528843438
2007-03-16,2007-03-15,Prod. Sold Negotiated,30044,62.01,198.17,62.01,5953819.48,369196345.9548,6235069.5,387696621.51,115,2007,54,62.096961315074665
2007-03-19,2007-03-16,Prod. Sold Swine or Pork Market Formula,179054,62.27,204.4,62.27,36598637.6,2278997163.352,30040975.720000003,1880565080.0720005,121,2007,55,62.41876319794948
2007-03-19,2007-03-16,Prod. Sold Negotiated,39079,61.29,202.65,61.29,7919359.35,485377534.5615,5953819.48,369196345.9548,121,2007,55,61.59899551415931
2007-03-20,2007-03-19,Prod. Sold Swine or Pork Market Formula,140641,61.94,203.02,61.94,28552935.82,1768568844.6908,36598637.6,2278997163.352,122,2007,56,62.125376189307694
2007-03-20,2007-03-19,Prod. Sold Negotiated,31913,60.69,198.35,60.69,6329943.55,384164274.0495,7919359.35,485377534.5615,122,2007,56,61.02346302225072
2007-03-21,2007-03-20,Prod. Sold Negotiated,31935,60.93,197.37,60.93,6303010.95,384042457.1835,6329943.55,384164274.0495,123,2007,57,60.809744168159554
2007-03-21,2007-03-20,Prod. Sold Swine or Pork Market Formula,142436,61.67,201.95,61.67000000000001,28764950.2,1773934478.834,28552935.82,1768568844.6908,123,2007,57,61.8045006455526
2007-03-22,2007-03-21,Prod. Sold Negotiated,30138,60.65,198.72,60.650000000000006,5989023.36,363234266.784,6303010.95,384042457.1835,124,2007,58,60.79357615846908
2007-03-22,2007-03-21,Prod. Sold Swine or Pork Market Formula,166641,61.14,204.54,61.14,34084750.14,2083941623.5596,28764950.2,1773934478.834,124,2007,58,61.38256955122342
2007-03-23,2007-03-22,Prod. Sold Swine or Pork Market Formula,151760,60.67,202.78,60.67,30773892.8,1867052076.176,34084750.14,2083941623.5596,125,2007,59,60.916996110921104
2007-03-23,2007-03-22,Prod. Sold Negotiated,33690,59.9,198.28,59.9,6680053.2,400135186.68,5989023.36,363234266.784,125,2007,59,60.25454577125075
2007-03-26,2007-03-23,Prod. Sold Swine or Pork Market Formula,162687,60.26,203.57,60.26,33118192.59,1995702285.4734,30773892.8,1867052076.176,131,2007,60,60.45747823178698
2007-03-26,2007-03-23,Prod. Sold Negotiated,40132,59.48,201.46,59.48,8084992.72,480895366.9856,6680053.2,400135186.68,131,2007,60,59.670017854275656
2007-03-27,2007-03-26,Prod. Sold Swine or Pork Market Formula,150090,60.38,202.99,60.38,30466769.1,1839583518.258,33118192.59,1995702285.4734,132,2007,61,60.31749806549895
2007-03-27,2007-03-26,Prod. Sold Negotiated,34361,59.49,199.7,59.49,6861891.699999999,408213937.233,8084992.72,480895366.9856,132,2007,61,59.48459085084704
2007-03-28,2007-03-27,Prod. Sold Swine or Pork Market Formula,151748,60.59,202.39,60.59,30712277.72,1860856907.0548,30466769.1,1839583518.258,133,2007,62,60.485421360031594
2007-03-28,2007-03-27,Prod. Sold Negotiated,31743,60.12,198.55,60.12,6302572.65,378910667.718,6861891.699999999,408213937.233,133,2007,62,59.79161658415673
2007-03-29,2007-03-28,Prod. Sold Swine or Pork Market Formula,153853,60.73,202.55,60.73,31162925.15,1892524444.3595,30712277.72,1860856907.0548,134,2007,63,60.66050982168359
2007-03-29,2007-03-28,Prod. Sold Negotiated,31845,60.58,199.24,60.58,6344797.800000001,384367850.724,6302572.65,378910667.718,134,2007,63,60.35076788962088
2007-03-30,2007-03-29,Prod. Sold Swine or Pork Market Formula,145344,60.88,203.01,60.88,29506285.44,1796342657.5872,31162925.15,1892524444.3595,135,2007,64,60.802952042279074
2007-03-30,2007-03-29,Prod. Sold Negotiated,33999,60.5,199.55,60.5,6784500.45,410462277.225,6344797.800000001,384367850.724,135,2007,64,60.538660392530886
2007-04-02,2007-03-30,Prod. Sold Negotiated,42482,60.55,201.32,60.55,8552476.24,517852436.332,6784500.45,410462277.225,141,2007,65,60.52788188445762
2007-04-02,2007-03-30,Prod. Sold Swine or Pork Market Formula,164990,61.08,203.71,61.08,33610112.9,2052905695.932,29506285.44,1796342657.5872,141,2007,65,60.986501998795774
2007-04-03,2007-04-02,Prod. Sold Negotiated,36606,61.09,199.44,61.09,7300700.64,445999802.0976,8552476.24,517852436.332,142,2007,66,60.7986806509157
2007-04-03,2007-04-02,Prod. Sold Swine or Pork Market Formula,140218,61.43,203.13,61.43,28482482.34,1749678890.1462,33610112.9,2052905695.932,142,2007,66,61.24054843223203
2007-04-04,2007-04-03,Prod. Sold Swine or Pork Market Formula,150157,61.92,202.88,61.92,30463852.16,1886321725.7472,28482482.34,1749678890.1462,143,2007,67,61.68323521275781
2007-04-04,2007-04-03,Prod. Sold Negotiated,34533,61.73,199.34,61.72999999999999,6883808.22,424937481.4206,7300700.64,445999802.0976,143,2007,67,61.40059498106584
2007-04-05,2007-04-04,Prod. Sold Swine or Pork Market Formula,148641,62.14,203.09,62.14,30187500.69,1875851292.8766,30463852.16,1886321725.7472,144,2007,68,62.02949879664226
2007-04-05,2007-04-04,Prod. Sold Negotiated,25910,62.11,198.64,62.11,5146762.4,319665412.664,6883808.22,424937481.4206,144,2007,68,61.892566662361695
2007-04-06,2007-04-05,Prod. Sold Swine or Pork Market Formula,150676,62.39,203.41,62.39,30649005.16,1912191431.9324,30187500.69,1875851292.8766,145,2007,69,62.26594824740416
2007-04-06,2007-04-05,Prod. Sold Negotiated,26426,62.25,203.02,62.24999999999999,5365006.5200000005,333971655.87,5146762.4,319665412.664,145,2007,69,62.1814533318337
2007-04-09,2007-04-06,Prod. Sold Swine or Pork Market Formula,132074,62.69,202.92,62.69,26800456.08,1680120591.6551998,30649005.16,1912191431.9324,151,2007,70,62.52995147474772
2007-04-09,2007-04-06,Prod. Sold Negotiated,25444,62.52,202.56,62.52,5153936.64,322224118.7328,5365006.5200000005,333971655.87,151,2007,70,62.38229113149804
2007-04-10,2007-04-09,Prod. Sold Swine or Pork Market Formula,104186,63.1,203.75,63.1,21227897.5,1339480332.25,26800456.08,1680120591.6551998,152,2007,71,62.87121458110162
2007-04-10,2007-04-09,Prod. Sold Negotiated,25100,63.53,199.92,63.53,5017992.0,318793031.76,5153936.64,322224118.7328,152,2007,71,63.018250833187125
2007-04-11,2007-04-10,Prod. Sold Swine or Pork Market Formula,146270,63.7,202.41,63.70000000000001,29606510.7,1885934731.59,21227897.5,1339480332.25,153,2007,72,63.44944650776912
2007-04-11,2007-04-10,Prod. Sold Negotiated,29127,63.74,198.63,63.74,5785496.01,368767515.6774,5017992.0,318793031.76,153,2007,72,63.64245943541339
2007-04-12,2007-04-11,Prod. Sold Negotiated,28382,64.01,197.11,64.01,5594376.0200000005,358096009.04020005,5785496.01,368767515.6774,154,2007,73,63.87273273384956
2007-04-12,2007-04-11,Prod. Sold Swine or Pork Market Formula,147875,64.17,202.43,64.17,29934336.25,1920886357.1625,29606510.7,1885934731.59,154,2007,73,63.936293884924325
2007-04-13,2007-04-12,Prod. Sold Negotiated,33069,64.43,198.04,64.43,6548984.76,421951088.0868,5594376.0200000005,358096009.04020005,155,2007,74,64.23650843115279
2007-04-13,2007-04-12,Prod. Sold Swine or Pork Market Formula,151731,64.39,203.21,64.39,30833256.51,1985353386.6789,29934336.25,1920886357.1625,155,2007,74,64.28162720331856
2007-04-16,2007-04-13,Prod. Sold Swine or Pork Market Formula,185167,65.07,202.51,65.07,37498169.17,2440005867.8919,30833256.51,1985353386.6789,161,2007,75,64.76316293026012
2007-04-16,2007-04-13,Prod. Sold Negotiated,39336,65.27,199.16,65.27,7834157.76,511335476.9952,6548984.76,421951088.0868,161,2007,75,64.88752814513585
2007-04-17,2007-04-16,Prod. Sold Negotiated,29475,66.26,200.25,66.26,5902368.75,391090953.37500006,7834157.76,511335476.9952,162,2007,76,65.69538738292
2007-04-17,2007-04-16,Prod. Sold Swine or Pork Market Formula,123033,66.1,202.26,66.1,24884654.58,1644875667.7379997,37498169.17,2440005867.8919,162,2007,76,65.48086941367254
2007-04-18,2007-04-17,Prod. Sold Negotiated,34035,66.58,199.05,66.58,6774666.75,451057312.215,5902368.75,391090953.37500006,163,2007,77,66.43100948877205
2007-04-18,2007-04-17,Prod. Sold Swine or Pork Market Formula,142893,66.94,202.43,66.94,28925829.99,1936295059.5306,24884654.58,1644875667.7379997,163,2007,77,66.55154206258804
2007-04-19,2007-04-18,Prod. Sold Negotiated,32964,68.02,198.28,68.02,6536101.92,444585652.5984,6774666.75,451057312.215,164,2007,78,67.28709566052432
2007-04-19,2007-04-18,Prod. Sold Swine or Pork Market Formula,152041,67.65,202.84,67.65,30839996.44,2086325759.1660004,28925829.99,1936295059.5306,164,2007,78,67.30636986017495
2007-04-20,2007-04-19,Prod. Sold Negotiated,29820,68.52,195.47,68.52,5828915.4,399397283.208,6536101.92,444585652.5984,165,2007,79,68.2557018696032
2007-04-20,2007-04-19,Prod. Sold Swine or Pork Market Formula,143977,68.29,203.52,68.29,29302199.040000003,2001047172.4416003,30839996.44,2086325759.1660004,165,2007,79,67.9618178050523
2007-04-23,2007-04-20,Prod. Sold Negotiated,33482,68.98,199.08,68.98,6665596.5600000005,459792850.7088001,5828915.4,399397283.208,171,2007,80,68.76540169535362
2007-04-23,2007-04-20,Prod. Sold Swine or Pork Market Formula,145715,68.71,203.07,68.71,29590345.05,2033152608.3855,29302199.040000003,2001047172.4416003,171,2007,80,68.50102747577023
2007-04-24,2007-04-23,Prod. Sold Negotiated,33287,69.71,200.17,69.71,6663058.79,464481828.2509,6665596.5600000005,459792850.7088001,172,2007,81,69.34493050416373
2007-04-24,2007-04-23,Prod. Sold Swine or Pork Market Formula,138331,69.5,202.23,69.5,27974678.13,1944240130.035,29590345.05,2033152608.3855,172,2007,81,69.09391360763628
2007-04-25,2007-04-24,Prod. Sold Swine or Pork Market Formula,140460,70.04,201.45,70.04,28295667.0,1981828516.68,27974678.13,1944240130.035,173,2007,82,69.77154018950301
2007-04-25,2007-04-24,Prod. Sold Negotiated,30063,69.97,197.46,69.97,5936239.98,415358711.4006,6663058.79,464481828.2509,173,2007,82,69.83250065840768
2007-04-26,2007-04-25,Prod. Sold Swine or Pork Market Formula,147620,70.7,202.44,70.7,29884192.8,2112812430.96,28295667.0,1981828516.68,174,2007,83,70.37901022305317
2007-04-26,2007-04-25,Prod. Sold Negotiated,28432,70.54,197.58,70.54,5617594.5600000005,396265120.2624001,5936239.98,415358711.4006,174,2007,83,70.2471399303075
2007-04-27,2007-04-26,Prod. Sold Negotiated,30994,70.7,197.68,70.7,6126893.92,433171400.144,5617594.5600000005,396265120.2624001,175,2007,84,70.62346919739156
2007-04-27,2007-04-26,Prod. Sold Swine or Pork Market Formula,146907,70.94,202.8,70.94,29792739.6,2113496947.224,29884192.8,2112812430.96,175,2007,84,70.81981610341619
2007-04-30,2007-04-27,Prod. Sold Negotiated,33560,70.48,199.29,70.48,6688172.4,471382390.752,6126893.92,433171400.144,181,2007,85,70.58518218390304
2007-04-30,2007-04-27,Prod. Sold Swine or Pork Market Formula,143628,71.45,202.14,71.45,29032963.92,2074405272.084,29792739.6,2113496947.224,181,2007,85,71.19170649415464
2007-05-01,2007-04-30,Prod. Sold Swine or Pork Market Formula,128506,71.92,201.47,71.92,25890103.82,1862016266.7344,29032963.92,2074405272.084,182,2007,86,71.67155260614727
2007-05-01,2007-04-30,Prod. Sold Negotiated,30431,71.29,196.69,71.29,5985473.39,426704397.9731,6688172.4,471382390.752,182,2007,86,70.86254449636942
2007-05-02,2007-05-01,Prod. Sold Negotiated,32754,71.97,198.15,71.97,6490205.100000001,467100061.04700005,5985473.39,426704397.9731,183,2007,87,71.64375546680989
2007-05-02,2007-05-01,Prod. Sold Swine or Pork Market Formula,148654,72.75,201.73,72.75,29987971.42,2181624920.805,25890103.82,1862016266.7344,183,2007,87,72.36543438856289
2007-05-03,2007-05-02,Prod. Sold Swine or Pork Market Formula,140903,73.38,202.38,73.38,28515949.14,2092500347.8932,29987971.42,2181624920.805,184,2007,88,73.05707425735298
2007-05-03,2007-05-02,Prod. Sold Negotiated,26955,72.82,197.32,72.82,5318760.6,387312146.892,6490205.100000001,467100061.04700005,184,2007,88,72.35284017625693
2007-05-04,2007-05-03,Prod. Sold Swine or Pork Market Formula,138412,73.81,203.34,73.81,28144696.08,2077360017.6648,28515949.14,2092500347.8932,185,2007,89,73.593591272521
2007-05-04,2007-05-03,Prod. Sold Negotiated,31967,73.6,199.05,73.6,6363031.350000001,468319107.36,5318760.6,387312146.892,185,2007,89,73.2448632807572
2007-05-07,2007-05-04,Prod. Sold Swine or Pork Market Formula,134849,74.46,202.21,74.46,27267816.290000003,2030361600.9534,28144696.08,2077360017.6648,191,2007,90,74.12985701117742
2007-05-07,2007-05-04,Prod. Sold Negotiated,36667,73.57,200.6,73.57,7355400.2,541136792.714,6363031.350000001,468319107.36,191,2007,90,73.58391492458915
2007-05-08,2007-05-07,Prod. Sold Negotiated,31030,74.58,198.31,74.58,6153559.3,458932452.594,7355400.2,541136792.714,192,2007,91,74.03007206498768
2007-05-08,2007-05-07,Prod. Sold Swine or Pork Market Formula,112403,74.5,200.55,74.5,22542421.65,1679410412.9250002,27267816.290000003,2030361600.9534,192,2007,91,74.47810264120974
2007-05-09,2007-05-08,Prod. Sold Swine or Pork Market Formula,138944,74.74,202.05,74.74,28073635.200000003,2098223494.848,22542421.65,1679410412.9250002,193,2007,92,74.63311334124597
2007-05-09,2007-05-08,Prod. Sold Negotiated,27799,74.77,197.39,74.77,5487244.61,410281279.4897,6153559.3,458932452.594,193,2007,92,74.66956224019924
2007-05-10,2007-05-09,Prod. Sold Swine or Pork Market Formula,141924,74.43,201.36,74.43,28577816.64,2127046892.5152,28073635.200000003,2098223494.848,194,2007,93,74.58362054509352
2007-05-10,2007-05-09,Prod. Sold Negotiated,25498,73.98,196.28,73.98,5004747.44,370251215.6112,5487244.61,410281279.4897,194,2007,93,74.39316493772027
2007-05-11,2007-05-10,Prod. Sold Swine or Pork Market Formula,145685,74.0,202.08,74.00000000000001,29440024.8,2178561835.2000003,28577816.64,2127046892.5152,195,2007,94,74.21180486640318
2007-05-11,2007-05-10,Prod. Sold Negotiated,26810,73.54,197.21,73.54,5287200.100000001,388820695.3540001,5004747.44,370251215.6112,195,2007,94,73.75396231034422
2007-05-14,2007-05-11,Prod. Sold Swine or Pork Market Formula,151145,73.53,201.55,73.53,30463274.75,2239964592.3675,29440024.8,2178561835.2000003,201,2007,95,73.76098580144905
2007-05-14,2007-05-11,Prod. Sold Negotiated,26978,73.12,198.17,73.12,5346230.26,390916356.6112,5287200.100000001,388820695.3540001,201,2007,95,73.32883421123945
2007-05-15,2007-05-14,Prod. Sold Negotiated,25913,72.62,197.28,72.62,5112116.64,371241910.3968,5346230.26,390916356.6112,202,2007,96,72.87559633425433
2007-05-15,2007-05-14,Prod. Sold Swine or Pork Market Formula,127370,73.08,201.0,73.08,25601370.0,1870948119.6,30463274.75,2239964592.3675,202,2007,96,73.3245119147482
2007-05-16,2007-05-15,Prod. Sold Negotiated,22804,72.98,196.1,72.98,4471864.4,326356663.912,5112116.64,371241910.3968,203,2007,97,72.78797520542673
2007-05-16,2007-05-15,Prod. Sold Swine or Pork Market Formula,136050,73.2,201.77,73.2,27450808.5,2009399182.2,25601370.0,1870948119.6,203,2007,97,73.14209164473802
2007-05-17,2007-05-16,Prod. Sold Swine or Pork Market Formula,140540,73.17,202.01,73.17,28390485.4,2077331816.718,27450808.5,2009399182.2,204,2007,98,73.18474758547816
2007-05-17,2007-05-16,Prod. Sold Negotiated,29228,72.72,198.44,72.72,5800004.32,421776314.1504,4471864.4,326356663.912,204,2007,98,72.83319116079984
2007-05-18,2007-05-17,Prod. Sold Swine or Pork Market Formula,141362,73.63,202.32,73.63,28600359.84,2105844495.0192,28390485.4,2077331816.718,205,2007,99,73.40084699781161
2007-05-18,2007-05-17,Prod. Sold Negotiated,33582,73.37,197.51,73.37,6632780.82,486647128.7634,5800004.32,421776314.1504,205,2007,99,73.06676924634765
2007-05-21,2007-05-18,Prod. Sold Negotiated,36305,73.77,199.17,73.77,7230866.85,533421047.5245,6632780.82,486647128.7634,211,2007,100,73.57862811929785
2007-05-21,2007-05-18,Prod. Sold Swine or Pork Market Formula,154132,73.97,202.5,73.97,31211730.0,2308731668.1,28600359.84,2105844495.0192,211,2007,100,73.80742212700454
2007-05-22,2007-05-21,Prod. Sold Negotiated,28637,74.91,199.36,74.91,5709072.32,427666607.4912,7230866.85,533421047.5245,212,2007,101,74.27296545905632
2007-05-22,2007-05-21,Prod. Sold Swine or Pork Market Formula,135910,74.8,200.28,74.8,27220054.8,2036060099.04,31211730.0,2308731668.1,212,2007,101,74.35664992968003
2007-05-23,2007-05-22,Prod. Sold Negotiated,31715,75.31,197.34,75.31,6258638.100000001,471338035.3110001,5709072.32,427666607.4912,213,2007,102,75.11918414234157
2007-05-23,2007-05-22,Prod. Sold Swine or Pork Market Formula,141519,75.3,201.02,75.3,28448149.380000003,2142145648.314,27220054.8,2036060099.04,213,2007,102,75.05551524248936
2007-05-24,2007-05-23,Prod. Sold Negotiated,29601,75.87,195.58,75.87,5789363.58,439239014.81460005,6258638.100000001,471338035.3110001,214,2007,103,75.57909388717815
2007-05-24,2007-05-23,Prod. Sold Swine or Pork Market Formula,142731,75.78,200.97,75.78,28684649.07,2173722706.5246,28448149.380000003,2142145648.314,214,2007,103,75.5409934735763
2007-05-25,2007-05-24,Prod. Sold Negotiated,30887,75.57,195.13,75.57,6026980.31,455458902.0266999,5789363.58,439239014.81460005,215,2007,104,75.7169836262526
2007-05-25,2007-05-24,Prod. Sold Swine or Pork Market Formula,139099,75.8,201.35,75.8,28007583.65,2122974840.67,28684649.07,2173722706.5246,215,2007,104,75.78988057174898
2007-05-29,2007-05-25,Prod. Sold Negotiated,34926,75.65,197.69,75.65,6904520.94,522327009.111,6026980.31,455458902.0266999,222,2007,105,75.61271442770033
2007-05-29,2007-05-25,Prod. Sold Swine or Pork Market Formula,140483,75.78,200.7,75.78,28194938.1,2136612409.218,28007583.65,2122974840.67,222,2007,105,75.78996666440504
2007-05-30,2007-05-29,Prod. Sold Swine or Pork Market Formula,144479,75.63,201.29,75.63000000000001,29082177.91,2199485115.3333,28194938.1,2136612409.218,223,2007,106,75.70383822736923
2007-05-30,2007-05-29,Prod. Sold Negotiated,24831,74.92,196.47,74.92,4878546.57,365500709.02440006,6904520.94,522327009.111,223,2007,106,75.34775790615835
2007-05-31,2007-05-30,Prod. Sold Swine or Pork Market Formula,144820,75.33,201.4,75.33,29166748.0,2197131126.84,29082177.91,2199485115.3333,224,2007,107,75.47978221892846
2007-05-31,2007-05-30,Prod. Sold Negotiated,27958,74.48,196.58,74.48,5495983.640000001,409340861.50720006,4878546.57,365500709.02440006,224,2007,107,74.6869067656414
2007-06-01,2007-05-31,Prod. Sold Negotiated,28137,73.83,196.69,73.83,5534266.53,408594897.9099,5495983.640000001,409340861.50720006,225,2007,108,74.15387201658545
2007-06-01,2007-05-31,Prod. Sold Swine or Pork Market Formula,148421,74.84,202.13,74.84,30000336.73,2245225200.8732,29166748.0,2197131126.84,225,2007,108,75.08154826260609
2007-06-04,2007-06-01,Prod. Sold Swine or Pork Market Formula,184600,74.41,202.71,74.41,37420266.0,2784441993.06,30000336.73,2245225200.8732,231,2007,109,74.60133831902334
2007-06-04,2007-06-01,Prod. Sold Negotiated,35489,74.05,197.95,74.05,7025047.55,520204771.0775,5534266.53,408594897.9099,231,2007,109,73.95305691625795
2007-06-05,2007-06-04,Prod. Sold Negotiated,33107,73.48,197.63,73.48,6542936.41,480774967.4068,7025047.55,520204771.0775,232,2007,110,73.77512690428473
2007-06-05,2007-06-04,Prod. Sold Swine or Pork Market Formula,140157,73.98,201.07,73.98,28181367.99,2084857603.9002,37420266.0,2784441993.06,232,2007,110,74.22527917067512
2007-06-06,2007-06-05,Prod. Sold Negotiated,26849,73.19,197.26,73.19,5296233.739999999,387631347.4305999,6542936.41,480774967.4068,233,2007,111,73.35026896605589
2007-06-06,2007-06-05,Prod. Sold Swine or Pork Market Formula,143496,74.01,200.48,74.01,28768078.08,2129125458.7008,28181367.99,2084857603.9002,233,2007,111,73.99515453445042
2007-06-07,2007-06-06,Prod. Sold Negotiated,26763,72.87,195.71,72.87,5237786.73,381677519.01510006,5296233.739999999,387631347.4305999,234,2007,112,73.03088774477196
2007-06-07,2007-06-06,Prod. Sold Swine or Pork Market Formula,147187,73.83,200.73,73.83,29544846.51,2181296017.8333,28768078.08,2129125458.7008,234,2007,112,73.9188011378405
2007-06-08,2007-06-07,Prod. Sold Negotiated,29205,72.92,196.37,72.92,5734985.850000001,418195168.182,5237786.73,381677519.01510006,235,2007,113,72.896132801934
2007-06-08,2007-06-07,Prod. Sold Swine or Pork Market Formula,143309,73.13,201.32,73.13,28850967.88,2109871281.0644,29544846.51,2181296017.8333,235,2007,113,73.48415881725491
2007-06-11,2007-06-08,Prod. Sold Negotiated,26542,72.5,200.91,72.5,5332553.22,386610108.45,5734985.850000001,418195168.182,241,2007,114,72.71763592084613
2007-06-11,2007-06-08,Prod. Sold Swine or Pork Market Formula,136189,72.82,201.02,72.82,27376712.78,1993572224.6396,28850967.88,2109871281.0644,241,2007,114,72.97906400438035
2007-06-12,2007-06-11,Prod. Sold Swine or Pork Market Formula,133896,72.25,200.05,72.25,26785894.8,1935280899.3,27376712.78,1993572224.6396,242,2007,115,72.53810884449295
2007-06-12,2007-06-11,Prod. Sold Negotiated,25691,71.84,197.55,71.84,5075257.050000001,364606466.47200006,5332553.22,386610108.45,242,2007,115,72.17815807877906
2007-06-13,2007-06-12,Prod. Sold Negotiated,22649,72.18,197.05,72.18,4462985.45,322138289.781,5075257.050000001,364606466.47200006,243,2007,116,71.99908748944054
2007-06-13,2007-06-12,Prod. Sold Swine or Pork Market Formula,141427,72.22,199.28,72.22,28183572.56,2035417610.2832,26785894.8,1935280899.3,243,2007,116,72.23461860342827
2007-06-14,2007-06-13,Prod. Sold Swine or Pork Market Formula,142146,72.51,199.5,72.51,28358127.0,2056247788.77,28183572.56,2035417610.2832,244,2007,117,72.36544764119219
2007-06-14,2007-06-13,Prod. Sold Negotiated,30895,72.92,196.18,72.92,6060981.100000001,441966741.812,4462985.45,322138289.781,244,2007,117,72.60618208568897
2007-06-15,2007-06-14,Prod. Sold Swine or Pork Market Formula,137688,73.01,199.98,73.01,27534846.24,2010319123.9824,28358127.0,2056247788.77,245,2007,118,72.7563176016936
2007-06-15,2007-06-14,Prod. Sold Negotiated,25612,73.05,196.26,73.05,5026611.12,367193942.316,6060981.100000001,441966741.812,245,2007,118,72.97893610015899
2007-06-18,2007-06-15,Prod. Sold Swine or Pork Market Formula,143218,73.63,199.95,73.63,28636439.1,2108501010.933,27534846.24,2010319123.9824,251,2007,119,73.32607950814251
2007-06-18,2007-06-15,Prod. Sold Negotiated,29936,72.59,196.1,72.59,5870449.6,426135936.464,5026611.12,367193942.316,251,2007,119,72.80218943113313
2007-06-19,2007-06-18,Prod. Sold Swine or Pork Market Formula,141642,74.62,199.23,74.62,28219335.66,2105726826.9492,28636439.1,2108501010.933,252,2007,120,74.12136859749651
2007-06-19,2007-06-18,Prod. Sold Negotiated,29416,74.83,195.33,74.83,5745827.28,429960255.3624,5870449.6,426135936.464,252,2007,120,73.69798436023505
2007-06-20,2007-06-19,Prod. Sold Swine or Pork Market Formula,145034,75.89,199.7,75.89,28963289.8,2198024062.922,28219335.66,2105726826.9492,253,2007,121,75.26326144086777
2007-06-20,2007-06-19,Prod. Sold Negotiated,29174,76.19,196.86,76.19,5743193.640000001,437573923.4316,5745827.28,429960255.3624,253,2007,121,75.50984412290546
2007-06-21,2007-06-20,Prod. Sold Negotiated,31350,76.81,194.92,76.81,6110742.0,469366093.02,5743193.640000001,437573923.4316,254,2007,122,76.50961199681356
2007-06-21,2007-06-20,Prod. Sold Swine or Pork Market Formula,144815,76.67,198.75,76.67,28781981.25,2206714502.4375,28963289.8,2198024062.922,254,2007,122,76.27877547835149
2007-06-22,2007-06-21,Prod. Sold Swine or Pork Market Formula,140374,77.46,200.11,77.46,28090241.14,2175870078.7044,28781981.25,2206714502.4375,255,2007,123,77.060195592295
2007-06-22,2007-06-21,Prod. Sold Negotiated,35261,77.95,194.86,77.95,6870958.460000001,535591211.9570001,6110742.0,469366093.02,255,2007,123,77.41337955482298
2007-06-25,2007-06-22,Prod. Sold Swine or Pork Market Formula,147028,77.96,200.23,77.96,29439416.44,2295096905.6624,28090241.14,2175870078.7044,261,2007,124,77.71586295554654
2007-06-25,2007-06-22,Prod. Sold Negotiated,34166,77.85,195.07,77.85,6664761.62,518851692.117,6870958.460000001,535591211.9570001,261,2007,124,77.90076167665549
2007-06-26,2007-06-25,Prod. Sold Swine or Pork Market Formula,129982,78.51,197.63,78.51,25688342.66,2016791782.2366,29439416.44,2295096905.6624,262,2007,125,78.21628809684377
2007-06-26,2007-06-25,Prod. Sold Negotiated,36126,78.89,197.34,78.89,7129104.84,562415080.8276,6664761.62,518851692.117,262,2007,125,78.38750477105894
2007-06-27,2007-06-26,Prod. Sold Swine or Pork Market Formula,138599,78.39,198.01,78.39,27443987.99,2151334218.5361,25688342.66,2016791782.2366,263,2007,126,78.44801742708232
2007-06-27,2007-06-26,Prod. Sold Negotiated,28988,78.41,193.88,78.41,5620193.44,440679367.6304,7129104.84,562415080.8276,263,2007,126,78.6784046014178
2007-06-28,2007-06-27,Prod. Sold Negotiated,29750,78.35,192.8,78.35,5735800.0,449399930.0,5620193.44,440679367.6304,264,2007,127,78.37969459327196
2007-06-28,2007-06-27,Prod. Sold Swine or Pork Market Formula,141891,77.96,198.27,77.96,28132728.57,2193227519.3172,27443987.99,2151334218.5361,264,2007,127,78.1723355888245
2007-06-29,2007-06-28,Prod. Sold Negotiated,28736,76.23,193.62,76.23,5563864.32,424133377.1136,5735800.0,449399930.0,265,2007,128,77.3061289588468
2007-06-29,2007-06-28,Prod. Sold Swine or Pork Market Formula,144262,76.5,199.61,76.5,28796137.82,2202904543.23,28132728.57,2193227519.3172,265,2007,128,77.22149308982928
2007-07-02,2007-06-29,Prod. Sold Negotiated,36286,75.59,194.83,75.59,7069601.380000001,534391168.3142001,5563864.32,424133377.1136,271,2007,129,75.87186035798554
2007-07-02,2007-06-29,Prod. Sold Swine or Pork Market Formula,149707,75.58,199.63,75.58,29886008.41,2258784515.6278,28796137.82,2202904543.23,271,2007,129,76.03145667799136
2007-07-03,2007-07-02,Prod. Sold Swine or Pork Market Formula,141535,74.41,198.36,74.41,28074882.6,2089052014.266,29886008.41,2258784515.6278,272,2007,130,75.0132797155183
2007-07-03,2007-07-02,Prod. Sold Negotiated,23737,73.98,191.46,73.98,4544686.0200000005,336215871.75960004,7069601.380000001,534391168.3142001,272,2007,130,74.96000487070778
2007-07-05,2007-07-03,Prod. Sold Swine or Pork Market Formula,139386,73.65,198.28,73.65,27637456.08,2035498640.2920003,28074882.6,2089052014.266,274,2007,131,74.03298357745409
2007-07-05,2007-07-03,Prod. Sold Negotiated,24460,72.37,191.65,72.37,4687759.0,339253118.83000004,4544686.0200000005,336215871.75960004,274,2007,131,73.16252510860879
2007-07-06,2007-07-05,Prod. Sold Swine or Pork Market Formula,135409,73.1,198.18,73.1,26835355.62,1961664495.822,27637456.08,2035498640.2920003,275,2007,132,73.3790493159728
2007-07-06,2007-07-05,Prod. Sold Negotiated,25282,71.88,192.86,71.88,4875886.5200000005,350478723.0576,4687759.0,339253118.83000004,275,2007,132,72.1201805781275
2007-07-09,2007-07-06,Prod. Sold Negotiated,24534,71.2,194.42,71.2,4769900.279999999,339616899.936,4875886.5200000005,350478723.0576,281,2007,133,71.54373586129853
2007-07-09,2007-07-06,Prod. Sold Swine or Pork Market Formula,156023,72.32,198.14,72.32,30914397.22,2235729206.9504,26835355.62,1961664495.822,281,2007,133,72.68245310766251
2007-07-10,2007-07-09,Prod. Sold Swine or Pork Market Formula,135259,72.01,197.61,72.01,26728530.99,1924721516.5899005,30914397.22,2235729206.9504,282,2007,134,72.17625566111573
2007-07-10,2007-07-09,Prod. Sold Negotiated,24027,70.29,193.0,70.29,4637211.0,325949561.19000006,4769900.279999999,339616899.936,282,2007,134,70.75141787054528
2007-07-11,2007-07-10,Prod. Sold Negotiated,27375,69.78,193.74,69.78,5303632.5,370087475.85,4637211.0,325949561.19000006,283,2007,135,70.01790512444946
2007-07-11,2007-07-10,Prod. Sold Swine or Pork Market Formula,137911,71.32,198.11,71.32,27321548.21,1948572818.3372,26728530.99,1924721516.5899005,283,2007,135,71.66121478924863
2007-07-12,2007-07-11,Prod. Sold Swine or Pork Market Formula,144167,70.76,198.53,70.76,28621474.51,2025255536.3276,27321548.21,1948572818.3372,284,2007,136,71.03349374870533
2007-07-12,2007-07-11,Prod. Sold Negotiated,26631,69.52,191.68,69.52,5104630.08,354873883.1616,5303632.5,370087475.85,284,2007,136,69.65248555552871
2007-07-13,2007-07-12,Prod. Sold Swine or Pork Market Formula,148602,69.84,199.37,69.84,29626780.74,2069134366.8816,28621474.51,2025255536.3276,285,2007,137,70.29206086321702
2007-07-13,2007-07-12,Prod. Sold Negotiated,28142,68.6,191.88,68.6,5399886.96,370432245.456,5104630.08,354873883.1616,285,2007,137,69.04707049888322
2007-07-16,2007-07-13,Prod. Sold Negotiated,31245,68.25,192.83,68.25,6024973.350000001,411204431.1375001,5399886.96,370432245.456,291,2007,138,68.41542525551456
2007-07-16,2007-07-13,Prod. Sold Swine or Pork Market Formula,147045,69.46,199.0,69.46,29261955.0,2032535394.3,29626780.74,2069134366.8816,291,2007,138,69.6511770823355
2007-07-17,2007-07-16,Prod. Sold Negotiated,26590,68.52,194.52,68.52,5172286.8,354405091.53599995,6024973.350000001,411204431.1375001,292,2007,139,68.37471956686655
2007-07-17,2007-07-16,Prod. Sold Swine or Pork Market Formula,129955,69.28,198.03,69.28,25734988.65,1782920013.672,29261955.0,2032535394.3,292,2007,139,69.3757717202163
2007-07-18,2007-07-17,Prod. Sold Negotiated,27645,68.36,193.66,68.36,5353730.7,365981030.652,5172286.8,354405091.53599995,293,2007,140,68.43862098728222
2007-07-18,2007-07-17,Prod. Sold Swine or Pork Market Formula,131112,69.23,197.9,69.23,25947064.8,1796315296.104,25734988.65,1782920013.672,293,2007,140,69.25489741305934
2007-07-19,2007-07-18,Prod. Sold Swine or Pork Market Formula,154222,69.48,197.65,69.48,30481978.3,2117887852.284,25947064.8,1796315296.104,294,2007,141,69.36504561049344
2007-07-19,2007-07-18,Prod. Sold Negotiated,32052,68.92,193.67,68.92,6207510.84,427821647.0928,5353730.7,365981030.652,294,2007,141,68.66067757501416
2007-07-20,2007-07-19,Prod. Sold Negotiated,31308,68.57,192.65,68.57,6031486.2,413579008.734,6207510.84,427821647.0928,295,2007,142,68.74751689839448
2007-07-20,2007-07-19,Prod. Sold Swine or Pork Market Formula,149743,69.72,198.32,69.72,29697031.76,2070477054.3072,30481978.3,2117887852.284,295,2007,142,69.59843477676509
2007-07-23,2007-07-20,Prod. Sold Negotiated,36174,69.97,195.07,69.97,7056462.18,493740658.7346,6031486.2,413579008.734,301,2007,143,69.32482014179521
2007-07-23,2007-07-20,Prod. Sold Swine or Pork Market Formula,147398,70.21,198.81,70.21,29304196.38,2057447627.8398,29697031.76,2070477054.3072,301,2007,143,69.96336876839457
2007-07-24,2007-07-23,Prod. Sold Swine or Pork Market Formula,133568,71.46,197.23,71.46,26343616.64,1882514845.0944,29304196.38,2057447627.8398,302,2007,144,70.80174869618263
2007-07-24,2007-07-23,Prod. Sold Negotiated,32004,70.45,193.28,70.45,6185733.12,435784898.304,7056462.18,493740658.7346,302,2007,144,70.19421900827878
2007-07-25,2007-07-24,Prod. Sold Swine or Pork Market Formula,144229,72.49,196.64,72.49,28361190.56,2055902703.6944,26343616.64,1882514845.0944,303,2007,145,71.9939937707851
2007-07-25,2007-07-24,Prod. Sold Negotiated,30688,71.19,193.63,71.19,5942117.44,423019340.5536,6185733.12,435784898.304,303,2007,145,70.81256770182367
2007-07-26,2007-07-25,Prod. Sold Negotiated,31009,72.31,193.51,72.31,6000551.59,433899885.4729,5942117.44,423019340.5536,304,2007,146,71.75274001765584
2007-07-26,2007-07-25,Prod. Sold Swine or Pork Market Formula,141952,73.62,197.78,73.62,28075266.56,2066901124.1472,28361190.56,2055902703.6944,304,2007,146,73.05213754072733
2007-07-27,2007-07-26,Prod. Sold Swine or Pork Market Formula,147495,73.52,198.19,73.52,29232034.05,2149139143.356,28075266.56,2066901124.1472,305,2007,147,73.56899073287549
2007-07-27,2007-07-26,Prod. Sold Negotiated,29074,72.33,193.8,72.33,5634541.2,407546364.996,6000551.59,433899885.4729,305,2007,147,72.31968542546534
2007-07-30,2007-07-27,Prod. Sold Swine or Pork Market Formula,141724,73.54,197.88,73.54,28044345.12,2062381140.1248,29232034.05,2149139143.356,311,2007,148,73.52979263896441
2007-07-30,2007-07-27,Prod. Sold Negotiated,35807,72.6,193.22,72.6,6918628.54,502292432.004,5634541.2,407546364.996,311,2007,148,72.4788094038789
2007-07-31,2007-07-30,Prod. Sold Negotiated,31416,72.44,194.26,72.44,6102872.16,442092059.2704,6918628.54,502292432.004,312,2007,149,72.52501175032768
2007-07-31,2007-07-30,Prod. Sold Swine or Pork Market Formula,134064,74.0,197.22,74.0,26440102.08,1956567553.92,28044345.12,2062381140.1248,312,2007,149,73.76322786743441
2007-08-01,2007-07-31,Prod. Sold Swine or Pork Market Formula,143148,73.62,196.74,73.62,28162937.52,2073355460.2224,26440102.08,1956567553.92,313,2007,150,73.8040051188359
2007-08-01,2007-07-31,Prod. Sold Negotiated,27462,72.02,192.01,72.02,5272978.62,379759920.2124,6102872.16,442092059.2704,313,2007,150,72.24531996566853
2007-08-02,2007-08-01,Prod. Sold Swine or Pork Market Formula,145208,73.39,197.26,73.39,28643730.08,2102163350.5712,28162937.52,2073355460.2224,314,2007,151,73.50402667861475
2007-08-02,2007-08-01,Prod. Sold Negotiated,26244,71.67,191.62,71.67,5028875.28,360419491.3176,5272978.62,379759920.2124,314,2007,151,71.84914664048962
2007-08-03,2007-08-02,Prod. Sold Negotiated,28212,71.78,191.86,71.78,5412754.32,388527505.0896,5028875.28,360419491.3176,315,2007,152,71.72702203564087
2007-08-03,2007-08-02,Prod. Sold Swine or Pork Market Formula,142119,73.09,197.73,73.09,28101189.87,2053915967.5983,28643730.08,2102163350.5712,315,2007,152,73.24143415536707
2007-08-06,2007-08-03,Prod. Sold Negotiated,33798,72.14,193.15,72.14,6528083.7,470935958.118,5412754.32,388527505.0896,321,2007,153,71.97681283072963
2007-08-06,2007-08-03,Prod. Sold Swine or Pork Market Formula,145248,73.25,197.27,73.25,28653072.96,2098837594.32,28101189.87,2053915967.5983,321,2007,153,73.17077792653802
2007-08-07,2007-08-06,Prod. Sold Swine or Pork Market Formula,112381,74.22,196.87,74.22,22124447.47,1642076491.2234,28653072.96,2098837594.32,322,2007,154,73.67264202474173
2007-08-07,2007-08-06,Prod. Sold Negotiated,27163,73.15,194.06,73.15,5271251.78,385592067.7070001,6528083.7,470935958.118,322,2007,154,72.5912088250075
2007-08-08,2007-08-07,Prod. Sold Negotiated,29160,73.78,192.93,73.78,5625838.8,415074386.664,5271251.78,385592067.7070001,323,2007,155,73.47524997548473
2007-08-08,2007-08-07,Prod. Sold Swine or Pork Market Formula,137068,75.08,196.5,75.08,26933862.0,2022194358.96,22124447.47,1642076491.2234,323,2007,155,74.69215490240578
2007-08-09,2007-08-08,Prod. Sold Negotiated,25692,74.85,191.5,74.85,4920018.0,368263347.3,5625838.8,415074386.664,324,2007,156,74.27919312957103
2007-08-09,2007-08-08,Prod. Sold Swine or Pork Market Formula,138983,75.54,196.61,75.54,27325447.630000003,2064164313.9702003,26933862.0,2022194358.96,324,2007,156,75.31165989385995
2007-08-10,2007-08-09,Prod. Sold Swine or Pork Market Formula,139963,75.21,197.59,75.21,27655289.17,2079954298.4757,27325447.630000003,2064164313.9702003,325,2007,157,75.37401012868747
2007-08-10,2007-08-09,Prod. Sold Negotiated,29752,75.24,192.31,75.24,5721607.12,430493719.7088,4920018.0,368263347.3,325,2007,157,75.0596885345647
2007-08-13,2007-08-10,Prod. Sold Swine or Pork Market Formula,174438,74.67,197.3,74.67,34416617.4,2569888821.258,27655289.17,2079954298.4757,331,2007,158,74.91058961577019
2007-08-13,2007-08-10,Prod. Sold Negotiated,53432,75.62,194.17,75.62,10374891.44,784549290.6928,5721607.12,430493719.7088,331,2007,158,75.48492648090541
2007-08-14,2007-08-13,Prod. Sold Swine or Pork Market Formula,113313,74.06,196.12,74.06,22222945.56,1645831348.1736,34416617.4,2569888821.258,332,2007,159,74.43066205169744
2007-08-14,2007-08-13,Prod. Sold Negotiated,27235,73.55,191.89,73.55,5226124.15,384381431.2325,10374891.44,784549290.6928,332,2007,159,74.92657866931212
2007-08-15,2007-08-14,Prod. Sold Swine or Pork Market Formula,131993,73.92,195.94,73.92,25862708.42,1911771406.4064,22222945.56,1645831348.1736,333,2007,160,73.9847014675041
2007-08-15,2007-08-14,Prod. Sold Negotiated,27854,72.7,192.14,72.7,5351867.56,389080771.612,5226124.15,384381431.2325,333,2007,160,73.11994791159654
2007-08-16,2007-08-15,Prod. Sold Swine or Pork Market Formula,136129,72.79,197.56,72.79,26893645.24,1957588437.0196004,25862708.42,1911771406.4064,334,2007,161,73.3439590681901
2007-08-16,2007-08-15,Prod. Sold Negotiated,26230,71.22,190.44,71.22,4995241.2,355761078.264,5351867.56,389080771.612,334,2007,161,71.98550504807876
2007-08-17,2007-08-16,Prod. Sold Swine or Pork Market Formula,142992,72.01,197.86,72.01,28292397.12,2037335516.6112003,26893645.24,1957588437.0196004,335,2007,162,72.39011501441541
2007-08-17,2007-08-16,Prod. Sold Negotiated,26836,70.72,192.96,70.72,5178274.5600000005,366207576.8832001,4995241.2,355761078.264,335,2007,162,70.96550220974936
2007-08-20,2007-08-17,Prod. Sold Swine or Pork Market Formula,142843,71.19,197.65,71.19,28232918.95,2009901500.0505,28292397.12,2037335516.6112003,341,2007,163,71.60043141819268
2007-08-20,2007-08-17,Prod. Sold Negotiated,38370,70.54,192.13,70.54,7372028.1,520022862.174,5178274.5600000005,366207576.8832001,341,2007,163,70.61426828229177
2007-08-21,2007-08-20,Prod. Sold Swine or Pork Market Formula,131607,70.38,196.08,70.38,25805500.56,1816191129.4128,28232918.95,2009901500.0505,342,2007,164,70.80319269432496
2007-08-21,2007-08-20,Prod. Sold Negotiated,32803,69.4,194.3,69.4,6373622.9,442329429.2600001,7372028.1,520022862.174,342,2007,164,70.0114015286726
2007-08-22,2007-08-21,Prod. Sold Swine or Pork Market Formula,145190,69.96,197.3,69.96,28645987.0,2004073250.52,25805500.56,1816191129.4128,343,2007,165,70.1590452551596
2007-08-22,2007-08-21,Prod. Sold Negotiated,33395,69.15,191.39,69.15,6391469.05,441970084.8075,6373622.9,442329429.2600001,343,2007,165,69.2748252446
2007-08-23,2007-08-22,Prod. Sold Swine or Pork Market Formula,129780,69.73,196.73,69.73,25531619.4,1780319820.762,28645987.0,2004073250.52,344,2007,166,69.8516107068547
2007-08-23,2007-08-22,Prod. Sold Negotiated,32195,68.36,191.65,68.36,6170171.75,421792940.83,6391469.05,441970084.8075,344,2007,166,68.76195867959383
2007-08-24,2007-08-23,Prod. Sold Swine or Pork Market Formula,146007,69.67,196.0,69.67,28617372.0,1993772307.24,25531619.4,1780319820.762,345,2007,167,69.69829040992997
2007-08-24,2007-08-23,Prod. Sold Negotiated,30184,68.02,190.5,68.02,5750052.0,391118537.04,6170171.75,421792940.83,345,2007,167,68.19599152826304
2007-08-27,2007-08-24,Prod. Sold Swine or Pork Market Formula,164843,68.9,197.74,68.9,32596054.82,2245868177.098,28617372.0,1993772307.24,351,2007,168,69.25997619451687
2007-08-27,2007-08-24,Prod. Sold Negotiated,42503,67.74,192.63,67.74,8187352.89,554611284.7686,5750052.0,391118537.04,351,2007,168,67.8555175280267
2007-08-28,2007-08-27,Prod. Sold Swine or Pork Market Formula,135258,68.29,197.85,68.29,26760795.3,1827494711.037,32596054.82,2245868177.098,352,2007,169,68.6249839723638
2007-08-28,2007-08-27,Prod. Sold Negotiated,36132,67.62,193.32,67.62,6985038.239999999,472328285.7888,8187352.89,554611284.7686,352,2007,169,67.68475461503608
2007-08-29,2007-08-28,Prod. Sold Swine or Pork Market Formula,136684,67.24,196.34,67.24,26836536.56,1804488718.2944,26760795.3,1827494711.037,353,2007,170,67.76425809438418
2007-08-29,2007-08-28,Prod. Sold Negotiated,33055,66.43,191.09,66.43,6316479.95,419603763.0785,6985038.239999999,472328285.7888,353,2007,170,67.05490577292517
2007-08-30,2007-08-29,Prod. Sold Swine or Pork Market Formula,136860,66.58,197.05,66.58,26968263.0,1795546950.54,26836536.56,1804488718.2944,354,2007,171,66.9091920846178
2007-08-30,2007-08-29,Prod. Sold Negotiated,32178,65.73,192.73,65.73,6201665.94,407635502.2362,6316479.95,419603763.0785,354,2007,171,66.0832101322235
2007-08-31,2007-08-30,Prod. Sold Swine or Pork Market Formula,139669,66.06,196.93,66.06,27505016.17,1816981368.1902,26968263.0,1795546950.54,355,2007,172,66.31743808659353
2007-08-31,2007-08-30,Prod. Sold Negotiated,31807,64.52,192.18,64.52,6112669.26,394389420.6552,6201665.94,407635502.2362,355,2007,172,65.12937238312304
2007-09-04,2007-08-31,Prod. Sold Swine or Pork Market Formula,149017,65.62,198.2,65.62,29535169.4,1938097816.028,27505016.17,1816981368.1902,362,2007,173,65.83216984120692
2007-09-04,2007-08-31,Prod. Sold Negotiated,47235,64.34,193.8,64.34,9154143.0,588977560.62,6112669.26,394389420.6552,362,2007,173,64.41207008562506
2007-09-05,2007-09-04,Prod. Sold Swine or Pork Market Formula,130092,64.99,197.17,64.99,25650239.64,1667009074.2035997,29535169.4,1938097816.028,363,2007,174,65.32717529770439
2007-09-05,2007-09-04,Prod. Sold Negotiated,33315,63.59,193.49,63.59,6446119.350000001,409908729.4665,9154143.0,588977560.62,363,2007,174,64.03009562762257
2007-09-06,2007-09-05,Prod. Sold Swine or Pork Market Formula,120726,64.42,198.14,64.42,23920649.64,1540968249.8087995,25650239.64,1667009074.2035997,364,2007,175,64.7149440045793
2007-09-06,2007-09-05,Prod. Sold Negotiated,21948,62.85,191.07,62.85,4193604.36,263568034.026,6446119.350000001,409908729.4665,364,2007,175,63.29833197261661
2007-09-07,2007-09-06,Prod. Sold Swine or Pork Market Formula,143441,64.18,198.81,64.18,28517505.21,1830253484.3778,23920649.64,1540968249.8087995,365,2007,176,64.2894805095645
2007-09-07,2007-09-06,Prod. Sold Negotiated,28552,62.56,193.31,62.56,5519387.12,345292858.22720003,4193604.36,263568034.026,365,2007,176,62.6852081057524
2007-09-10,2007-09-07,Prod. Sold Swine or Pork Market Formula,236206,64.28,199.48,64.28,47118372.88,3028769008.7264,28517505.21,1830253484.3778,371,2007,177,64.2422963255929
2007-09-10,2007-09-07,Prod. Sold Negotiated,62162,62.9,195.26,62.9,12137752.12,763464608.3479998,5519387.12,345292858.22720003,371,2007,177,62.79372051750328
2007-09-11,2007-09-10,Prod. Sold Swine or Pork Market Formula,118269,64.11,199.21,64.11,23560367.49,1510455159.7839,47118372.88,3028769008.7264,372,2007,178,64.2233314395201
2007-09-11,2007-09-10,Prod. Sold Negotiated,30245,63.02,196.11,63.02,5931346.95,373793484.789,12137752.12,763464608.3479998,372,2007,178,62.939391096990654
2007-09-12,2007-09-11,Prod. Sold Swine or Pork Market Formula,141305,64.07,198.41,64.07,28036325.05,1796287345.9534998,23560367.49,1510455159.7839,373,2007,179,64.08826502151992
2007-09-12,2007-09-11,Prod. Sold Negotiated,36083,62.84,195.17,62.84,7042319.11,442539332.8724,5931346.95,373793484.789,373,2007,179,62.92229304238776
2007-09-13,2007-09-12,Prod. Sold Negotiated,31785,63.09,196.04,63.09,6231131.4,393122080.026,7042319.11,442539332.8724,374,2007,180,62.95736080598082
2007-09-13,2007-09-12,Prod. Sold Swine or Pork Market Formula,129293,64.25,198.99,64.25,25728014.07,1653024903.9975,28036325.05,1796287345.9534998,374,2007,180,64.15613595197856
2007-09-14,2007-09-13,Prod. Sold Swine or Pork Market Formula,128555,64.08,198.56,64.08,25525880.8,1635698441.664,25728014.07,1653024903.9975,375,2007,181,64.16533521994754
2007-09-14,2007-09-13,Prod. Sold Negotiated,38999,63.22,194.07,63.22,7568535.93,478482841.4946,6231131.4,393122080.026,375,2007,181,63.16129952102259
2007-09-17,2007-09-14,Prod. Sold Negotiated,60630,63.19,198.75,63.19,12050212.5,761452927.875,7568535.93,478482841.4946,381,2007,182,63.20157342318294
2007-09-17,2007-09-14,Prod. Sold Swine or Pork Market Formula,183269,64.22,200.68,64.22,36778422.92,2361910319.9224,25525880.8,1635698441.664,381,2007,182,64.16264243240627
2007-09-18,2007-09-17,Prod. Sold Negotiated,37853,63.99,196.92,63.99,7454012.76,476982276.5124,12050212.5,761452927.875,382,2007,183,63.49573940407824
2007-09-18,2007-09-17,Prod. Sold Swine or Pork Market Formula,132076,64.24,198.88,64.24,26267274.88,1687409738.2911997,36778422.92,2361910319.9224,382,2007,183,64.22833277314602
2007-09-19,2007-09-18,Prod. Sold Swine or Pork Market Formula,131722,64.81,198.03,64.81,26084907.66,1690562865.4446,26267274.88,1687409738.2911997,383,2007,184,64.52400721125312
2007-09-19,2007-09-18,Prod. Sold Negotiated,31694,63.81,194.45,63.81,6162898.3,393254540.523,7454012.76,476982276.5124,383,2007,184,63.90853352870471
2007-09-20,2007-09-19,Prod. Sold Negotiated,32924,64.21,196.45,64.21,6467919.8,415305130.3579999,6162898.3,393254540.523,384,2007,185,64.01482979800018
2007-09-20,2007-09-19,Prod. Sold Swine or Pork Market Formula,127095,64.97,198.32,64.97,25205480.4,1637600061.5879998,26084907.66,1690562865.4446,384,2007,185,64.8886283164651
2007-09-21,2007-09-20,Prod. Sold Swine or Pork Market Formula,131743,64.71,199.98,64.71,26345965.14,1704847404.2093997,25205480.4,1637600061.5879998,385,2007,186,64.83712397946077
2007-09-21,2007-09-20,Prod. Sold Negotiated,30034,63.84,193.55,63.84,5813080.7,371107071.888,6467919.8,415305130.3579999,385,2007,186,64.03486444333261
2007-09-24,2007-09-21,Prod. Sold Negotiated,69816,64.06,197.47,64.06,13786565.52,883167387.2112,5813080.7,371107071.888,391,2007,187,63.994749957236735
2007-09-24,2007-09-21,Prod. Sold Swine or Pork Market Formula,190863,64.49,200.27,64.49,38224133.010000005,2465074337.8149,26345965.14,1704847404.2093997,391,2007,187,64.57976465108253
2007-09-25,2007-09-24,Prod. Sold Negotiated,35619,63.83,196.96,63.82999999999999,7015518.24,447800529.2592,13786565.52,883167387.2112,392,2007,188,63.98243232871205
2007-09-25,2007-09-24,Prod. Sold Swine or Pork Market Formula,115037,63.78,199.14,63.78,22908468.18,1461102100.5204,38224133.010000005,2465074337.8149,392,2007,188,64.22393881347779
2007-09-26,2007-09-25,Prod. Sold Swine or Pork Market Formula,121734,63.31,200.0,63.31,24346800.0,1541395908.0,22908468.18,1461102100.5204,393,2007,189,63.5378471895152
2007-09-26,2007-09-25,Prod. Sold Negotiated,34632,62.47,195.43,62.47,6768131.76,422805191.0472,7015518.24,447800529.2592,393,2007,189,63.16220451813561
2007-09-27,2007-09-26,Prod. Sold Swine or Pork Market Formula,126873,62.37,199.86,62.37,25356837.78,1581505972.3386,24346800.0,1541395908.0,394,2007,190,62.83044903395801
2007-09-27,2007-09-26,Prod. Sold Negotiated,33493,61.81,195.67,61.81,6553575.31,405076489.9111,6768131.76,422805191.0472,394,2007,190,62.14531490657525
2007-09-28,2007-09-27,Prod. Sold Swine or Pork Market Formula,138138,61.21,201.41,61.21000000000001,27822374.58,1703007548.0418,25356837.78,1581505972.3386,395,2007,191,61.76310958021868
2007-09-28,2007-09-27,Prod. Sold Negotiated,34071,60.73,196.35,60.73,6689840.85,406274034.8205,6553575.31,405076489.9111,395,2007,191,61.26444377563077
2007-10-01,2007-09-28,Prod. Sold Swine or Pork Market Formula,176793,60.36,200.12,60.36,35379815.160000004,2135525643.0576005,27822374.58,1703007548.0418,401,2007,192,60.73418036448242
2007-10-01,2007-09-28,Prod. Sold Negotiated,64119,59.84,198.31,59.84,12715438.89,760891863.1776,6689840.85,406274034.8205,401,2007,192,60.14682156795849
2007-10-02,2007-10-01,Prod. Sold Negotiated,34940,58.32,194.23,58.32,6786396.199999999,395782626.384,12715438.89,760891863.1776,402,2007,193,59.31105889387356
2007-10-02,2007-10-01,Prod. Sold Swine or Pork Market Formula,127203,59.54,200.5,59.54,25504201.5,1518520157.31,35379815.160000004,2135525643.0576005,402,2007,193,60.0165035229724
2007-10-03,2007-10-02,Prod. Sold Negotiated,28345,57.42,196.05,57.42,5557037.25,319085078.895,6786396.199999999,395782626.384,403,2007,194,57.914818285750144
2007-10-03,2007-10-02,Prod. Sold Swine or Pork Market Formula,135074,58.79,201.03,58.79,27153926.22,1596379322.4738,25504201.5,1518520157.31,403,2007,194,59.15325163755747
2007-10-04,2007-10-03,Prod. Sold Swine or Pork Market Formula,136301,58.53,201.5,58.53,27464651.5,1607506052.295,27153926.22,1596379322.4738,404,2007,195,58.65926042954455
2007-10-04,2007-10-03,Prod. Sold Negotiated,30984,57.09,197.31,57.09,6113453.04,349017034.0536,5557037.25,319085078.895,404,2007,195,57.24713326920562
2007-10-05,2007-10-04,Prod. Sold Negotiated,32660,56.74,196.31,56.74,6411484.6,363787636.204,6113453.04,349017034.0536,405,2007,196,56.910835865654654
2007-10-05,2007-10-04,Prod. Sold Swine or Pork Market Formula,129070,58.08,201.62,58.08,26023093.4,1511421264.6720002,27464651.5,1607506052.295,405,2007,196,58.3110640165912
2007-10-08,2007-10-05,Prod. Sold Negotiated,69845,57.14,198.24,57.14,13846072.8,791164599.792,6411484.6,363787636.204,411,2007,197,57.01340063812432
2007-10-08,2007-10-05,Prod. Sold Swine or Pork Market Formula,210910,57.91,201.41,57.91,42479383.1,2459981075.321,26023093.4,1511421264.6720002,411,2007,197,57.97458052473476
2007-10-09,2007-10-08,Prod. Sold Negotiated,39268,57.49,196.68,57.49,7723230.24,444008506.4976,13846072.8,791164599.792,412,2007,198,57.26532303797611
2007-10-09,2007-10-08,Prod. Sold Swine or Pork Market Formula,123115,57.88,200.22,57.88,24650085.3,1426746937.164,42479383.1,2459981075.321,412,2007,198,57.89898393542172
2007-10-10,2007-10-09,Prod. Sold Negotiated,29935,57.03,194.7,57.03,5828344.5,332390486.835,7723230.24,444008506.4976,413,2007,199,57.29216037461045
2007-10-10,2007-10-09,Prod. Sold Swine or Pork Market Formula,137367,57.63,201.53,57.63,27683571.51,1595404226.1213002,24650085.3,1426746937.164,413,2007,199,57.747754456704094
2007-10-11,2007-10-10,Prod. Sold Swine or Pork Market Formula,130523,57.76,201.03,57.76,26239038.69,1515566874.7344,27683571.51,1595404226.1213002,414,2007,200,57.693258714981496
2007-10-11,2007-10-10,Prod. Sold Negotiated,31089,56.78,196.22,56.78,6100283.58,346374101.6724,5828344.5,332390486.835,414,2007,200,56.90215035251565
2007-10-12,2007-10-11,Prod. Sold Negotiated,26773,57.13,194.59,57.13000000000001,5209758.07,297633478.53910005,6100283.58,346374101.6724,415,2007,201,56.94122092039334
2007-10-12,2007-10-11,Prod. Sold Swine or Pork Market Formula,135045,57.62,201.82,57.62,27254781.9,1570420533.0779998,26239038.69,1515566874.7344,415,2007,201,57.68867083667018
2007-10-15,2007-10-12,Prod. Sold Negotiated,66616,57.6,197.8,57.6,13176644.8,758974740.48,5209758.07,297633478.53910005,421,2007,202,57.46682624599208
2007-10-15,2007-10-12,Prod. Sold Swine or Pork Market Formula,207675,57.57,202.56,57.57,42066648.0,2421776925.36,27254781.9,1570420533.0779998,421,2007,202,57.58965826580561
2007-10-16,2007-10-15,Prod. Sold Swine or Pork Market Formula,118769,57.9,201.31,57.9,23909387.39,1384353529.881,42066648.0,2421776925.36,422,2007,203,57.68959036022792
2007-10-16,2007-10-15,Prod. Sold Negotiated,31743,57.53,196.05,57.53,6223215.15,358021567.5795,13176644.8,758974740.48,422,2007,203,57.577544937869504
2007-10-17,2007-10-16,Prod. Sold Swine or Pork Market Formula,140142,57.87,202.06,57.86999999999999,28317092.52,1638710144.1323998,23909387.39,1384353529.881,423,2007,204,57.883734060249445
2007-10-17,2007-10-16,Prod. Sold Negotiated,30908,57.71,194.84,57.71,6022114.72,347536240.4912,6223215.15,358021567.5795,423,2007,204,57.61852196397384
2007-10-18,2007-10-17,Prod. Sold Negotiated,32207,57.99,195.12,57.99,6284229.84,364422488.4216,6022114.72,347536240.4912,424,2007,205,57.85298188601994
2007-10-18,2007-10-17,Prod. Sold Swine or Pork Market Formula,138360,57.98,201.97,57.98,27944569.2,1620226122.2159998,28317092.52,1638710144.1323998,424,2007,205,57.924635830475424
2007-10-19,2007-10-18,Prod. Sold Negotiated,33868,58.04,195.55,58.040000000000006,6622887.4,384392384.696,6284229.84,364422488.4216,425,2007,206,58.015655951196734
2007-10-19,2007-10-18,Prod. Sold Swine or Pork Market Formula,139736,58.0,201.73,58.0,28188943.28,1634958710.2399998,27944569.2,1620226122.2159998,425,2007,206,57.99004353443588
2007-10-22,2007-10-19,Prod. Sold Negotiated,76214,58.06,199.01,58.06,15167348.14,880616233.0084,6622887.4,384392384.696,431,2007,207,58.05392123376745
2007-10-22,2007-10-19,Prod. Sold Swine or Pork Market Formula,229441,57.66,202.0,57.66,46347082.0,2672372748.12,28188943.28,1634958710.2399998,431,2007,207,57.7885853475443
2007-10-23,2007-10-22,Prod. Sold Swine or Pork Market Formula,122132,57.38,201.6,57.38000000000001,24621811.2,1412799526.656,46347082.0,2672372748.12,432,2007,208,57.562857338967206
2007-10-23,2007-10-22,Prod. Sold Negotiated,29649,57.78,195.35,57.78,5791932.15,334657839.627,15167348.14,880616233.0084,432,2007,208,57.98262420371496
2007-10-24,2007-10-23,Prod. Sold Swine or Pork Market Formula,131240,57.0,202.16,57.0,26531478.4,1512294268.8,24621811.2,1412799526.656,433,2007,209,57.18290687322679
2007-10-24,2007-10-23,Prod. Sold Negotiated,31584,57.36,197.25,57.35999999999999,6229944.0,357349587.84,5791932.15,334657839.627,433,2007,209,57.56234874096587
2007-10-25,2007-10-24,Prod. Sold Swine or Pork Market Formula,136617,56.56,202.61,56.56,27679970.37,1565579124.1272,26531478.4,1512294268.8,434,2007,210,56.77533920898385
2007-10-25,2007-10-24,Prod. Sold Negotiated,27996,56.58,196.39,56.580000000000005,5498134.44,311084446.6152,6229944.0,357349587.84,434,2007,210,56.994335250643154
2007-10-26,2007-10-25,Prod. Sold Negotiated,29750,56.12,196.51,56.12,5846172.5,328087200.7,5498134.44,311084446.6152,435,2007,211,56.34294370698683
2007-10-26,2007-10-25,Prod. Sold Swine or Pork Market Formula,138940,56.02,202.22,56.02,28096446.8,1573962949.736,27679970.37,1565579124.1272,435,2007,211,56.28798393941732
2007-10-29,2007-10-26,Prod. Sold Swine or Pork Market Formula,209210,55.66,202.8,55.66,42427788.0,2361530680.08,28096446.8,1573962949.736,441,2007,212,55.80342191555406
2007-10-29,2007-10-26,Prod. Sold Negotiated,71864,55.93,200.09,55.93,14379267.76,804232445.8168,5846172.5,328087200.7,441,2007,212,55.98491958447979
2007-10-30,2007-10-29,Prod. Sold Swine or Pork Market Formula,132294,55.73,201.84,55.73,26702220.96,1488114774.1008,42427788.0,2361530680.08,442,2007,213,55.68703826450075
2007-10-30,2007-10-29,Prod. Sold Negotiated,30534,55.21,197.63,55.21,6034434.42,333161124.3282,14379267.76,804232445.8168,442,2007,213,55.7171629190977
2007-10-31,2007-10-30,Prod. Sold Negotiated,35355,54.45,197.95,54.45000000000001,6998522.25,381069536.5125001,6034434.42,333161124.3282,443,2007,214,54.801890232993465
2007-10-31,2007-10-30,Prod. Sold Swine or Pork Market Formula,138256,55.19,202.59,55.19,28009283.04,1545832330.9776,26702220.96,1488114774.1008,443,2007,214,55.45354967902911
2007-11-01,2007-10-31,Prod. Sold Swine or Pork Market Formula,145367,54.88,202.03,54.88,29368495.01,1611743006.1488,28009283.04,1545832330.9776,444,2007,215,55.03132823259266
2007-11-01,2007-10-31,Prod. Sold Negotiated,31805,54.38,195.49,54.38,6217559.45,338110882.89100003,6998522.25,381069536.5125001,444,2007,215,54.41706821496874
2007-11-02,2007-11-01,Prod. Sold Swine or Pork Market Formula,146604,54.24,203.11,54.24,29776738.44,1615090292.9856002,29368495.01,1611743006.1488,445,2007,216,54.557791235405126
2007-11-02,2007-11-01,Prod. Sold Negotiated,29193,53.37,196.02,53.370000000000005,5722411.86,305405120.9682,6217559.45,338110882.89100003,445,2007,216,53.89594222225983
2007-11-05,2007-11-02,Prod. Sold Swine or Pork Market Formula,228929,53.24,204.21,53.24,46749591.09,2488948229.6316004,29776738.44,1615090292.9856002,451,2007,217,53.62910449021768
2007-11-05,2007-11-02,Prod. Sold Negotiated,63353,52.82,199.77,52.82,12656028.81,668491441.7442,5722411.86,305405120.9682,451,2007,217,52.99125100978439
2007-11-06,2007-11-05,Prod. Sold Swine or Pork Market Formula,124996,52.61,202.69,52.61,25335439.24,1332897458.4164,46749591.09,2488948229.6316004,452,2007,218,53.01857640278252
2007-11-06,2007-11-05,Prod. Sold Negotiated,28283,52.33,196.65,52.33,5561851.95,291051712.5435,12656028.81,668491441.7442,452,2007,218,52.67040480331368
2007-11-07,2007-11-06,Prod. Sold Negotiated,29853,50.74,197.78,50.74,5904326.34,299585518.4916,5561851.95,291051712.5435,453,2007,219,51.51125476133688
2007-11-07,2007-11-06,Prod. Sold Swine or Pork Market Formula,144497,52.11,202.95,52.11,29325666.15,1528160463.0765,25335439.24,1332897458.4164,453,2007,219,52.341750154513285
2007-11-08,2007-11-07,Prod. Sold Negotiated,30030,49.97,197.12,49.97,5919513.600000001,295798094.592,5904326.34,299585518.4916,454,2007,220,50.354505482556455
2007-11-08,2007-11-07,Prod. Sold Swine or Pork Market Formula,141807,51.12,203.32,51.12,28832199.24,1473902025.1488,29325666.15,1528160463.0765,454,2007,220,51.61920005305923
2007-11-09,2007-11-08,Prod. Sold Swine or Pork Market Formula,141582,50.56,203.16,50.56,28763799.12,1454297683.5072,28832199.24,1473902025.1488,455,2007,221,50.84033252368473
2007-11-09,2007-11-08,Prod. Sold Negotiated,25864,48.99,194.55,48.99,5031841.2,246509900.388,5919513.600000001,295798094.592,455,2007,221,49.51971741249768
2007-11-12,2007-11-09,Prod. Sold Negotiated,65642,48.42,202.01,48.42,13260340.42,642065683.1364,5031841.2,246509900.388,461,2007,222,48.57679646876368
2007-11-12,2007-11-09,Prod. Sold Swine or Pork Market Formula,254593,49.73,204.25,49.73,52000620.25,2585990845.0325,28763799.12,1454297683.5072,461,2007,222,50.02559988737401
2007-11-13,2007-11-12,Prod. Sold Negotiated,29201,48.08,200.99,48.08,5869108.99,282186760.2392,13260340.42,642065683.1364,462,2007,223,48.315684553494954
2007-11-13,2007-11-12,Prod. Sold Swine or Pork Market Formula,129239,49.61,203.1,49.61000000000001,26248440.9,1302185153.049,52000620.25,2585990845.0325,462,2007,223,49.68974631693073
2007-11-14,2007-11-13,Prod. Sold Negotiated,30414,47.52,196.75,47.52,5983954.5,284357517.84000003,5869108.99,282186760.2392,463,2007,224,47.797287052176245
2007-11-14,2007-11-13,Prod. Sold Swine or Pork Market Formula,143146,49.32,203.1,49.32,29072952.6,1433878022.232,26248440.9,1302185153.049,463,2007,224,49.45759682067662
2007-11-15,2007-11-14,Prod. Sold Swine or Pork Market Formula,150412,49.32,203.3,49.32,30578759.6,1508144423.472,29072952.6,1433878022.232,464,2007,225,49.32
2007-11-15,2007-11-14,Prod. Sold Negotiated,30067,46.87,196.99,46.870000000000005,5922898.33,277606244.7271,5983954.5,284357517.84000003,464,2007,225,47.196666540733595
2007-11-16,2007-11-15,Prod. Sold Negotiated,31380,46.63,196.48,46.63,6165542.4,287499242.112,5922898.33,277606244.7271,465,2007,226,46.74759131148091
2007-11-16,2007-11-15,Prod. Sold Swine or Pork Market Formula,155115,49.07,204.15,49.07,31666727.25,1553886306.1575,30578759.6,1508144423.472,465,2007,226,49.1928151676028
2007-11-19,2007-11-16,Prod. Sold Swine or Pork Market Formula,255655,48.71,203.8,48.71,52102489.0,2537912239.19,31666727.25,1553886306.1575,471,2007,227,48.84608843821551
2007-11-19,2007-11-16,Prod. Sold Negotiated,71014,47.26,200.89,47.26,14266002.46,674211276.2595999,6165542.4,287499242.112,471,2007,227,47.06988751762944
2007-11-20,2007-11-19,Prod. Sold Negotiated,33198,47.61,199.8,47.61,6632960.4,315795244.644,14266002.46,674211276.2595999,472,2007,228,47.37108379662435
2007-11-20,2007-11-19,Prod. Sold Swine or Pork Market Formula,128732,49.14,201.54,49.13999999999999,25944647.28,1274919967.3391998,52102489.0,2537912239.19,472,2007,228,48.852941802379206
2007-11-21,2007-11-20,Prod. Sold Negotiated,23353,46.33,195.92,46.33,4575319.76,211974564.4808,6632960.4,315795244.644,473,2007,229,47.08749260286156
2007-11-21,2007-11-20,Prod. Sold Swine or Pork Market Formula,139796,49.12,202.73,49.12,28340843.08,1392102212.0895998,25944647.28,1274919967.3391998,473,2007,229,49.129558593689744
2007-11-23,2007-11-21,Prod. Sold Swine or Pork Market Formula,136322,49.91,202.22,49.91,27567034.84,1375870708.8644,28340843.08,1392102212.0895998,475,2007,230,49.50953289471588
2007-11-23,2007-11-21,Prod. Sold Negotiated,25359,46.65,195.52,46.65,4958191.680000001,231299641.872,4575319.76,211974564.4808,475,2007,230,46.496425702385274
2007-11-26,2007-11-23,Prod. Sold Negotiated,64381,47.85,202.21,47.85000000000001,13018482.01,622934364.1785,4958191.680000001,231299641.872,481,2007,231,47.519024975443045
2007-11-26,2007-11-23,Prod. Sold Swine or Pork Market Formula,240610,49.8,204.44,49.8,49190308.4,2449677358.32,27567034.84,1375870708.8644,481,2007,231,49.839505976945006
2007-11-27,2007-11-26,Prod. Sold Swine or Pork Market Formula,140027,50.57,203.24,50.57,28459087.48,1439176053.8636,49190308.4,2449677358.32,482,2007,232,50.082210790068025
2007-11-27,2007-11-26,Prod. Sold Negotiated,36895,49.16,201.1,49.16,7419584.5,364746774.02,13018482.01,622934364.1785,482,2007,232,48.32556630125675
2007-11-28,2007-11-27,Prod. Sold Swine or Pork Market Formula,148634,50.79,203.36,50.79,30226210.24,1535189218.0896,28459087.48,1439176053.8636,483,2007,233,50.683312303271045
2007-11-28,2007-11-27,Prod. Sold Negotiated,32072,49.19,199.34,49.19,6393232.48,314483105.6912,7419584.5,364746774.02,483,2007,233,49.17388543514894
2007-11-29,2007-11-28,Prod. Sold Negotiated,33421,50.36,198.35,50.36,6629055.35,333839227.426,6393232.48,314483105.6912,484,2007,234,49.78559386651186
2007-11-29,2007-11-28,Prod. Sold Swine or Pork Market Formula,134223,51.05,203.57,51.05,27323776.11,1394878770.4155,30226210.24,1535189218.0896,484,2007,234,50.91344367460654
2007-11-30,2007-11-29,Prod. Sold Swine or Pork Market Formula,141014,51.43,204.72,51.43,28868386.08,1484701096.0944,27323776.11,1394878770.4155,485,2007,235,51.24522271937691
2007-11-30,2007-11-29,Prod. Sold Negotiated,33883,50.46,198.42,50.46,6723064.86,339245852.8356,6629055.35,333839227.426,485,2007,235,50.41035203963312
2007-12-03,2007-11-30,Prod. Sold Negotiated,72898,51.06,202.06,51.06,14729769.88,752102050.0728,6723064.86,339245852.8356,491,2007,236,50.871967091301045
2007-12-03,2007-11-30,Prod. Sold Swine or Pork Market Formula,232569,52.14,203.71,52.14,47376630.99,2470217539.8186,28868386.08,1484701096.0944,491,2007,236,51.87117516521792
2007-12-04,2007-12-03,Prod. Sold Swine or Pork Market Formula,130688,52.97,203.49,52.97,26593701.12,1408668348.3264,47376630.99,2470217539.8186,492,2007,237,52.43840033564776
2007-12-04,2007-12-03,Prod. Sold Negotiated,30602,51.7,199.9,51.7,6117339.8,316266467.66,14729769.88,752102050.0728,492,2007,237,51.24780049283072
2007-12-05,2007-12-04,Prod. Sold Negotiated,30923,52.41,199.54,52.41,6170375.42,323389375.7622,6117339.8,316266467.66,493,2007,238,52.05653223319087
2007-12-05,2007-12-04,Prod. Sold Swine or Pork Market Formula,141907,52.99,203.41,52.99,28865302.87,1529572399.0813,26593701.12,1408668348.3264,493,2007,238,52.98040960017068
2007-12-06,2007-12-05,Prod. Sold Negotiated,32685,52.69,198.92,52.69,6501700.199999999,342574583.538,6170375.42,323389375.7622,494,2007,239,52.55366044763234
2007-12-06,2007-12-05,Prod. Sold Swine or Pork Market Formula,141314,53.52,204.25,53.52,28863384.5,1544768338.44,28865302.87,1529572399.0813,494,2007,239,53.25499119384013
2007-12-07,2007-12-06,Prod. Sold Swine or Pork Market Formula,147418,53.58,204.16,53.58,30096858.88,1612589698.7903998,28863384.5,1544768338.44,495,2007,240,53.55062761327429
2007-12-07,2007-12-06,Prod. Sold Negotiated,29856,52.8,196.87,52.8,5877750.72,310345238.016,6501700.199999999,342574583.538,495,2007,240,52.74222788824628
2007-12-10,2007-12-07,Prod. Sold Negotiated,80336,53.74,202.54,53.74,16271253.44,874417159.8656,5877750.72,310345238.016,501,2007,241,53.490549251023296
2007-12-10,2007-12-07,Prod. Sold Swine or Pork Market Formula,221587,54.36,204.24,54.36,45256928.88,2460166653.9168,30096858.88,1612589698.7903998,501,2007,241,54.048462244244845
2007-12-11,2007-12-10,Prod. Sold Swine or Pork Market Formula,134303,54.46,203.78,54.46,27368265.34,1490475730.4164,45256928.88,2460166653.9168,502,2007,242,54.39768425769313
2007-12-11,2007-12-10,Prod. Sold Negotiated,31434,54.17,198.29,54.17,6233047.86,337644202.57619995,16271253.44,874417159.8656,502,2007,242,53.859097702437886
2007-12-12,2007-12-11,Prod. Sold Swine or Pork Market Formula,136537,55.05,203.28,55.05,27755241.36,1527926036.8679998,27368265.34,1490475730.4164,503,2007,243,54.75707094818044
2007-12-12,2007-12-11,Prod. Sold Negotiated,32611,54.02,199.45,54.02,6504263.949999999,351360338.579,6233047.86,337644202.57619995,503,2007,243,54.0934030219992
2007-12-13,2007-12-12,Prod. Sold Negotiated,34696,54.59,197.54,54.59,6853847.84,374151553.5856,6504263.949999999,351360338.579,504,2007,244,54.3124584948993
2007-12-13,2007-12-12,Prod. Sold Swine or Pork Market Formula,146456,55.36,204.57,55.36,29960503.92,1658613497.0112,27755241.36,1527926036.8679998,504,2007,244,55.21092239942743
2007-12-14,2007-12-13,Prod. Sold Negotiated,30564,54.93,198.53,54.92999999999999,6067870.92,333308149.6356,6853847.84,374151553.5856,505,2007,245,54.74965957401785
2007-12-14,2007-12-13,Prod. Sold Swine or Pork Market Formula,158095,55.28,204.1,55.28,32267189.5,1783730235.56,29960503.92,1658613497.0112,505,2007,245,55.318517261075755
2007-12-17,2007-12-14,Prod. Sold Negotiated,65290,54.83,200.17,54.83,13069099.3,716578714.619,6067870.92,333308149.6356,511,2007,246,54.861707584065
2007-12-17,2007-12-14,Prod. Sold Swine or Pork Market Formula,233901,55.2,203.99,55.20000000000001,47713464.99,2633783267.4480004,32267189.5,1783730235.56,511,2007,246,55.23227499420279
2007-12-18,2007-12-17,Prod. Sold Negotiated,35256,54.86,198.65,54.86,7003604.4,384217737.384,13069099.3,716578714.619,512,2007,247,54.84046735582512
2007-12-18,2007-12-17,Prod. Sold Swine or Pork Market Formula,125054,55.39,202.71,55.39,25349696.34,1404119680.2726,47713464.99,2633783267.4480004,512,2007,247,55.26592162475486
2007-12-19,2007-12-18,Prod. Sold Negotiated,30862,53.95,197.3,53.95,6089072.600000001,328505466.77000004,7003604.4,384217737.384,513,2007,248,54.436782038845074
2007-12-19,2007-12-18,Prod. Sold Swine or Pork Market Formula,144266,55.09,201.98,55.09,29138846.68,1605259063.6012,25349696.34,1404119680.2726,513,2007,248,55.22956895304044
2007-12-20,2007-12-19,Prod. Sold Negotiated,31113,53.5,195.86,53.5,6093792.180000001,326017881.63000005,6089072.600000001,328505466.77000004,514,2007,249,53.72491283614165
2007-12-20,2007-12-19,Prod. Sold Swine or Pork Market Formula,149936,54.6,201.94,54.6,30278075.84,1653182940.864,29138846.68,1605259063.6012,514,2007,249,54.84030249746433
2007-12-21,2007-12-20,Prod. Sold Swine or Pork Market Formula,150972,54.16,202.7,54.16,30602024.4,1657405641.5039997,30278075.84,1653182940.864,515,2007,250,54.37882935995639
2007-12-21,2007-12-20,Prod. Sold Negotiated,33111,52.8,197.38,52.79999999999999,6535449.18,345071716.70399994,6093792.180000001,326017881.63000005,515,2007,250,53.137760155531616
2007-12-24,2007-12-21,Prod. Sold Swine or Pork Market Formula,238564,53.6,203.56,53.60000000000001,48562087.84,2602927908.2240005,30602024.4,1657405641.5039997,521,2007,251,53.81647604172009
2007-12-24,2007-12-21,Prod. Sold Negotiated,79546,52.42,199.64,52.42,15880563.44,832459135.5248,6535449.18,345071716.70399994,521,2007,251,52.5307900290074
2007-12-27,2007-12-26,Prod. Sold Negotiated,24596,51.55,197.54,51.55,4858693.84,250465667.452,15880563.44,832459135.5248,524,2007,252,52.216180567908935
2007-12-27,2007-12-26,Prod. Sold Swine or Pork Market Formula,121611,52.61,204.22,52.61,24835398.42,1306590310.8762,48562087.84,2602927908.2240005,524,2007,252,53.26501517029202
2007-12-28,2007-12-27,Prod. Sold Negotiated,25396,50.76,198.67,50.76,5045423.32,256105687.7232,4858693.84,250465667.452,525,2007,253,51.14755277947459
2007-12-28,2007-12-27,Prod. Sold Swine or Pork Market Formula,141283,52.66,204.9,52.66,28948886.7,1524448373.622,24835398.42,1306590310.8762,525,2007,253,52.6369120307497
2007-12-31,2007-12-28,Prod. Sold Swine or Pork Market Formula,278750,51.78,205.75,51.78,57352812.5,2969728631.25,28948886.7,1524448373.622,531,2007,254,52.07518561664658
2007-12-31,2007-12-28,Prod. Sold Negotiated,58684,50.45,201.2,50.45,11807220.8,595674289.36,5045423.32,256105687.7232,531,2007,254,50.54280924809561
2008-01-02,2007-12-31,Prod. Sold Swine or Pork Market Formula,126953,51.13,205.58,51.13,26098997.74,1334441754.4462,57352812.5,2969728631.25,13,2008,1,51.57671682996196
2008-01-02,2007-12-31,Prod. Sold Negotiated,31240,50.19,199.37,50.19,6228318.8,312599320.572,11807220.8,595674289.36,13,2008,1,50.360212673204416
2008-01-03,2008-01-02,Prod. Sold Negotiated,22937,49.24,199.03,49.24,4565151.11,224788040.6564,6228318.8,312599320.572,14,2008,2,49.78819283412446
2008-01-03,2008-01-02,Prod. Sold Swine or Pork Market Formula,137076,51.5,204.63,51.5,28049861.88,1444567886.82,26098997.74,1334441754.4462,14,2008,2,51.321665142505914
2008-01-04,2008-01-03,Prod. Sold Negotiated,27587,48.95,199.06,48.95,5491468.22,268807369.369,4565151.11,224788040.6564,15,2008,3,49.08164402255445
2008-01-04,2008-01-03,Prod. Sold Swine or Pork Market Formula,139943,50.92,205.36,50.92,28738694.48,1463374322.9216,28049861.88,1444567886.82,15,2008,3,51.206482364285975
2008-01-07,2008-01-04,Prod. Sold Swine or Pork Market Formula,268809,49.87,206.86,49.87,55605829.74,2773062729.1338,28738694.48,1463374322.9216,21,2008,4,50.22776631006053
2008-01-07,2008-01-04,Prod. Sold Negotiated,56272,48.27,203.04,48.27000000000001,11425466.88,551507286.2976,5491468.22,268807369.369,21,2008,4,48.49073728884851
2008-01-08,2008-01-07,Prod. Sold Swine or Pork Market Formula,131645,49.11,206.04,49.11,27124135.8,1332066309.138,55605829.74,2773062729.1338,22,2008,5,49.62082374235931
2008-01-08,2008-01-07,Prod. Sold Negotiated,30665,47.8,201.73,47.8,6186050.449999999,295693211.50999993,11425466.88,551507286.2976,22,2008,5,48.10491236688918
2008-01-09,2008-01-08,Prod. Sold Swine or Pork Market Formula,144071,48.79,204.91,48.79,29521588.61,1440358308.2819,27124135.8,1332066309.138,23,2008,6,48.943228218835664
2008-01-09,2008-01-08,Prod. Sold Negotiated,32599,47.77,201.28,47.77,6561526.72,313444131.4144,6186050.449999999,295693211.50999993,23,2008,6,47.78455817925438
2008-01-10,2008-01-09,Prod. Sold Swine or Pork Market Formula,143119,48.72,206.23,48.72,29515431.37,1437991816.3463998,29521588.61,1440358308.2819,24,2008,7,48.75500365030958
2008-01-10,2008-01-09,Prod. Sold Negotiated,33445,47.03,201.75,47.03,6747528.75,317336277.1125,6561526.72,313444131.4144,24,2008,7,47.39482902815643
2008-01-11,2008-01-10,Prod. Sold Negotiated,36098,47.01,198.77,47.01,7175199.46,337306126.6146,6747528.75,317336277.1125,25,2008,8,47.01969282549831
2008-01-11,2008-01-10,Prod. Sold Swine or Pork Market Formula,146405,48.41,205.35,48.41,30064266.75,1455411153.3674998,29515431.37,1437991816.3463998,25,2008,8,48.56357217329754
2008-01-14,2008-01-11,Prod. Sold Swine or Pork Market Formula,276433,48.19,207.52,48.19,57365376.16,2764437477.1504,30064266.75,1455411153.3674998,31,2008,9,48.265650985922576
2008-01-14,2008-01-11,Prod. Sold Negotiated,85835,46.87,203.17,46.87,17439096.95,817370474.0465,7175199.46,337306126.6146,31,2008,9,46.91081075110446
2008-01-15,2008-01-14,Prod. Sold Swine or Pork Market Formula,136718,48.65,205.91,48.64999999999999,28151603.38,1369575504.4369998,57365376.16,2764437477.1504,32,2008,10,48.34142884634674
2008-01-15,2008-01-14,Prod. Sold Negotiated,41362,47.47,200.56,47.47,8295562.72,393790362.3184,17439096.95,817370474.0465,32,2008,10,47.06340988751455
2008-01-16,2008-01-15,Prod. Sold Negotiated,34327,47.68,198.26,47.68,6805671.02,324494394.2336,8295562.72,393790362.3184,33,2008,11,47.564640672332246
2008-01-16,2008-01-15,Prod. Sold Swine or Pork Market Formula,159332,48.43,205.64,48.43,32765032.48,1586810523.0064,28151603.38,1369575504.4369998,33,2008,11,48.53166931670082
2008-01-17,2008-01-16,Prod. Sold Negotiated,30598,47.66,196.77,47.65999999999999,6020768.46,286949824.80359995,6805671.02,324494394.2336,34,2008,12,47.670611941109
2008-01-17,2008-01-16,Prod. Sold Swine or Pork Market Formula,131431,48.96,205.17,48.96,26965698.27,1320240587.2992,32765032.48,1586810523.0064,34,2008,12,48.669270805892495
2008-01-18,2008-01-17,Prod. Sold Swine or Pork Market Formula,142959,48.8,205.24,48.8,29340905.16,1431836171.8079998,26965698.27,1320240587.2992,35,2008,13,48.87662532385857
2008-01-18,2008-01-17,Prod. Sold Negotiated,31309,47.85,198.19,47.85,6205130.71,296915504.4735,6020768.46,286949824.80359995,35,2008,13,47.75643256651363
2008-01-21,2008-01-18,Prod. Sold Swine or Pork Market Formula,216597,49.1,205.43,49.1,44495521.71,2184730115.961,29340905.16,1431836171.8079998,41,2008,14,48.98078687009736
2008-01-21,2008-01-18,Prod. Sold Negotiated,75464,48.07,200.31,48.07,15116193.84,726635437.8888,6205130.71,296915504.4735,41,2008,14,48.00597354831316
2008-01-22,2008-01-21,Prod. Sold Swine or Pork Market Formula,111422,49.69,203.64,49.68999999999999,22689976.08,1127464911.4151998,44495521.71,2184730115.961,42,2008,15,49.2992555882974
2008-01-22,2008-01-21,Prod. Sold Negotiated,35849,48.99,199.63,48.99,7156535.87,350598692.2713,15116193.84,726635437.8888,42,2008,15,48.36560871460869
2008-01-23,2008-01-22,Prod. Sold Swine or Pork Market Formula,137131,50.39,203.53,50.39,27910272.43,1406398627.7477,22689976.08,1127464911.4151998,43,2008,16,50.07610859188051
2008-01-23,2008-01-22,Prod. Sold Negotiated,31503,48.93,196.6,48.93,6193489.8,303047455.914,7156535.87,350598692.2713,43,2008,16,48.96216414431059
2008-01-24,2008-01-23,Prod. Sold Negotiated,32963,49.71,197.39,49.71000000000001,6506566.57,323441424.1947,6193489.8,303047455.914,44,2008,17,49.32961412585447
2008-01-24,2008-01-23,Prod. Sold Swine or Pork Market Formula,145953,51.41,202.43,51.41,29545265.790000003,1518922114.2639,27910272.43,1406398627.7477,44,2008,17,50.91451290231426
2008-01-25,2008-01-24,Prod. Sold Negotiated,28530,50.99,196.35,50.99,5601865.5,285639121.845,6506566.57,323441424.1947,45,2008,18,50.30218136572492
2008-01-25,2008-01-24,Prod. Sold Swine or Pork Market Formula,149215,51.95,204.03,51.95,30444336.45,1581583278.5775,29545265.790000003,1518922114.2639,45,2008,18,51.68404651921559
2008-01-28,2008-01-25,Prod. Sold Swine or Pork Market Formula,240722,52.73,204.83,52.73,49307087.260000005,2599962711.2198,30444336.45,1581583278.5775,51,2008,19,52.4322425265115
2008-01-28,2008-01-25,Prod. Sold Negotiated,71374,52.02,200.97,52.02,14344032.78,746176585.2156,5601865.5,285639121.845,51,2008,19,51.73072140326788
2008-01-29,2008-01-28,Prod. Sold Negotiated,39729,52.63,196.44,52.63,7804364.76,410743717.3188,14344032.78,746176585.2156,52,2008,20,52.234943880025725
2008-01-29,2008-01-28,Prod. Sold Swine or Pork Market Formula,126831,53.43,202.29,53.43,25656642.99,1370834434.9557,49307087.260000005,2599962711.2198,52,2008,20,52.96957786029464
2008-01-30,2008-01-29,Prod. Sold Negotiated,36102,53.12,196.78,53.12,7104151.56,377372530.8672,7804364.76,410743717.3188,53,2008,21,52.86349300424551
2008-01-30,2008-01-29,Prod. Sold Swine or Pork Market Formula,145011,53.77,202.43,53.77,29354576.73,1578395590.7721002,25656642.99,1370834434.9557,53,2008,21,53.611427645832975
2008-01-31,2008-01-30,Prod. Sold Negotiated,30803,53.53,198.03,53.53,6099918.09,326528615.3577,7104151.56,377372530.8672,54,2008,22,53.30940875678432
2008-01-31,2008-01-30,Prod. Sold Swine or Pork Market Formula,144222,54.18,202.4,54.18,29190532.8,1581543067.104,29354576.73,1578395590.7721002,54,2008,22,53.97442558813333
2008-02-01,2008-01-31,Prod. Sold Swine or Pork Market Formula,150815,54.03,203.49,54.03,30689344.35,1658145275.2305002,29190532.8,1581543067.104,55,2008,23,54.10312272717313
2008-02-01,2008-01-31,Prod. Sold Negotiated,32809,54.02,196.72,54.02,6454186.48,348655153.6496,6099918.09,326528615.3577,55,2008,23,53.78191373527008
2008-02-04,2008-02-01,Prod. Sold Negotiated,49715,54.48,199.76,54.48,9931068.4,541044606.432,6454186.48,348655153.6496,61,2008,24,54.29880502912263
2008-02-04,2008-02-01,Prod. Sold Swine or Pork Market Formula,189801,54.85,203.6,54.85,38643483.6,2119595075.46,30689344.35,1658145275.2305002,61,2008,24,54.48703683938656
2008-02-05,2008-02-04,Prod. Sold Negotiated,39652,55.73,198.91,55.73,7887179.32,439552503.5036,9931068.4,541044606.432,62,2008,25,55.033307727276345
2008-02-05,2008-02-04,Prod. Sold Swine or Pork Market Formula,138719,55.83,202.97,55.83,28155795.43,1571938058.8569,38643483.6,2119595075.46,62,2008,25,55.263068522925344
2008-02-06,2008-02-05,Prod. Sold Negotiated,38765,56.4,199.35,56.4,7727802.75,435848075.1,7887179.32,439552503.5036,63,2008,26,56.061580774111
2008-02-06,2008-02-05,Prod. Sold Swine or Pork Market Formula,144423,56.8,202.71,56.79999999999999,29275986.33,1662876023.544,28155795.43,1571938058.8569,63,2008,26,56.3244597898559
2008-02-07,2008-02-06,Prod. Sold Negotiated,34593,57.85,196.95,57.85,6813091.35,394137334.5975,7727802.75,435848075.1,64,2008,27,57.07939305448212
2008-02-07,2008-02-06,Prod. Sold Swine or Pork Market Formula,133344,57.9,202.35,57.9,26982158.4,1562266971.36,29275986.33,1662876023.544,64,2008,27,57.32757470731473
2008-02-08,2008-02-07,Prod. Sold Swine or Pork Market Formula,140260,57.87,203.25,57.87,28507845.0,1649748990.15,26982158.4,1562266971.36,65,2008,28,57.88458757798526
2008-02-08,2008-02-07,Prod. Sold Negotiated,36887,57.83,198.71,57.82999999999999,7329815.77,423883245.9791,6813091.35,394137334.5975,65,2008,28,57.83963464059007
2008-02-11,2008-02-08,Prod. Sold Negotiated,53968,57.9,198.52,57.9,10713727.36,620324814.144,7329815.77,423883245.9791,71,2008,29,57.871563949485775
2008-02-11,2008-02-08,Prod. Sold Swine or Pork Market Formula,183743,57.88,204.59,57.88,37591980.37,2175823823.8156,28507845.0,1649748990.15,71,2008,29,57.8756871527511
2008-02-12,2008-02-11,Prod. Sold Swine or Pork Market Formula,155108,58.42,202.11,58.42,31348877.880000003,1831401445.7496,37591980.37,2175823823.8156,72,2008,30,58.125549511348005
2008-02-12,2008-02-11,Prod. Sold Negotiated,36735,57.58,198.09,57.58,7276836.15,419000225.517,10713727.36,620324814.144,72,2008,30,57.77056616838568
2008-02-13,2008-02-12,Prod. Sold Negotiated,36709,57.42,198.83,57.42,7298850.47,419099993.98740005,7276836.15,419000225.517,73,2008,31,57.4998791723748
2008-02-13,2008-02-12,Prod. Sold Swine or Pork Market Formula,148759,58.22,202.6,58.22,30138573.4,1754667743.3479998,31348877.880000003,1831401445.7496,73,2008,31,58.32196837640007
2008-02-14,2008-02-13,Prod. Sold Negotiated,36637,57.89,196.89,57.89000000000001,7213458.93,417587137.4577,7298850.47,419099993.98740005,74,2008,32,57.653617242001474
2008-02-14,2008-02-13,Prod. Sold Swine or Pork Market Formula,161192,58.53,202.69,58.53,32672006.48,1912292539.2744,30138573.4,1754667743.3479998,74,2008,32,58.38125184687278
2008-02-15,2008-02-14,Prod. Sold Negotiated,34185,57.99,195.34,57.99,6677697.9,387239701.221,7213458.93,417587137.4577,75,2008,33,57.93807157518788
2008-02-15,2008-02-14,Prod. Sold Swine or Pork Market Formula,158204,58.69,202.89,58.69,32098009.56,1883832181.0764,32672006.48,1912292539.2744,75,2008,33,58.609291033777545
2008-02-18,2008-02-15,Prod. Sold Swine or Pork Market Formula,178102,59.09,203.96,59.09,36325683.92,2146484662.8328,32098009.56,1883832181.0764,81,2008,34,58.902357340403526
2008-02-18,2008-02-15,Prod. Sold Negotiated,42594,58.57,199.19,58.57,8484298.86,496925384.2302,6677697.9,387239701.221,81,2008,34,58.314554438092365
2008-02-19,2008-02-18,Prod. Sold Swine or Pork Market Formula,118977,59.66,200.75,59.66,23884632.75,1424957189.865,36325683.92,2146484662.8328,82,2008,35,59.31611142774945
2008-02-19,2008-02-18,Prod. Sold Negotiated,29030,58.66,199.72,58.65999999999999,5797871.6,340103148.05599993,8484298.86,496925384.2302,82,2008,35,58.60653565439941
2008-02-20,2008-02-19,Prod. Sold Swine or Pork Market Formula,134375,60.38,201.34,60.38,27055062.5,1633584673.75,23884632.75,1424957189.865,83,2008,36,60.04240599800212
2008-02-20,2008-02-19,Prod. Sold Negotiated,29972,59.32,197.15,59.32,5908979.8,350520681.736,5797871.6,340103148.05599993,83,2008,36,58.9931319869662
2008-02-21,2008-02-20,Prod. Sold Swine or Pork Market Formula,137011,60.62,201.91,60.62,27663891.01,1676985073.0261998,27055062.5,1633584673.75,84,2008,37,60.50133517577573
2008-02-21,2008-02-20,Prod. Sold Negotiated,30718,59.02,196.85,59.02,6046838.3,356884396.466,5908979.8,350520681.736,84,2008,37,59.168270400667936
2008-02-22,2008-02-21,Prod. Sold Swine or Pork Market Formula,144996,60.37,202.69,60.37,29389239.24,1774228372.9188,27663891.01,1676985073.0261998,85,2008,38,60.49121986510109
2008-02-22,2008-02-21,Prod. Sold Negotiated,30736,59.28,196.01,59.28,6024563.36,357136115.9808,6046838.3,356884396.466,85,2008,38,59.14976011549598
2008-02-25,2008-02-22,Prod. Sold Swine or Pork Market Formula,177302,60.3,202.57,60.3,35916066.14,2165738788.242,29389239.24,1774228372.9188,91,2008,39,60.33150198494333
2008-02-25,2008-02-22,Prod. Sold Negotiated,53697,59.58,199.99,59.58,10738863.03,639821459.3274001,6024563.36,357136115.9808,91,2008,39,59.472183795487176
2008-02-26,2008-02-25,Prod. Sold Swine or Pork Market Formula,131251,60.44,202.68,60.44,26601952.68,1607822019.9792,35916066.14,2165738788.242,92,2008,40,60.359571199559646
2008-02-26,2008-02-25,Prod. Sold Negotiated,30791,59.66,197.08,59.66,6068290.28,362034198.1048,10738863.03,639821459.3274001,92,2008,40,59.6088843216603
2008-02-27,2008-02-26,Prod. Sold Swine or Pork Market Formula,139690,60.2,201.51,60.2,28148931.9,1694565700.38,26601952.68,1607822019.9792,93,2008,41,60.31660941539439
2008-02-27,2008-02-26,Prod. Sold Negotiated,34894,59.14,197.92,59.13999999999999,6906220.48,408433879.1872,6068290.28,362034198.1048,93,2008,41,59.383208472671534
2008-02-28,2008-02-27,Prod. Sold Negotiated,32043,58.78,197.97,58.78,6343552.71,372874028.2938,6906220.48,408433879.1872,94,2008,42,58.967643919420176
2008-02-28,2008-02-27,Prod. Sold Swine or Pork Market Formula,138732,60.03,202.6,60.03,28107103.2,1687269405.096,28148931.9,1694565700.38,94,2008,42,60.115063201032456
2008-02-29,2008-02-28,Prod. Sold Swine or Pork Market Formula,153633,59.1,202.25,59.1,31072274.25,1836371408.175,28107103.2,1687269405.096,95,2008,43,59.54170126659552
2008-02-29,2008-02-28,Prod. Sold Negotiated,31804,58.29,197.41,58.29,6278427.64,365969547.1356,6343552.71,372874028.2938,95,2008,43,58.536264115591024
2008-03-03,2008-02-29,Prod. Sold Swine or Pork Market Formula,188574,58.66,203.75,58.66,38421952.5,2253831733.65,31072274.25,1836371408.175,101,2008,44,58.85673289867924
2008-03-03,2008-02-29,Prod. Sold Negotiated,43568,58.21,198.05,58.21,8628642.4,502273274.104,6278427.64,365969547.1356,101,2008,44,58.24369369097028
2008-03-04,2008-03-03,Prod. Sold Negotiated,31463,56.94,197.74,56.940000000000005,6221493.62,354251846.7228,8628642.4,502273274.104,102,2008,45,57.67793100839221
2008-03-04,2008-03-03,Prod. Sold Swine or Pork Market Formula,145278,57.9,202.59,57.9,29431870.02,1704105274.158,38421952.5,2253831733.65,102,2008,45,58.33034692542772
2008-03-05,2008-03-04,Prod. Sold Swine or Pork Market Formula,141102,57.26,202.54,57.26,28578799.08,1636422035.3207998,29431870.02,1704105274.158,103,2008,46,57.58470573267013
2008-03-05,2008-03-04,Prod. Sold Negotiated,32423,56.19,197.85,56.19,6414890.55,360452700.0045,6221493.62,354251846.7228,103,2008,46,56.55926071194304
2008-03-06,2008-03-05,Prod. Sold Swine or Pork Market Formula,149729,56.63,202.99,56.63,30393489.71,1721183322.2773,28578799.08,1636422035.3207998,104,2008,47,56.935306844787966
2008-03-06,2008-03-05,Prod. Sold Negotiated,31003,55.62,197.38,55.62,6119372.14,340359478.42679995,6414890.55,360452700.0045,104,2008,47,55.911719401765616
2008-03-07,2008-03-06,Prod. Sold Negotiated,34191,54.84,197.98,54.84,6769134.18,371219318.4312,6119372.14,340359478.42679995,105,2008,48,55.210338513299504
2008-03-07,2008-03-06,Prod. Sold Swine or Pork Market Formula,147279,55.97,202.79,55.97,29866708.41,1671639669.7077,30393489.71,1721183322.2773,105,2008,48,56.30288478688128
2008-03-10,2008-03-07,Prod. Sold Swine or Pork Market Formula,203843,55.28,203.88,55.28,41559510.84,2297409759.2352,29866708.41,1671639669.7077,111,2008,49,55.56852190441117
2008-03-10,2008-03-07,Prod. Sold Negotiated,41642,54.64,198.84,54.64,8280095.28,452424406.0992,6769134.18,371219318.4312,111,2008,49,54.72995987732119
2008-03-11,2008-03-10,Prod. Sold Negotiated,33500,53.34,198.97,53.34,6665495.0,355537503.3,8280095.28,452424406.0992,112,2008,50,54.060220724798285
2008-03-11,2008-03-10,Prod. Sold Swine or Pork Market Formula,153330,55.11,202.59,55.11,31063124.7,1711888802.217,41559510.84,2297409759.2352,112,2008,50,55.20728532695442
2008-03-12,2008-03-11,Prod. Sold Negotiated,31331,52.93,198.18,52.93,6209177.58,328651769.3094,6665495.0,355537503.3,113,2008,51,53.14226582136507
2008-03-12,2008-03-11,Prod. Sold Swine or Pork Market Formula,154372,54.98,203.05,54.98,31345234.6,1723360998.308,31063124.7,1711888802.217,113,2008,51,55.04470617488257
2008-03-13,2008-03-12,Prod. Sold Negotiated,30697,52.83,198.24,52.82999999999999,6085373.28,321490270.3824,6209177.58,328651769.3094,114,2008,52,52.88050349256923
2008-03-13,2008-03-12,Prod. Sold Swine or Pork Market Formula,149947,54.71,202.25,54.71,30326780.75,1659178174.8325,31345234.6,1723360998.308,114,2008,52,54.847229394790645
2008-03-14,2008-03-13,Prod. Sold Negotiated,30236,52.55,198.25,52.55,5994287.0,314999781.85,6085373.28,321490270.3824,115,2008,53,52.69105566538333
2008-03-14,2008-03-13,Prod. Sold Swine or Pork Market Formula,157685,53.75,203.92,53.75,32155125.2,1728337979.5,30326780.75,1659178174.8325,115,2008,53,54.215954248311455
2008-03-17,2008-03-14,Prod. Sold Negotiated,56913,52.16,199.79,52.16,11370648.27,593093013.7631999,5994287.0,314999781.85,121,2008,54,52.29462600888808
2008-03-17,2008-03-14,Prod. Sold Swine or Pork Market Formula,211471,53.32,203.46,53.32,43025889.66,2294140436.6712003,32155125.2,1728337979.5,121,2008,54,53.50391217332924
2008-03-18,2008-03-17,Prod. Sold Negotiated,32165,51.54,197.94,51.53999999999999,6366740.1,328141784.75399995,11370648.27,593093013.7631999,122,2008,55,51.93745433658789
2008-03-18,2008-03-17,Prod. Sold Swine or Pork Market Formula,127233,53.37,201.76,53.37,25670530.08,1370036190.3695998,43025889.66,2294140436.6712003,122,2008,55,53.338684037812406
2008-03-19,2008-03-18,Prod. Sold Swine or Pork Market Formula,135039,53.09,202.04,53.09,27283279.56,1448469311.8404,25670530.08,1370036190.3695998,123,2008,56,53.22573619105528
2008-03-19,2008-03-18,Prod. Sold Negotiated,29875,51.09,197.06,51.09000000000001,5887167.5,300775387.57500005,6366740.1,328141784.75399995,123,2008,56,51.32380566742645
2008-03-20,2008-03-19,Prod. Sold Swine or Pork Market Formula,139148,52.83,202.35,52.83,28156597.8,1487513061.774,27283279.56,1448469311.8404,124,2008,57,52.95795217131411
2008-03-20,2008-03-19,Prod. Sold Negotiated,26084,51.14,195.78,51.14,5106725.5200000005,261157943.0928,5887167.5,300775387.57500005,124,2008,57,51.113225282939865
2008-03-21,2008-03-20,Prod. Sold Negotiated,27547,51.11,198.28,51.11,5462019.16,279163799.2676,5106725.5200000005,261157943.0928,125,2008,58,51.124495739109854
2008-03-21,2008-03-20,Prod. Sold Swine or Pork Market Formula,148323,52.46,201.8,52.46,29931581.4,1570210760.2440002,28156597.8,1487513061.774,125,2008,58,52.63934700879727
2008-03-24,2008-03-21,Prod. Sold Swine or Pork Market Formula,180917,52.01,203.44,52.01,36805754.48,1914267290.5048,29931581.4,1570210760.2440002,131,2008,59,52.211824233053285
2008-03-24,2008-03-21,Prod. Sold Negotiated,51682,50.97,200.5,50.97,10362241.0,528163423.77,5462019.16,279163799.2676,131,2008,59,51.0183234397481
2008-03-25,2008-03-24,Prod. Sold Swine or Pork Market Formula,105360,52.22,202.59,52.22,21344882.4,1114629758.928,36805754.48,1914267290.5048,132,2008,60,52.0870829958965
2008-03-25,2008-03-24,Prod. Sold Negotiated,28100,50.92,197.03,50.92,5536543.0,281920769.56,10362241.0,528163423.77,132,2008,60,50.95258815579858
2008-03-26,2008-03-25,Prod. Sold Swine or Pork Market Formula,150197,52.56,202.23,52.56,30374339.31,1596475274.1336,21344882.4,1114629758.928,133,2008,61,52.41967963600278
2008-03-26,2008-03-25,Prod. Sold Negotiated,25995,50.7,197.24,50.7,5127253.8,259951767.66,5536543.0,281920769.56,133,2008,61,50.81422193078548
2008-03-27,2008-03-26,Prod. Sold Negotiated,33275,51.44,196.31,51.44,6532215.25,336017152.46,5127253.8,259951767.66,134,2008,62,51.11458485495958
2008-03-27,2008-03-26,Prod. Sold Swine or Pork Market Formula,144368,52.9,201.56,52.9,29098814.08,1539327264.832,30374339.31,1596475274.1336,134,2008,62,52.726353997110635
2008-03-28,2008-03-27,Prod. Sold Swine or Pork Market Formula,152823,52.93,202.19,52.93,30899282.37,1635499015.8441,29098814.08,1539327264.832,135,2008,63,52.91545013135329
2008-03-28,2008-03-27,Prod. Sold Negotiated,26820,51.41,196.56,51.41,5271739.2,271020112.272,6532215.25,336017152.46,135,2008,63,51.42660176327604
2008-03-31,2008-03-28,Prod. Sold Swine or Pork Market Formula,235072,54.13,202.91,54.13,47698459.52,2581917613.8176,30899282.37,1635499015.8441,141,2008,64,53.65824167778391
2008-03-31,2008-03-28,Prod. Sold Negotiated,67909,52.69,199.92,52.69,13576367.28,715338791.9832,5271739.2,271020112.272,141,2008,64,52.33198917365199
2008-04-01,2008-03-31,Prod. Sold Swine or Pork Market Formula,138806,54.76,202.19,54.75999999999999,28065185.14,1536849538.2664,47698459.52,2581917613.8176,142,2008,65,54.36337138435652
2008-04-01,2008-03-31,Prod. Sold Negotiated,34441,53.47,197.52,53.470000000000006,6802786.32,363744984.5304,13576367.28,715338791.9832,142,2008,65,52.95037260593589
2008-04-02,2008-04-01,Prod. Sold Swine or Pork Market Formula,147267,54.44,201.79,54.44,29717007.93,1617793911.7092,28065185.14,1536849538.2664,143,2008,66,54.59542607103749
2008-04-02,2008-04-01,Prod. Sold Negotiated,33604,53.46,197.8,53.46,6646871.2,355341734.352,6802786.32,363744984.5304,143,2008,66,53.465057962487066
2008-04-03,2008-04-02,Prod. Sold Swine or Pork Market Formula,144945,54.68,201.45,54.68,29199170.25,1596610629.27,29717007.93,1617793911.7092,144,2008,67,54.55894527235948
2008-04-03,2008-04-02,Prod. Sold Negotiated,33637,53.25,196.4,53.24999999999999,6606306.8,351785837.1,6646871.2,355341734.352,144,2008,67,53.355321376653954
2008-04-04,2008-04-03,Prod. Sold Swine or Pork Market Formula,153151,54.56,202.69,54.56,31042176.19,1693661132.9264002,29199170.25,1596610629.27,145,2008,68,54.61816437774162
2008-04-04,2008-04-03,Prod. Sold Negotiated,30647,53.41,197.29,53.40999999999999,6046346.63,322935373.50829995,6606306.8,351785837.1,145,2008,68,53.32645949256037
2008-04-07,2008-04-04,Prod. Sold Swine or Pork Market Formula,214661,55.1,202.73,55.1,43518224.53,2397854171.603,31042176.19,1693661132.9264002,151,2008,69,54.87517858030901
2008-04-07,2008-04-04,Prod. Sold Negotiated,58108,54.08,198.69,54.08,11545478.52,624379478.3615999,6046346.63,322935373.50829995,151,2008,69,53.84971961649471
2008-04-08,2008-04-07,Prod. Sold Negotiated,29653,54.05,198.09,54.05,5873962.7700000005,317487687.7185,11545478.52,624379478.3615999,152,2008,70,54.06988378099123
2008-04-08,2008-04-07,Prod. Sold Swine or Pork Market Formula,148394,55.35,202.23,55.35,30009718.62,1661037925.617,43518224.53,2397854171.603,152,2008,70,55.202035081271006
2008-04-09,2008-04-08,Prod. Sold Negotiated,33052,55.25,196.77,55.24999999999999,6503642.04,359326222.71,5873962.7700000005,317487687.7185,153,2008,71,54.68052347912212
2008-04-09,2008-04-08,Prod. Sold Swine or Pork Market Formula,154579,56.16,201.44,56.16,31138393.76,1748732193.5615995,30009718.62,1661037925.617,153,2008,71,55.76247551173549
2008-04-10,2008-04-09,Prod. Sold Negotiated,34857,56.31,197.65,56.31,6889486.05,387946959.4755,6503642.04,359326222.71,154,2008,72,55.795268824723074
2008-04-10,2008-04-09,Prod. Sold Swine or Pork Market Formula,150567,56.87,202.1,56.87,30429590.7,1730530823.109,31138393.76,1748732193.5615995,154,2008,72,56.51091305305011
2008-04-11,2008-04-10,Prod. Sold Negotiated,33988,57.22,195.55,57.220000000000006,6646353.4,380304341.548,6889486.05,387946959.4755,155,2008,73,56.75682722607204
2008-04-11,2008-04-10,Prod. Sold Swine or Pork Market Formula,165555,57.62,201.97,57.62,33437143.35,1926648199.827,30429590.7,1730530823.109,155,2008,73,57.262659150111965
2008-04-14,2008-04-11,Prod. Sold Swine or Pork Market Formula,198869,58.5,203.15,58.49999999999999,40400237.35,2363413884.975,33437143.35,1926648199.827,161,2008,74,58.1014933646204
2008-04-14,2008-04-11,Prod. Sold Negotiated,58746,58.22,198.79,58.21999999999999,11678117.34,679899991.5347999,6646353.4,380304341.548,161,2008,74,57.85729629661325
2008-04-15,2008-04-14,Prod. Sold Swine or Pork Market Formula,145651,59.47,200.4,59.47,29188460.4,1735837739.9880002,40400237.35,2363413884.975,162,2008,75,58.9068592674304
2008-04-15,2008-04-14,Prod. Sold Negotiated,33806,59.04,196.31,59.040000000000006,6636455.86,391816353.9744,11678117.34,679899991.5347999,162,2008,75,58.517134623109854
2008-04-16,2008-04-15,Prod. Sold Swine or Pork Market Formula,159692,60.18,200.51,60.18,32019842.92,1926954146.9256,29188460.4,1735837739.9880002,163,2008,76,59.84142164118396
2008-04-16,2008-04-15,Prod. Sold Negotiated,34107,60.14,195.2,60.14,6657686.4,400393260.096,6636455.86,391816353.9744,163,2008,76,59.590878341510994
2008-04-17,2008-04-16,Prod. Sold Swine or Pork Market Formula,139388,61.33,200.37,61.33,27929173.56,1712896214.4348,32019842.92,1926954146.9256,164,2008,77,60.715764412494
2008-04-17,2008-04-16,Prod. Sold Negotiated,28979,61.09,196.42,61.09,5692055.18,347727650.9462,6657686.4,400393260.096,164,2008,77,60.5778595605399
2008-04-18,2008-04-17,Prod. Sold Swine or Pork Market Formula,142495,62.0,201.53,62.0,28717017.35,1780455075.7,27929173.56,1712896214.4348,165,2008,78,61.66965923066335
2008-04-18,2008-04-17,Prod. Sold Negotiated,32256,62.24,195.25,62.24,6297984.0,391986524.16,5692055.18,347727650.9462,165,2008,78,61.69405820959127
2008-04-21,2008-04-18,Prod. Sold Negotiated,57525,63.54,198.84,63.540000000000006,11438271.0,726787739.34,6297984.0,391986524.16,171,2008,79,63.07838173842223
2008-04-21,2008-04-18,Prod. Sold Swine or Pork Market Formula,208928,64.02,202.16,64.02,42236884.48,2704005344.4096,28717017.35,1780455075.7,171,2008,79,63.202449822337
2008-04-22,2008-04-21,Prod. Sold Negotiated,36866,65.73,196.57,65.73,7246749.62,476328852.52260005,11438271.0,726787739.34,172,2008,80,64.3893638830033
2008-04-22,2008-04-21,Prod. Sold Swine or Pork Market Formula,116592,65.54,198.77,65.54,23174991.84,1518888965.1936002,42236884.48,2704005344.4096,172,2008,80,64.55852586989666
2008-04-23,2008-04-22,Prod. Sold Negotiated,32811,66.69,196.22,66.69,6438174.42,429361852.0698,7246749.62,476328852.52260005,173,2008,81,66.18163914868175
2008-04-23,2008-04-22,Prod. Sold Swine or Pork Market Formula,140116,66.74,200.22,66.74,28054025.52,1872325663.2048,23174991.84,1518888965.1936002,173,2008,81,66.19714378996241
2008-04-24,2008-04-23,Prod. Sold Swine or Pork Market Formula,141680,68.35,199.8,68.35,28307664.0,1934828834.4,28054025.52,1872325663.2048,174,2008,82,67.54862265535577
2008-04-24,2008-04-23,Prod. Sold Negotiated,37387,68.27,196.72,68.27,7354770.64,502110191.5928,6438174.42,429361852.0698,174,2008,82,67.5324986513504
2008-04-25,2008-04-24,Prod. Sold Swine or Pork Market Formula,142708,69.31,200.07,69.31,28551589.56,1978910672.4036,28307664.0,1934828834.4,175,2008,83,68.83205919461598
2008-04-25,2008-04-24,Prod. Sold Negotiated,35891,68.8,197.49,68.8,7088113.590000001,487662214.992,7354770.64,502110191.5928,175,2008,83,68.53010734025665
2008-04-28,2008-04-25,Prod. Sold Swine or Pork Market Formula,178071,70.77,200.71,70.77,35740630.410000004,2529364414.1157,28551589.56,1978910672.4036,181,2008,84,70.12162729211947
2008-04-28,2008-04-25,Prod. Sold Negotiated,69888,71.01,199.39,71.01,13934968.319999998,989522100.4032,7088113.590000001,487662214.992,181,2008,84,70.26487941772949
2008-04-29,2008-04-28,Prod. Sold Negotiated,30910,72.19,194.58,72.19,6014467.800000001,434184430.48200005,13934968.319999998,989522100.4032,182,2008,85,71.36575301283254
2008-04-29,2008-04-28,Prod. Sold Swine or Pork Market Formula,132401,72.02,199.0,72.02,26347799.0,1897568483.98,35740630.410000004,2529364414.1157,182,2008,85,71.30044905569306
2008-04-30,2008-04-29,Prod. Sold Negotiated,40337,72.89,195.76,72.89000000000001,7896371.119999998,575566490.9368,6014467.800000001,434184430.48200005,183,2008,86,72.58734913298817
2008-04-30,2008-04-29,Prod. Sold Swine or Pork Market Formula,134221,73.06,199.47,73.06,26773062.87,1956039973.2822,26347799.0,1897568483.98,183,2008,86,72.544162907088
2008-05-01,2008-04-30,Prod. Sold Negotiated,37309,73.95,195.49,73.95,7293536.41,539357017.5195,7896371.119999998,575566490.9368,184,2008,87,73.39896613947985
2008-05-01,2008-04-30,Prod. Sold Swine or Pork Market Formula,143054,73.41,199.5,73.41,28539273.0,2095068030.93,26773062.87,1956039973.2822,184,2008,87,73.2405880260323
2008-05-02,2008-05-01,Prod. Sold Swine or Pork Market Formula,137496,73.68,200.16,73.68,27521199.36,2027761968.8448,28539273.0,2095068030.93,185,2008,88,73.54254836276588
2008-05-02,2008-05-01,Prod. Sold Negotiated,36102,73.81,194.93,73.81,7037362.86,519427752.6966,7293536.41,539357017.5195,185,2008,88,73.88125129262036
2008-05-05,2008-05-02,Prod. Sold Negotiated,52926,74.44,198.32,74.44,10496284.32,781343404.7808,7037362.86,519427752.6966,191,2008,89,74.18714110782057
2008-05-05,2008-05-02,Prod. Sold Swine or Pork Market Formula,162533,74.24,200.71,74.24,32621998.43,2421857163.4432,27521199.36,2027761968.8448,191,2008,89,73.98374705356684
2008-05-06,2008-05-05,Prod. Sold Negotiated,37232,75.05,195.64,75.05,7284068.479999999,546669339.4239999,10496284.32,781343404.7808,192,2008,90,74.6898984031858
2008-05-06,2008-05-05,Prod. Sold Swine or Pork Market Formula,130361,75.09,198.8,75.09,25915766.8,1946014929.012,32621998.43,2421857163.4432,192,2008,90,74.6163109454802
2008-05-07,2008-05-06,Prod. Sold Swine or Pork Market Formula,142914,75.81,199.18,75.81,28465610.52,2157977933.5212,25915766.8,1946014929.012,193,2008,91,75.46687974421462
2008-05-07,2008-05-06,Prod. Sold Negotiated,32293,74.89,195.53,74.89,6314250.29,472874204.2181,7284068.479999999,546669339.4239999,193,2008,91,74.97570551819767
2008-05-08,2008-05-07,Prod. Sold Swine or Pork Market Formula,138409,76.86,199.85,76.86,27661038.65,2126027430.639,28465610.52,2157977933.5212,194,2008,92,76.32747415910274
2008-05-08,2008-05-07,Prod. Sold Negotiated,33452,76.58,195.53,76.58,6540869.56,500899790.9048,6314250.29,472874204.2181,194,2008,92,75.74989626587573
2008-05-09,2008-05-08,Prod. Sold Negotiated,40234,77.85,195.32,77.85,7858504.88,611784604.908,6540869.56,500899790.9048,195,2008,93,77.27310658176064
2008-05-09,2008-05-08,Prod. Sold Swine or Pork Market Formula,146522,77.54,200.37,77.54,29358613.14,2276466862.8756003,27661038.65,2126027430.639,195,2008,93,77.21012239304314
2008-05-12,2008-05-09,Prod. Sold Negotiated,49528,79.31,198.43,79.31,9827841.04,779446072.8824002,7858504.88,611784604.908,201,2008,94,78.66128391264665
2008-05-12,2008-05-09,Prod. Sold Swine or Pork Market Formula,149495,78.78,199.92,78.78,29887040.4,2354501042.712,29358613.14,2276466862.8756003,201,2008,94,78.16552993986265
2008-05-13,2008-05-12,Prod. Sold Negotiated,38065,80.51,196.71,80.51,7487766.15,602840052.7365,9827841.04,779446072.8824002,202,2008,95,79.82891448456913
2008-05-13,2008-05-12,Prod. Sold Swine or Pork Market Formula,137409,80.07,199.07,80.07,27354009.63,2190235551.0740995,29887040.4,2354501042.712,202,2008,95,79.39645746198237
2008-05-14,2008-05-13,Prod. Sold Negotiated,34424,81.44,195.38,81.44,6725761.12,547745985.6128,7487766.15,602840052.7365,203,2008,96,80.950070766586
2008-05-14,2008-05-13,Prod. Sold Swine or Pork Market Formula,135818,81.61,199.23,81.61,27059020.14,2208286633.6254,27354009.63,2190235551.0740995,203,2008,96,80.83582559713619
2008-05-15,2008-05-14,Prod. Sold Swine or Pork Market Formula,136777,82.52,199.58,82.52,27297953.66,2252627136.0232,27059020.14,2208286633.6254,204,2008,97,82.0670000147911
2008-05-15,2008-05-14,Prod. Sold Negotiated,36829,82.77,194.75,82.77,7172447.75,593663500.2674999,6725761.12,547745985.6128,204,2008,97,82.12637301372634
2008-05-16,2008-05-15,Prod. Sold Swine or Pork Market Formula,139352,82.91,199.71,82.90999999999998,27829987.92,2307384298.4472,27297953.66,2252627136.0232,205,2008,98,82.71688192553043
2008-05-16,2008-05-15,Prod. Sold Negotiated,36550,82.71,195.25,82.71,7136387.5,590250610.125,7172447.75,593663500.2674999,205,2008,98,82.74007560416212
2008-05-19,2008-05-16,Prod. Sold Negotiated,36436,82.6,194.79,82.6,7097368.44,586242633.1439999,7136387.5,590250610.125,211,2008,99,82.65515077175054
2008-05-19,2008-05-16,Prod. Sold Swine or Pork Market Formula,131424,82.7,200.47,82.7,26346569.28,2178861279.4560003,27829987.92,2307384298.4472,211,2008,99,82.80787502501542
2008-05-20,2008-05-19,Prod. Sold Negotiated,29901,82.23,194.77,82.23,5823817.7700000005,478892535.2271001,7097368.44,586242633.1439999,212,2008,100,82.4332341520446
2008-05-20,2008-05-19,Prod. Sold Swine or Pork Market Formula,134147,82.78,198.23,82.78,26591959.81,2201282433.0718,26346569.28,2178861279.4560003,212,2008,100,82.74018541545011
2008-05-21,2008-05-20,Prod. Sold Negotiated,31522,81.63,197.64,81.63,6230008.079999999,508555559.57039994,5823817.7700000005,478892535.2271001,213,2008,101,81.91989058789164
2008-05-21,2008-05-20,Prod. Sold Swine or Pork Market Formula,143381,82.38,198.5,82.38,28461128.5,2344627765.83,26591959.81,2201282433.0718,213,2008,101,82.5732095773466
2008-05-22,2008-05-21,Prod. Sold Negotiated,34454,81.39,196.57,81.39,6772622.779999999,551223768.0641999,6230008.079999999,508555559.57039994,214,2008,102,81.50499226235817
2008-05-22,2008-05-21,Prod. Sold Swine or Pork Market Formula,141029,82.16,198.88,82.16,28047847.52,2304411152.2432,28461128.5,2344627765.83,214,2008,102,82.27080449002978
2008-05-23,2008-05-22,Prod. Sold Swine or Pork Market Formula,145372,81.5,199.43,81.5,28991537.96,2362810343.74,28047847.52,2304411152.2432,215,2008,103,81.82454030153761
2008-05-23,2008-05-22,Prod. Sold Negotiated,34455,80.56,197.34,80.56,6799349.7,547755611.832,6772622.779999999,551223768.0641999,215,2008,103,80.97418275167324
2008-05-27,2008-05-23,Prod. Sold Negotiated,31981,79.79,195.12,79.79,6240132.72,497900189.7288,6799349.7,547755611.832,222,2008,104,80.19151127938714
2008-05-27,2008-05-23,Prod. Sold Swine or Pork Market Formula,134880,80.98,200.74,80.98,27075811.200000003,2192599190.9760003,28991537.96,2362810343.74,222,2008,104,81.24888376149511
2008-05-28,2008-05-27,Prod. Sold Negotiated,27507,78.76,194.06,78.76,5338008.42,420421543.1592,6240132.72,497900189.7288,223,2008,105,79.31512682250822
2008-05-28,2008-05-27,Prod. Sold Swine or Pork Market Formula,137020,80.07,199.93,80.07,27394408.6,2193470296.602,27075811.200000003,2192599190.9760003,223,2008,105,80.52233869594188
2008-05-29,2008-05-28,Prod. Sold Swine or Pork Market Formula,144460,79.08,200.1,79.08,28906446.0,2285921749.68,27394408.6,2193470296.602,224,2008,106,79.56170608966208
2008-05-29,2008-05-28,Prod. Sold Negotiated,25024,77.31,192.26,77.31,4811114.24,371947241.8944,5338008.42,420421543.1592,224,2008,106,78.07263855195146
2008-05-30,2008-05-29,Prod. Sold Swine or Pork Market Formula,148415,78.19,199.8,78.19,29653317.0,2318592856.23,28906446.0,2285921749.68,225,2008,107,78.62932447165127
2008-05-30,2008-05-29,Prod. Sold Negotiated,29879,76.93,196.12,76.93,5859869.48,450799759.0964001,4811114.24,371947241.8944,225,2008,107,77.10132660485401
2008-06-02,2008-05-30,Prod. Sold Swine or Pork Market Formula,189782,77.35,200.62,77.35,38074064.84,2945028915.374,29653317.0,2318592856.23,231,2008,108,77.7177801445041
2008-06-02,2008-05-30,Prod. Sold Negotiated,38072,76.57,197.62,76.57,7523788.64,576096496.1648,5859869.48,450799759.0964001,231,2008,108,76.72762155562295
2008-06-03,2008-06-02,Prod. Sold Swine or Pork Market Formula,133673,76.18,199.28,76.18,26638355.44,2029309917.4192,38074064.84,2945028915.374,232,2008,109,76.86837876361376
2008-06-03,2008-06-02,Prod. Sold Negotiated,28206,75.19,197.09,75.19,5559120.54,417990273.4026,7523788.64,576096496.1648,232,2008,109,75.98361770232819
2008-06-04,2008-06-03,Prod. Sold Swine or Pork Market Formula,136220,75.91,199.59,75.91,27188149.8,2063852451.318,26638355.44,2029309917.4192,233,2008,110,76.04362108382723
2008-06-04,2008-06-03,Prod. Sold Negotiated,36078,74.65,196.49,74.65,7088966.220000001,529191328.3230001,5559120.54,417990273.4026,233,2008,110,74.88734222800349
2008-06-05,2008-06-04,Prod. Sold Negotiated,37037,74.6,196.48,74.6,7277029.76,542866420.096,7088966.220000001,529191328.3230001,234,2008,111,74.62467272798163
2008-06-05,2008-06-04,Prod. Sold Swine or Pork Market Formula,140162,75.55,199.7,75.55,27990351.4,2114671048.27,27188149.8,2063852451.318,234,2008,111,75.72738310601302
2008-06-06,2008-06-05,Prod. Sold Swine or Pork Market Formula,134692,75.2,199.34,75.2,26849503.28,2019082646.656,27990351.4,2114671048.27,235,2008,112,75.37864057166388
2008-06-06,2008-06-05,Prod. Sold Negotiated,35092,73.89,196.12,73.89,6882243.04,508528938.2256,7277029.76,542866420.096,235,2008,112,74.254898056742
2008-06-09,2008-06-06,Prod. Sold Negotiated,35620,74.3,196.83,74.3,7011084.600000001,520923585.78,6882243.04,508528938.2256,241,2008,113,74.09690109385485
2008-06-09,2008-06-06,Prod. Sold Swine or Pork Market Formula,135018,74.96,199.08,74.96,26879383.44,2014878582.6624,26849503.28,2019082646.656,241,2008,113,75.07993326459157
2008-06-10,2008-06-09,Prod. Sold Swine or Pork Market Formula,138740,74.91,199.44,74.91,27670305.6,2072782592.496,26879383.44,2014878582.6624,242,2008,114,74.93463752215001
2008-06-10,2008-06-09,Prod. Sold Negotiated,37708,74.15,198.62,74.15,7489562.96,555351093.4840001,7011084.600000001,520923585.78,242,2008,114,74.2225252224529
2008-06-11,2008-06-10,Prod. Sold Negotiated,33291,74.47,195.09,74.47,6494741.19,483663376.4193,7489562.96,555351093.4840001,243,2008,115,74.29861784744578
2008-06-11,2008-06-10,Prod. Sold Swine or Pork Market Formula,132652,75.15,198.84,75.15,26376523.68,1982195754.552,27670305.6,2072782592.496,243,2008,115,75.02712742019342
2008-06-12,2008-06-11,Prod. Sold Negotiated,29650,73.62,194.38,73.62,5763367.0,424299078.54,6494741.19,483663376.4193,244,2008,116,74.0703574226897
2008-06-12,2008-06-11,Prod. Sold Swine or Pork Market Formula,139338,74.75,199.62,74.75,27814651.56,2079145204.11,26376523.68,1982195754.552,244,2008,116,74.94469239087866
2008-06-13,2008-06-12,Prod. Sold Swine or Pork Market Formula,127200,73.9,198.08,73.9,25195776.0,1861967846.4,27814651.56,2079145204.11,245,2008,117,74.34599628628236
2008-06-13,2008-06-12,Prod. Sold Negotiated,25912,72.68,194.73,72.68,5045843.76,366731924.4768,5763367.0,424299078.54,245,2008,117,73.18119894044882
2008-06-16,2008-06-13,Prod. Sold Negotiated,29830,71.91,195.15,71.91,5821324.5,418611444.795,5045843.76,366731924.4768,251,2008,118,72.26752641371176
2008-06-16,2008-06-13,Prod. Sold Swine or Pork Market Formula,150180,73.55,199.36,73.55,29939884.8,2202078527.04,25195776.0,1861967846.4,251,2008,118,73.70994224920942
2008-06-17,2008-06-16,Prod. Sold Swine or Pork Market Formula,122114,73.32,197.49,73.32,24116293.86,1768206665.8152,29939884.8,2202078527.04,252,2008,119,73.44738920276464
2008-06-17,2008-06-16,Prod. Sold Negotiated,28171,71.73,194.1,71.73,5467991.1,392219001.603,5821324.5,418611444.795,252,2008,119,71.82281682319166
2008-06-18,2008-06-17,Prod. Sold Negotiated,29464,71.94,193.88,71.94,5712480.32,410955834.2208,5467991.1,392219001.603,253,2008,120,71.83729608995324
2008-06-18,2008-06-17,Prod. Sold Swine or Pork Market Formula,132721,73.53,197.89,73.53,26264158.69,1931203588.4757,24116293.86,1768206665.8152,253,2008,120,73.42947645457187
2008-06-19,2008-06-18,Prod. Sold Swine or Pork Market Formula,129688,73.8,197.22,73.8,25577067.36,1887587571.168,26264158.69,1931203588.4757,254,2008,121,73.66321074197859
2008-06-19,2008-06-18,Prod. Sold Negotiated,31836,72.59,195.21,72.59,6214705.5600000005,451125476.6004,5712480.32,410955834.2208,254,2008,121,72.27868497184853
2008-06-20,2008-06-19,Prod. Sold Negotiated,32221,73.35,194.3,73.35,6260540.300000001,459210631.005,6214705.5600000005,451125476.6004,255,2008,122,72.97139614091742
2008-06-20,2008-06-19,Prod. Sold Swine or Pork Market Formula,131491,74.0,198.11,74.0,26049682.01,1927676468.74,25577067.36,1887587571.168,255,2008,122,73.90091544529874
2008-06-23,2008-06-20,Prod. Sold Swine or Pork Market Formula,156456,74.46,199.59,74.46,31227053.04,2325166369.3584,26049682.01,1927676468.74,261,2008,123,74.25079020977472
2008-06-23,2008-06-20,Prod. Sold Negotiated,36770,74.3,195.07,74.3,7172723.9,532933385.7699999,6260540.300000001,459210631.005,261,2008,123,73.85725479701351
2008-06-24,2008-06-23,Prod. Sold Swine or Pork Market Formula,138109,75.36,197.34,75.36,27254430.06,2053893849.3216,31227053.04,2325166369.3584,262,2008,124,74.87943168595875
2008-06-24,2008-06-23,Prod. Sold Negotiated,33019,75.23,193.2,75.23,6379270.8,479912542.284,7172723.9,532933385.7699999,262,2008,124,74.7377748055052
2008-06-25,2008-06-24,Prod. Sold Swine or Pork Market Formula,140431,76.15,197.41,76.15,27722483.71,2111067134.5165,27254430.06,2053893849.3216,263,2008,125,75.75836288778457
2008-06-25,2008-06-24,Prod. Sold Negotiated,32738,76.39,193.17,76.39,6323999.46,483090318.7494,6379270.8,479912542.284,263,2008,125,75.80747644688779
2008-06-26,2008-06-25,Prod. Sold Swine or Pork Market Formula,146444,76.48,197.55,76.48,28930012.200000003,2212567333.056,27722483.71,2111067134.5165,264,2008,126,76.31851691832193
2008-06-26,2008-06-25,Prod. Sold Negotiated,33255,76.45,193.41,76.45,6431849.55,491714898.0975,6323999.46,483090318.7494,264,2008,126,76.42025364855742
2008-06-27,2008-06-26,Prod. Sold Swine or Pork Market Formula,131984,76.43,196.69,76.43,25959932.96,1984117676.1328003,28930012.200000003,2212567333.056,265,2008,127,76.4563527428527
2008-06-27,2008-06-26,Prod. Sold Negotiated,30406,76.52,194.22,76.52,5905453.32,451885288.0464,6431849.55,491714898.0975,265,2008,127,76.48350665350085
2008-06-30,2008-06-27,Prod. Sold Swine or Pork Market Formula,165313,76.53,197.75,76.53,32690645.75,2501815119.2475,25959932.96,1984117676.1328003,271,2008,128,76.48573797645142
2008-06-30,2008-06-27,Prod. Sold Negotiated,38479,76.44,193.2,76.44,7434142.8,568265875.632,5905453.32,451885288.0464,271,2008,128,76.47541608466628
2008-07-01,2008-06-30,Prod. Sold Negotiated,29514,74.39,191.54,74.39,5653111.56,420534968.9484,7434142.8,568265875.632,272,2008,129,75.55449121571134
2008-07-01,2008-06-30,Prod. Sold Swine or Pork Market Formula,127230,75.7,196.63,75.7,25017234.9,1893804681.93,32690645.75,2501815119.2475,272,2008,129,76.17018250656378
2008-07-02,2008-07-01,Prod. Sold Swine or Pork Market Formula,143826,75.4,196.49,75.4,28260370.74,2130831953.796,25017234.9,1893804681.93,273,2008,130,75.54086913966654
2008-07-02,2008-07-01,Prod. Sold Negotiated,25608,73.34,191.51,73.34,4904188.08,359673153.78720003,5653111.56,420534968.9484,273,2008,130,73.90224293525877
2008-07-03,2008-07-02,Prod. Sold Swine or Pork Market Formula,134017,75.0,196.45,75.0,26327639.65,1974572973.75,28260370.74,2130831953.796,274,2008,131,75.2070811560128
2008-07-03,2008-07-02,Prod. Sold Negotiated,25083,72.53,190.05,72.53,4767024.15,345752261.59950006,4904188.08,359673153.78720003,274,2008,131,72.94074399468536
2008-07-07,2008-07-03,Prod. Sold Swine or Pork Market Formula,134973,74.09,197.58,74.09,26667965.34,1975829552.0406,26327639.65,1974572973.75,281,2008,132,74.5420780937593
2008-07-07,2008-07-03,Prod. Sold Negotiated,25065,72.27,193.08,72.27,4839550.2,349754292.954,4767024.15,345752261.59950006,281,2008,132,72.39901854853181
2008-07-08,2008-07-07,Prod. Sold Negotiated,26934,71.83,192.69,71.83,5189912.46,372791412.0018,4839550.2,349754292.954,282,2008,133,72.04231467329677
2008-07-08,2008-07-07,Prod. Sold Swine or Pork Market Formula,136286,73.4,195.99,73.4,26710693.14,1960564876.4760003,26667965.34,1975829552.0406,282,2008,133,73.744723839238
2008-07-09,2008-07-08,Prod. Sold Swine or Pork Market Formula,138931,73.25,196.58,73.25,27311055.98,2000534850.535,26710693.14,1960564876.4760003,283,2008,134,73.32416649842456
2008-07-09,2008-07-08,Prod. Sold Negotiated,31605,71.42,194.08,71.42,6133898.4,438083023.728,5189912.46,372791412.0018,283,2008,134,71.60791060137859
2008-07-10,2008-07-09,Prod. Sold Negotiated,28747,71.57,190.81,71.57,5485215.07,392576842.5599,6133898.4,438083023.728,284,2008,135,71.49081282600642
2008-07-10,2008-07-09,Prod. Sold Swine or Pork Market Formula,139913,73.46,197.42,73.46,27621624.46,2029084532.8316,27311055.98,2000534850.535,284,2008,135,73.35559363006027
2008-07-11,2008-07-10,Prod. Sold Negotiated,31873,71.44,194.25,71.44,6191330.25,442308633.06,5485215.07,392576842.5599,285,2008,136,71.50106925803462
2008-07-11,2008-07-10,Prod. Sold Swine or Pork Market Formula,145143,73.6,197.22,73.6,28625102.46,2106807541.056,27621624.46,2029084532.8316,285,2008,136,73.53124884529012
2008-07-14,2008-07-11,Prod. Sold Swine or Pork Market Formula,167207,73.83,197.87,73.83,33085249.09,2442683940.3147,28625102.46,2106807541.056,291,2008,137,73.7233116827172
2008-07-14,2008-07-11,Prod. Sold Negotiated,46705,72.66,196.41,72.66,9173329.05,666534088.773,6191330.25,442308633.06,291,2008,137,72.16838982124385
2008-07-15,2008-07-14,Prod. Sold Negotiated,30593,73.48,193.26,73.48,5912403.18,434443385.6664,9173329.05,666534088.773,292,2008,138,72.98137456330815
2008-07-15,2008-07-14,Prod. Sold Swine or Pork Market Formula,142130,74.35,196.18,74.35,27883063.4,2073105763.79,33085249.09,2442683940.3147,292,2008,138,74.06781522525128
2008-07-16,2008-07-15,Prod. Sold Negotiated,30242,74.0,191.76,74.0,5799205.92,429141238.08,5912403.18,434443385.6664,293,2008,139,73.73748699881045
2008-07-16,2008-07-15,Prod. Sold Swine or Pork Market Formula,133705,75.04,196.25,75.04,26239606.25,1969020053.0,27883063.4,2073105763.79,293,2008,139,74.68452393293943
2008-07-17,2008-07-16,Prod. Sold Swine or Pork Market Formula,148860,75.71,195.9,75.71,29161674.0,2207830338.54,26239606.25,1969020053.0,294,2008,140,75.39266913493395
2008-07-17,2008-07-16,Prod. Sold Negotiated,30542,75.26,193.32,75.26,5904379.44,444363596.6544,5799205.92,429141238.08,294,2008,140,74.6356614546365
2008-07-18,2008-07-17,Prod. Sold Negotiated,33194,75.68,194.32,75.68,6450258.08,488155531.4944,5904379.44,444363596.6544,295,2008,141,75.47927866270577
2008-07-18,2008-07-17,Prod. Sold Swine or Pork Market Formula,150097,76.71,196.78,76.71,29536087.66,2265713284.3986,29161674.0,2207830338.54,295,2008,141,76.21318933507352
2008-07-21,2008-07-18,Prod. Sold Negotiated,50339,77.21,195.14,77.21,9823152.46,758445601.4365999,6450258.08,488155531.4944,301,2008,142,76.60355706425875
2008-07-21,2008-07-18,Prod. Sold Swine or Pork Market Formula,164262,77.59,197.42,77.59,32428604.04,2516135387.4636,29536087.66,2265713284.3986,301,2008,142,77.17053923246098
2008-07-22,2008-07-21,Prod. Sold Negotiated,32694,78.39,193.14,78.39,6314519.159999999,494995156.9524,9823152.46,758445601.4365999,302,2008,143,77.671722904286
2008-07-22,2008-07-21,Prod. Sold Swine or Pork Market Formula,129083,78.94,195.93,78.94,25291232.19,1996489869.0786,32428604.04,2516135387.4636,302,2008,143,78.18153257678085
2008-07-23,2008-07-22,Prod. Sold Negotiated,32518,79.38,192.74,79.38,6267519.32,497515683.6216,6314519.159999999,494995156.9524,303,2008,144,78.88315094184958
2008-07-23,2008-07-22,Prod. Sold Swine or Pork Market Formula,135680,79.88,195.8,79.88,26566144.0,2122103582.72,25291232.19,1996489869.0786,303,2008,144,79.42155493383437
2008-07-24,2008-07-23,Prod. Sold Swine or Pork Market Formula,147786,80.58,195.7,80.58,28921720.2,2330512213.716,26566144.0,2122103582.72,304,2008,145,80.24485823399199
2008-07-24,2008-07-23,Prod. Sold Negotiated,33191,79.84,192.93,79.84,6403539.63,511258604.0592,6267519.32,497515683.6216,304,2008,145,79.6124689863273
2008-07-25,2008-07-24,Prod. Sold Negotiated,30819,80.73,192.61,80.73,5936047.590000001,479217121.94070005,6403539.63,511258604.0592,305,2008,146,80.26814093056022
2008-07-25,2008-07-24,Prod. Sold Swine or Pork Market Formula,151367,81.1,197.09,81.1,29832922.03,2419449976.633,28921720.2,2330512213.716,305,2008,146,80.84403223416581
2008-07-28,2008-07-25,Prod. Sold Negotiated,56101,81.6,193.96,81.6,10881349.96,887918156.736,5936047.590000001,479217121.94070005,311,2008,147,81.29291554249427
2008-07-28,2008-07-25,Prod. Sold Swine or Pork Market Formula,168182,81.65,196.61,81.65,33066263.020000003,2699860375.5830007,29832922.03,2419449976.633,311,2008,147,81.38913641164896
2008-07-29,2008-07-28,Prod. Sold Swine or Pork Market Formula,141217,82.12,194.82,82.12000000000003,27511895.94,2259276894.5928,33066263.020000003,2699860375.5830007,312,2008,148,81.86345302191073
2008-07-29,2008-07-28,Prod. Sold Negotiated,41721,82.33,192.99,82.33,8051735.79,662899407.5907,10881349.96,887918156.736,312,2008,148,81.91044950645197
2008-07-30,2008-07-29,Prod. Sold Swine or Pork Market Formula,140104,82.48,194.25,82.48,27215202.0,2244709860.96,27511895.94,2259276894.5928,313,2008,149,82.29902415967209
2008-07-30,2008-07-29,Prod. Sold Negotiated,33063,82.03,191.86,82.03,6343467.180000001,520354612.7754,8051735.79,662899407.5907,313,2008,149,82.19780039448099
2008-07-31,2008-07-30,Prod. Sold Swine or Pork Market Formula,145290,82.53,194.88,82.53,28314115.2,2336763927.456,27215202.0,2244709860.96,314,2008,150,82.50549474460313
2008-07-31,2008-07-30,Prod. Sold Negotiated,29497,81.9,190.1,81.9,5607379.7,459244397.43000007,6343467.180000001,520354612.7754,314,2008,150,81.96900353938766
2008-08-01,2008-07-31,Prod. Sold Swine or Pork Market Formula,148083,82.37,195.23,82.37,28910244.09,2381336805.6933,28314115.2,2336763927.456,315,2008,151,82.44916660821033
2008-08-01,2008-07-31,Prod. Sold Negotiated,31526,81.88,192.58,81.88,6071277.08,497116167.3104,5607379.7,459244397.43000007,315,2008,151,81.88960278190484
2008-08-04,2008-08-01,Prod. Sold Swine or Pork Market Formula,137437,82.54,194.94,82.54,26791968.78,2211409103.1012,28910244.09,2381336805.6933,321,2008,152,82.45176757184188
2008-08-04,2008-08-01,Prod. Sold Negotiated,42848,82.02,193.25,82.02,8280376.0,679156439.52,6071277.08,497116167.3104,321,2008,152,81.96077485105987
2008-08-05,2008-08-04,Prod. Sold Negotiated,24712,82.48,189.52,82.48,4683418.24,386288336.4352,8280376.0,679156439.52,322,2008,153,82.18618378466333
2008-08-05,2008-08-04,Prod. Sold Swine or Pork Market Formula,136404,83.04,194.59,83.04,26542854.36,2204118626.0544,26791968.78,2211409103.1012,322,2008,153,82.7888323087744
2008-08-06,2008-08-05,Prod. Sold Negotiated,32177,82.81,190.42,82.81,6127144.34,507388822.7954,4683418.24,386288336.4352,323,2008,154,82.66703537556323
2008-08-06,2008-08-05,Prod. Sold Swine or Pork Market Formula,148868,83.92,194.16,83.92,28904210.88,2425641377.0496,26542854.36,2204118626.0544,323,2008,154,83.49873853673414
2008-08-07,2008-08-06,Prod. Sold Swine or Pork Market Formula,141580,84.67,194.91,84.67,27595357.8,2336498944.926,28904210.88,2425641377.0496,324,2008,155,84.2863128557179
2008-08-07,2008-08-06,Prod. Sold Negotiated,25330,84.04,189.56,84.04,4801554.8,403522665.392,6127144.34,507388822.7954,324,2008,155,83.35040397016547
2008-08-08,2008-08-07,Prod. Sold Swine or Pork Market Formula,151293,85.77,194.98,85.77,29499109.14,2530138590.9377995,27595357.8,2336498944.926,325,2008,156,85.2383391367521
2008-08-08,2008-08-07,Prod. Sold Negotiated,34622,85.1,191.7,85.1,6637037.4,564811882.7399999,4801554.8,403522665.392,325,2008,156,84.6550459358102
2008-08-11,2008-08-08,Prod. Sold Negotiated,55249,86.79,193.25,86.79,10676869.25,926645482.2075,6637037.4,564811882.7399999,331,2008,157,86.14216277685085
2008-08-11,2008-08-08,Prod. Sold Swine or Pork Market Formula,168415,87.31,195.25,87.31,32883028.75,2871017240.1625,29499109.14,2530138590.9377995,331,2008,157,86.5817686566673
2008-08-12,2008-08-11,Prod. Sold Swine or Pork Market Formula,137777,88.56,194.32,88.56,26772826.64,2371001527.2384,32883028.75,2871017240.1625,332,2008,158,87.87098488708637
2008-08-12,2008-08-11,Prod. Sold Negotiated,36903,88.42,190.69,88.42000000000002,7037033.07,622214464.0494001,10676869.25,926645482.2075,332,2008,158,87.43753455771005
2008-08-13,2008-08-12,Prod. Sold Negotiated,35011,89.16,191.13,89.16000000000001,6691652.43,596627730.6588,7037033.07,622214464.0494001,333,2008,159,88.78069169172822
2008-08-13,2008-08-12,Prod. Sold Swine or Pork Market Formula,139985,88.54,194.68,88.54,27252279.8,2412916853.492,26772826.64,2371001527.2384,333,2008,159,88.549911253639
2008-08-14,2008-08-13,Prod. Sold Swine or Pork Market Formula,141377,88.99,195.07,88.99,27578411.39,2454202829.5961,27252279.8,2412916853.492,334,2008,160,88.76633829441427
2008-08-14,2008-08-13,Prod. Sold Negotiated,26636,88.74,191.08,88.74,5089606.88,451651714.5312,6691652.43,596627730.6588,334,2008,160,88.97855633312602
2008-08-15,2008-08-14,Prod. Sold Negotiated,31765,88.32,190.85,88.32,6062350.25,535426774.08,5089606.88,451651714.5312,335,2008,161,88.51168248807643
2008-08-15,2008-08-14,Prod. Sold Swine or Pork Market Formula,147804,88.85,195.22,88.85,28854296.88,2563704277.788,27578411.39,2454202829.5961,335,2008,161,88.91841737199866
2008-08-18,2008-08-15,Prod. Sold Swine or Pork Market Formula,170000,88.85,195.24,88.85,33190800.0,2949002580.0,28854296.88,2563704277.788,341,2008,162,88.85000000000002
2008-08-18,2008-08-15,Prod. Sold Negotiated,47180,88.41,193.23,88.41,9116591.4,805997845.674,6062350.25,535426774.08,341,2008,162,88.37405470584966
2008-08-19,2008-08-18,Prod. Sold Swine or Pork Market Formula,154461,88.58,194.83,88.58,30093636.630000003,2665694332.6854,33190800.0,2949002580.0,342,2008,163,88.72160694915236
2008-08-19,2008-08-18,Prod. Sold Negotiated,36538,87.99,189.93,87.99,6939662.34,610620889.2966,9116591.4,805997845.674,342,2008,163,88.22847209006552
2008-08-20,2008-08-19,Prod. Sold Negotiated,33477,88.03,190.69,88.03,6383729.13,561959675.3139,6939662.34,610620889.2966,343,2008,164,88.00916547793217
2008-08-20,2008-08-19,Prod. Sold Swine or Pork Market Formula,149006,88.84,194.96,88.84,29050209.76,2580820635.0784,30093636.630000003,2665694332.6854,343,2008,164,88.70770651553154
2008-08-21,2008-08-20,Prod. Sold Negotiated,30883,88.11,190.41,88.11,5880432.03,518124866.1633,6383729.13,561959675.3139,344,2008,165,88.06835847851822
2008-08-21,2008-08-20,Prod. Sold Swine or Pork Market Formula,152955,88.19,194.87,88.19,29806340.85,2628621199.5615,29050209.76,2580820635.0784,344,2008,165,88.51082471956472
2008-08-22,2008-08-21,Prod. Sold Negotiated,36718,87.39,193.21,87.39,7094284.78,619969546.9242,5880432.03,518124866.1633,345,2008,166,87.71632011346382
2008-08-22,2008-08-21,Prod. Sold Swine or Pork Market Formula,159093,87.43,196.17,87.43,31209273.81,2728626809.2083,29806340.85,2628621199.5615,345,2008,166,87.80126265419483
2008-08-25,2008-08-22,Prod. Sold Negotiated,46858,87.09,192.92,87.09,9039845.36,787280132.4024,7094284.78,619969546.9242,351,2008,167,87.22191200365513
2008-08-25,2008-08-22,Prod. Sold Swine or Pork Market Formula,191228,86.32,195.79,86.32,37440530.12,3231866559.9584,31209273.81,2728626809.2083,351,2008,167,86.82462334844281
2008-08-26,2008-08-25,Prod. Sold Negotiated,33724,84.85,191.28,84.85,6450726.72,547344162.1919999,9039845.36,787280132.4024,352,2008,168,86.15719856580017
2008-08-26,2008-08-25,Prod. Sold Swine or Pork Market Formula,144049,84.79,195.01,84.79000000000002,28090995.49,2381835507.5971003,37440530.12,3231866559.9584,352,2008,168,85.6641443229098
2008-08-27,2008-08-26,Prod. Sold Swine or Pork Market Formula,149321,83.55,196.25,83.55,29304246.25,2448369774.1875,28090995.49,2381835507.5971003,353,2008,169,84.15689411441795
2008-08-27,2008-08-26,Prod. Sold Negotiated,31128,82.95,191.07,82.95,5947626.96,493355656.332,6450726.72,547344162.1919999,353,2008,169,83.93854905129629
2008-08-28,2008-08-27,Prod. Sold Negotiated,26682,80.41,191.08,80.41,5098396.5600000005,409962067.3896,5947626.96,493355656.332,354,2008,170,81.77763899253404
2008-08-28,2008-08-27,Prod. Sold Swine or Pork Market Formula,159215,81.58,195.78,81.58,31171112.7,2542939374.066,29304246.25,2448369774.1875,354,2008,170,82.5345931783593
2008-08-29,2008-08-28,Prod. Sold Swine or Pork Market Formula,151180,79.68,195.74,79.67999999999998,29591973.200000003,2357888424.576,31171112.7,2542939374.066,355,2008,171,80.65468904438903
2008-08-29,2008-08-28,Prod. Sold Negotiated,26564,77.9,190.63,77.9,5063895.32,394477445.428,5098396.5600000005,409962067.3896,355,2008,171,79.15926075699372
2008-09-02,2008-08-29,Prod. Sold Swine or Pork Market Formula,180363,77.13,196.32,77.13,35408864.16,2731085692.6607995,29591973.200000003,2357888424.576,362,2008,172,78.29090091643089
2008-09-02,2008-09-01,Prod. Sold Swine or Pork Market Formula,180363,77.13,196.32,77.13,35408864.16,2731085692.6607995,35408864.16,2731085692.6607995,362,2008,172,77.13
2008-09-02,2008-08-29,Prod. Sold Negotiated,45307,75.89,192.95,75.89,8741985.65,663429290.9785,5063895.32,394477445.428,362,2008,172,76.6272531760427
2008-09-02,2008-09-01,Prod. Sold Negotiated,45307,75.89,192.95,75.89,8741985.65,663429290.9785,8741985.65,663429290.9785,362,2008,172,75.89
2008-09-03,2008-09-02,Prod. Sold Swine or Pork Market Formula,146297,74.95,195.92,74.95,28662508.24,2148254992.588,35408864.16,2731085692.6607995,363,2008,173,76.15477088249166
2008-09-03,2008-09-02,Prod. Sold Negotiated,22302,72.03,193.49,72.03,4315213.98,310824862.97940004,8741985.65,663429290.9785,363,2008,173,74.6143263153816
2008-09-04,2008-09-03,Prod. Sold Negotiated,23979,72.13,191.05,72.13,4581187.95,330441086.8335,4315213.98,310824862.97940004,364,2008,174,72.08149484011679
2008-09-04,2008-09-03,Prod. Sold Swine or Pork Market Formula,145542,74.65,196.84,74.65,28648487.28,2138609575.452,28662508.24,2148254992.588,364,2008,174,74.80003669704182
2008-09-05,2008-09-04,Prod. Sold Swine or Pork Market Formula,149725,74.34,198.23,74.34,29679986.75,2206410214.995,28648487.28,2138609575.452,365,2008,175,74.49225893021362
2008-09-05,2008-09-04,Prod. Sold Negotiated,23707,71.93,192.04,71.93,4552692.28,327475155.70040005,4581187.95,330441086.8335,365,2008,175,72.03031197770589
2008-09-08,2008-09-05,Prod. Sold Swine or Pork Market Formula,252778,74.67,197.94,74.67,50034877.32,3736104289.4844,29679986.75,2206410214.995,371,2008,176,74.5471321290983
2008-09-08,2008-09-05,Prod. Sold Negotiated,68779,73.1,195.27,73.1,13430475.33,981767746.623,4552692.28,327475155.70040005,371,2008,176,72.80379801361369
2008-09-09,2008-09-08,Prod. Sold Swine or Pork Market Formula,138004,74.58,196.86,74.58,27167467.44,2026149721.6752,50034877.32,3736104289.4844,372,2008,177,74.63832904392734
2008-09-09,2008-09-08,Prod. Sold Negotiated,32572,73.08,192.47,73.08,6269132.84,458148227.9472,13430475.33,981767746.623,372,2008,177,73.0936352715385
2008-09-10,2008-09-09,Prod. Sold Swine or Pork Market Formula,144227,74.09,196.6,74.09,28355028.2,2100824039.338,27167467.44,2026149721.6752,373,2008,178,74.32975973868166
2008-09-10,2008-09-09,Prod. Sold Negotiated,30001,72.61,192.83,72.61,5785092.83,420055590.3863,6269132.84,458148227.9472,373,2008,178,72.85443647526304
2008-09-11,2008-09-10,Prod. Sold Swine or Pork Market Formula,148609,72.99,198.18,72.99,29451331.62,2149652694.9438,28355028.2,2100824039.338,374,2008,179,73.52956919475855
2008-09-11,2008-09-10,Prod. Sold Negotiated,27993,72.25,192.61,72.25,5391731.73,389552617.4925,5785092.83,420055590.3863,374,2008,179,72.43633498339531
2008-09-12,2008-09-11,Prod. Sold Swine or Pork Market Formula,158957,72.9,198.65,72.9,31576808.05,2301949306.8450003,29451331.62,2149652694.9438,375,2008,180,72.94343274856702
2008-09-12,2008-09-11,Prod. Sold Negotiated,29473,71.66,194.66,71.66,5737214.18,411128768.1388,5391731.73,389552617.4925,375,2008,180,71.94584214052487
2008-09-15,2008-09-12,Prod. Sold Swine or Pork Market Formula,185060,72.34,198.85,72.34,36799181.0,2662052753.54,31576808.05,2301949306.8450003,381,2008,181,72.59861435795933
2008-09-15,2008-09-12,Prod. Sold Negotiated,41450,71.72,196.24,71.72,8134148.0,583381094.56,5737214.18,411128768.1388,381,2008,181,71.6951839187577
2008-09-16,2008-09-15,Prod. Sold Negotiated,35976,70.45,193.87,70.45,6974667.12,491365298.604,8134148.0,583381094.56,382,2008,182,71.13373117798797
2008-09-16,2008-09-15,Prod. Sold Swine or Pork Market Formula,144205,71.63,197.0,71.63,28408385.0,2034892617.55,36799181.0,2662052753.54,382,2008,182,72.03068078158293
2008-09-17,2008-09-16,Prod. Sold Negotiated,26950,68.75,194.04,68.75,5229378.0,359519737.5,6974667.12,491365298.604,383,2008,183,69.72155770790857
2008-09-17,2008-09-16,Prod. Sold Swine or Pork Market Formula,139511,70.82,198.22,70.82,27653870.42,1958447103.1444,28408385.0,2034892617.55,383,2008,183,71.23045069766835
2008-09-18,2008-09-17,Prod. Sold Negotiated,25800,68.03,191.05,68.03,4929090.0,335325992.7,5229378.0,359519737.5,384,2008,184,68.40064173062316
2008-09-18,2008-09-17,Prod. Sold Swine or Pork Market Formula,153469,70.24,198.45,70.24,30455923.05,2139224035.032,27653870.42,1958447103.1444,384,2008,184,70.51601620804038
2008-09-19,2008-09-18,Prod. Sold Swine or Pork Market Formula,150474,69.9,198.64,69.9,29890155.36,2089321859.664,30455923.05,2139224035.032,385,2008,185,70.07159381537018
2008-09-19,2008-09-18,Prod. Sold Negotiated,29076,67.15,192.65,67.15,5601491.4,376140147.5100001,4929090.0,335325992.7,385,2008,185,67.5619050064985
2008-09-22,2008-09-19,Prod. Sold Negotiated,56805,68.46,197.21,68.46,11202514.05,766924111.863,5601491.4,376140147.5100001,391,2008,186,68.02332115245773
2008-09-22,2008-09-19,Prod. Sold Swine or Pork Market Formula,207128,70.33,198.75,70.33,41166690.0,2895253307.7,29890155.36,2089321859.664,391,2008,186,70.14911993503677
2008-09-23,2008-09-22,Prod. Sold Negotiated,42482,68.89,197.99,68.89,8411011.18,579434560.1902,11202514.05,766924111.863,392,2008,187,68.64440003849323
2008-09-23,2008-09-22,Prod. Sold Swine or Pork Market Formula,141024,70.71,197.67,70.71,27876214.08,1971127097.5968,41166690.0,2895253307.7,392,2008,187,70.48342577910869
2008-09-24,2008-09-23,Prod. Sold Swine or Pork Market Formula,139316,71.65,198.28,71.65,27623576.48,1979229254.7920003,27876214.08,1971127097.5968,393,2008,188,71.17786053837676
2008-09-24,2008-09-23,Prod. Sold Negotiated,35644,70.23,196.84,70.23,7016164.96,492745265.1408,8411011.18,579434560.1902,393,2008,188,69.49942203298133
2008-09-25,2008-09-24,Prod. Sold Swine or Pork Market Formula,151822,71.96,198.41,71.95999999999998,30123003.02,2167651297.3192,27623576.48,1979229254.7920003,394,2008,189,71.81170881491258
2008-09-25,2008-09-24,Prod. Sold Negotiated,32733,70.97,194.99,70.97,6382607.67,452973666.3399,7016164.96,492745265.1408,394,2008,189,70.58250465145031
2008-09-26,2008-09-25,Prod. Sold Negotiated,29184,71.21,194.53,71.21,5677163.5200000005,404270814.2592,6382607.67,452973666.3399,395,2008,190,71.08298052204587
2008-09-26,2008-09-25,Prod. Sold Swine or Pork Market Formula,150105,72.11,199.47,72.11,29941444.35,2159077552.0785003,30123003.02,2167651297.3192,395,2008,190,72.03477329517132
2008-09-29,2008-09-26,Prod. Sold Swine or Pork Market Formula,211369,72.54,200.4,72.54,42358347.6,3072674534.9040003,29941444.35,2159077552.0785003,401,2008,191,72.36192450734292
2008-09-29,2008-09-26,Prod. Sold Negotiated,59128,71.8,196.39,71.8,11612147.92,833752220.656,5677163.5200000005,404270814.2592,401,2008,191,71.60626605701307
2008-09-30,2008-09-29,Prod. Sold Swine or Pork Market Formula,134537,72.73,198.85,72.73,26752682.45,1945722594.5885,42358347.6,3072674534.9040003,402,2008,192,72.61354845763148
2008-09-30,2008-09-29,Prod. Sold Negotiated,40055,71.55,196.47,71.55,7869605.85,563070298.5675,11612147.92,833752220.656,402,2008,192,71.69901312347302
2008-10-01,2008-09-30,Prod. Sold Swine or Pork Market Formula,148790,72.91,198.66,72.91,29558621.4,2155119086.274,26752682.45,1945722594.5885,403,2008,193,72.82448461477952
2008-10-01,2008-09-30,Prod. Sold Negotiated,32149,71.76,196.54,71.76,6318564.46,453420185.6496,7869605.85,563070298.5675,403,2008,193,71.64352146947833
2008-10-02,2008-10-01,Prod. Sold Swine or Pork Market Formula,148640,72.64,199.85,72.64,29705704.0,2157822338.56,29558621.4,2155119086.274,404,2008,194,72.77466495609515
2008-10-02,2008-10-01,Prod. Sold Negotiated,29255,72.07,193.97,72.07,5674592.35,408967870.6645,6318564.46,453420185.6496,404,2008,194,71.90667728075009
2008-10-03,2008-10-02,Prod. Sold Negotiated,30074,71.18,194.17,71.18,5839468.58,415653373.52440006,5674592.35,408967870.6645,405,2008,195,71.6186277979771
2008-10-03,2008-10-02,Prod. Sold Swine or Pork Market Formula,149416,72.0,200.07,72.0,29893659.12,2152343456.64,29705704.0,2157822338.56,405,2008,195,72.31899083420944
2008-10-06,2008-10-03,Prod. Sold Negotiated,47400,71.05,197.74,71.05,9372876.0,665942839.8,5839468.58,415653373.52440006,411,2008,196,71.09990229556054
2008-10-06,2008-10-03,Prod. Sold Swine or Pork Market Formula,214501,71.09,200.91,71.09,43095395.91,3063651695.2419,29893659.12,2152343456.64,411,2008,196,71.46270286329941
2008-10-07,2008-10-06,Prod. Sold Negotiated,30047,68.91,194.9,68.91,5856160.3,403548006.273,9372876.0,665942839.8,412,2008,197,70.22708627157189
2008-10-07,2008-10-06,Prod. Sold Swine or Pork Market Formula,145708,70.47,199.17,70.47,29020662.36,2045086076.5092,43095395.91,3063651695.2419,412,2008,197,70.8405020227834
2008-10-08,2008-10-07,Prod. Sold Swine or Pork Market Formula,155336,70.15,199.79,70.15,31034579.44,2177075747.716,29020662.36,2045086076.5092,413,2008,198,70.3046344944564
2008-10-08,2008-10-07,Prod. Sold Negotiated,28599,68.37,194.84,68.37,5572229.16,380973307.66920006,5856160.3,403548006.273,413,2008,198,68.64670797998862
2008-10-09,2008-10-08,Prod. Sold Swine or Pork Market Formula,157964,69.81,200.21,69.81,31625972.44,2207809136.0364003,31034579.44,2177075747.716,414,2008,199,69.97839553264402
2008-10-09,2008-10-08,Prod. Sold Negotiated,23451,68.15,192.81,68.15,4521587.31,308146175.1765,5572229.16,380973307.66920006,414,2008,199,68.2714496438333
2008-10-10,2008-10-09,Prod. Sold Swine or Pork Market Formula,152069,68.51,200.68,68.51,30517206.92,2090733846.0892005,31625972.44,2207809136.0364003,415,2008,200,69.17159737231701
2008-10-10,2008-10-09,Prod. Sold Negotiated,28869,67.53,194.29,67.53,5608958.01,378772934.4153,4521587.31,308146175.1765,415,2008,200,67.8067258862823
2008-10-13,2008-10-10,Prod. Sold Swine or Pork Market Formula,232566,67.31,201.3,67.31,46815535.8,3151153714.6980004,30517206.92,2090733846.0892005,421,2008,201,67.7835464825888
2008-10-13,2008-10-10,Prod. Sold Negotiated,60816,66.36,198.4,66.36,12065894.4,800692752.384,5608958.01,378772934.4153,421,2008,201,66.73128914683255
2008-10-14,2008-10-13,Prod. Sold Negotiated,28302,64.22,194.47,64.22,5503889.94,353459811.9468,12065894.4,800692752.384,422,2008,202,65.68962612154635
2008-10-14,2008-10-13,Prod. Sold Swine or Pork Market Formula,145620,66.2,200.73,66.2,29230302.6,1935046032.12,46815535.8,3151153714.6980004,422,2008,202,66.88334107206056
2008-10-15,2008-10-14,Prod. Sold Swine or Pork Market Formula,157599,65.95,201.53,65.95,31760926.47,2094633100.6965,29230302.6,1935046032.12,423,2008,203,66.06981354961077
2008-10-15,2008-10-14,Prod. Sold Negotiated,28303,64.12,195.36,64.12,5529274.08,354537054.00960004,5503889.94,353459811.9468,423,2008,203,64.16988496436764
2008-10-16,2008-10-15,Prod. Sold Swine or Pork Market Formula,154973,65.37,201.03,65.37,31154222.19,2036551504.5603,31760926.47,2094633100.6965,424,2008,204,65.66279653223346
2008-10-16,2008-10-15,Prod. Sold Negotiated,26312,63.51,195.88,63.51,5153994.56,327330194.5056,5529274.08,354537054.00960004,424,2008,204,63.82571397317216
2008-10-17,2008-10-16,Prod. Sold Swine or Pork Market Formula,160570,64.28,201.43,64.28,32343615.1,2079047578.628,31154222.19,2036551504.5603,425,2008,205,64.81479147694448
2008-10-17,2008-10-16,Prod. Sold Negotiated,24878,62.84,194.89,62.84,4848473.42,304678069.7128,5153994.56,327330194.5056,425,2008,205,63.18523243284604
2008-10-20,2008-10-17,Prod. Sold Swine or Pork Market Formula,228327,63.51,202.27,63.510000000000005,46183702.29,2933126932.4379,32343615.1,2079047578.628,431,2008,206,63.82714547822018
2008-10-20,2008-10-17,Prod. Sold Negotiated,62087,62.59,198.44,62.59000000000001,12320544.28,771142866.4852,4848473.42,304678069.7128,431,2008,206,62.66059916741772
2008-10-21,2008-10-20,Prod. Sold Swine or Pork Market Formula,139967,62.72,200.15,62.72,28014395.05,1757062857.536,46183702.29,2933126932.4379,432,2008,207,63.21172588135128
2008-10-21,2008-10-20,Prod. Sold Negotiated,25339,60.59,195.54,60.59000000000001,4954788.06,300210608.5554,12320544.28,771142866.4852,432,2008,207,62.016374212375936
2008-10-22,2008-10-21,Prod. Sold Negotiated,24487,59.63,197.09,59.63,4826142.83,287782896.9529,4954788.06,300210608.5554,433,2008,208,60.11631327540236
2008-10-22,2008-10-21,Prod. Sold Swine or Pork Market Formula,150356,62.16,201.37,62.16,30277187.720000003,1882029988.6752,28014395.05,1757062857.536,433,2008,208,62.42913081584866
2008-10-23,2008-10-22,Prod. Sold Negotiated,28311,59.01,195.16,59.01,5525174.76,326040562.5876,4826142.83,287782896.9529,434,2008,209,59.29906547679405
2008-10-23,2008-10-22,Prod. Sold Swine or Pork Market Formula,151595,61.59,200.76,61.59,30434212.2,1874443129.398,30277187.720000003,1882029988.6752,434,2008,209,61.87426287358126
2008-10-24,2008-10-23,Prod. Sold Swine or Pork Market Formula,147990,61.18,201.09,61.18,29759309.1,1820674530.738,30434212.2,1874443129.398,435,2008,210,61.38729850542903
2008-10-24,2008-10-23,Prod. Sold Negotiated,27366,58.84,194.73,58.84,5328981.18,313557252.6312,5525174.76,326040562.5876,435,2008,210,58.92653641189534
2008-10-27,2008-10-24,Prod. Sold Negotiated,56968,59.22,198.58,59.22,11312705.44,669938416.1568,5328981.18,313557252.6312,441,2008,211,59.09831685005015
2008-10-27,2008-10-24,Prod. Sold Swine or Pork Market Formula,191587,60.91,203.04,60.91,38899824.48,2369388309.0768,29759309.1,1820674530.738,441,2008,211,61.02702759761217
2008-10-28,2008-10-27,Prod. Sold Swine or Pork Market Formula,136939,60.52,201.57,60.52,27602794.23,1670521106.7996,38899824.48,2369388309.0768,442,2008,212,60.74812532561096
2008-10-28,2008-10-27,Prod. Sold Negotiated,29062,58.69,195.93,58.69,5694117.66,334187765.4654,11312705.44,669938416.1568,442,2008,212,59.04254872988006
2008-10-29,2008-10-28,Prod. Sold Negotiated,30621,58.32,197.92,58.32,6060508.32,353448845.22239995,5694117.66,334187765.4654,443,2008,213,58.49923356623891
2008-10-29,2008-10-28,Prod. Sold Swine or Pork Market Formula,149391,59.77,200.97,59.77000000000001,30023109.27,1794481241.0679002,27602794.23,1670521106.7996,443,2008,213,60.129249823692575
2008-10-30,2008-10-29,Prod. Sold Negotiated,25286,57.34,195.57,57.34000000000001,4945183.02,283556794.3668,6060508.32,353448845.22239995,444,2008,214,57.87965698020385
2008-10-30,2008-10-29,Prod. Sold Swine or Pork Market Formula,161053,59.46,201.63,59.46,32473116.39,1930851500.5494,30023109.27,1794481241.0679002,444,2008,214,59.60892361539294
2008-10-31,2008-10-30,Prod. Sold Swine or Pork Market Formula,156192,58.89,201.94,58.89,31541412.48,1857473780.9472,32473116.39,1930851500.5494,445,2008,215,59.17914805230996
2008-10-31,2008-10-30,Prod. Sold Negotiated,30074,57.23,196.55,57.23,5911044.7,338289088.181,4945183.02,283556794.3668,445,2008,215,57.28010673562033
2008-11-03,2008-10-31,Prod. Sold Negotiated,59979,57.19,200.31,57.19,12014393.49,687103163.6931,5911044.7,338289088.181,451,2008,216,57.20319029334144
2008-11-03,2008-10-31,Prod. Sold Swine or Pork Market Formula,229814,58.01,202.9,58.01,46629260.6,2704963407.406,31541412.48,1857473780.9472,451,2008,216,58.36507488791857
2008-11-04,2008-11-03,Prod. Sold Swine or Pork Market Formula,139099,57.73,201.65,57.72999999999999,28049313.35,1619286859.6955,46629260.6,2704963407.406,452,2008,217,57.90483184637057
2008-11-04,2008-11-03,Prod. Sold Negotiated,35067,56.9,198.01,56.9,6943616.67,395091788.523,12014393.49,687103163.6931,452,2008,217,57.083783745377
2008-11-05,2008-11-04,Prod. Sold Swine or Pork Market Formula,154306,57.27,201.8,57.27,31138950.8,1783327712.3160002,28049313.35,1619286859.6955,453,2008,218,57.48799396090247
2008-11-05,2008-11-04,Prod. Sold Negotiated,28520,55.77,197.07,55.77,5620436.4,313451738.028,6943616.67,395091788.523,453,2008,218,56.39450284103265
2008-11-06,2008-11-05,Prod. Sold Negotiated,30044,55.11,195.13,55.10999999999999,5862485.72,323081588.0292,5620436.4,313451738.028,454,2008,219,55.43304390687621
2008-11-06,2008-11-05,Prod. Sold Swine or Pork Market Formula,161118,56.13,202.76,56.13,32668285.68,1833670875.2184,31138950.8,1783327712.3160002,454,2008,219,56.68633821287851
2008-11-07,2008-11-06,Prod. Sold Negotiated,31817,53.8,197.52,53.8,6284493.840000001,338105768.592,5862485.72,323081588.0292,455,2008,220,54.432244110996095
2008-11-07,2008-11-06,Prod. Sold Swine or Pork Market Formula,163537,55.2,202.89,55.2,33180021.93,1831537210.536,32668285.68,1833670875.2184,455,2008,220,55.661386279847015
2008-11-10,2008-11-07,Prod. Sold Swine or Pork Market Formula,200243,54.24,203.16,54.24,40681367.88,2206557393.8112,33180021.93,1831537210.536,461,2008,221,54.671251309171645
2008-11-10,2008-11-07,Prod. Sold Negotiated,55967,53.42,200.84,53.42,11240412.28,600462823.9976,6284493.840000001,338105768.592,461,2008,221,53.5562693553305
2008-11-11,2008-11-10,Prod. Sold Swine or Pork Market Formula,137575,53.35,203.24,53.35,27960743.0,1491705639.05,40681367.88,2206557393.8112,462,2008,222,53.877466550038015
2008-11-11,2008-11-10,Prod. Sold Negotiated,23099,52.56,198.82,52.56,4592543.18,241384069.5408,11240412.28,600462823.9976,462,2008,222,53.17054643810639
2008-11-12,2008-11-11,Prod. Sold Negotiated,21813,50.94,200.17,50.94,4366308.21,222419740.2174,4592543.18,241384069.5408,463,2008,223,51.77045466742584
2008-11-12,2008-11-11,Prod. Sold Swine or Pork Market Formula,162039,52.87,202.46,52.87,32806415.94,1734475210.7478,27960743.0,1491705639.05,463,2008,223,53.09086200628949
2008-11-13,2008-11-12,Prod. Sold Swine or Pork Market Formula,166797,52.59,203.13,52.59,33881474.61,1781826749.7399,32806415.94,1734475210.7478,464,2008,224,52.72774309529724
2008-11-13,2008-11-12,Prod. Sold Negotiated,28151,50.83,195.91,50.83,5515062.41,280330622.3003,4366308.21,222419740.2174,464,2008,224,50.87860600027771
2008-11-14,2008-11-13,Prod. Sold Swine or Pork Market Formula,166329,52.36,203.12,52.36,33784746.480000004,1768969325.6928003,33881474.61,1781826749.7399,465,2008,225,52.47516439125417
2008-11-14,2008-11-13,Prod. Sold Negotiated,28807,50.76,196.82,50.76,5669793.74,287798730.2424,5515062.41,280330622.3003,465,2008,225,50.79451580990606
2008-11-17,2008-11-14,Prod. Sold Negotiated,63706,51.66,201.33,51.66,12825928.98,662587491.1068,5669793.74,287798730.2424,471,2008,226,51.384108409103575
2008-11-17,2008-11-14,Prod. Sold Swine or Pork Market Formula,232290,52.56,204.59,52.56000000000001,47524211.1,2497872535.4160004,33784746.480000004,1768969325.6928003,471,2008,226,52.476897848685965
2008-11-18,2008-11-17,Prod. Sold Swine or Pork Market Formula,149108,52.96,202.88,52.96000000000001,30251031.04,1602094603.8784,47524211.1,2497872535.4160004,472,2008,227,52.71558180319411
2008-11-18,2008-11-17,Prod. Sold Negotiated,27834,52.21,199.57,52.21,5554831.38,290017746.3498,12825928.98,662587491.1068,472,2008,227,51.8262149551576
2008-11-19,2008-11-18,Prod. Sold Negotiated,28121,51.95,197.56,51.95,5555584.76,288612628.282,5554831.38,290017746.3498,473,2008,228,52.07999118490263
2008-11-19,2008-11-18,Prod. Sold Swine or Pork Market Formula,151521,52.75,202.05,52.75,30614818.05,1614931652.1375,30251031.04,1602094603.8784,473,2008,228,52.85437242909413
2008-11-20,2008-11-19,Prod. Sold Swine or Pork Market Formula,149248,52.51,203.0,52.510000000000005,30297344.0,1590913533.44,30614818.05,1614931652.1375,474,2008,229,52.630625439726956
2008-11-20,2008-11-19,Prod. Sold Negotiated,26782,51.88,197.64,51.88,5293194.48,274610929.6224,5555584.76,288612628.282,474,2008,229,51.9158465155016
2008-11-21,2008-11-20,Prod. Sold Swine or Pork Market Formula,158569,52.25,202.4,52.25,32094365.6,1676930602.6,30297344.0,1590913533.44,475,2008,230,52.37625570753714
2008-11-21,2008-11-20,Prod. Sold Negotiated,28391,51.21,198.25,51.21,5628515.75,288236291.5575,5293194.48,274610929.6224,475,2008,230,51.534714740358005
2008-11-24,2008-11-21,Prod. Sold Swine or Pork Market Formula,217080,52.03,203.45,52.03000000000001,44164926.0,2297901099.78,32094365.6,1676930602.6,481,2008,231,52.12258885420856
2008-11-24,2008-11-21,Prod. Sold Negotiated,67131,51.93,201.4,51.93,13520183.4,702103123.962,5628515.75,288236291.5575,481,2008,231,51.71836518824309
2008-11-25,2008-11-24,Prod. Sold Negotiated,23121,51.26,199.4,51.26,4610327.4,236325382.524,13520183.4,702103123.962,482,2008,232,51.759628663413054
2008-11-25,2008-11-24,Prod. Sold Swine or Pork Market Formula,138388,52.52,202.29,52.52,27994508.52,1470271587.4704,44164926.0,2297901099.78,482,2008,232,52.220097237679965
2008-11-26,2008-11-25,Prod. Sold Swine or Pork Market Formula,151205,52.96,202.03,52.96,30547946.15,1617819228.104,27994508.52,1470271587.4704,483,2008,233,52.74959570762392
2008-11-26,2008-11-25,Prod. Sold Negotiated,25932,51.9,198.5,51.9,5147502.0,267155353.8,4610327.4,236325382.524,483,2008,233,51.59761619976672
2008-11-28,2008-11-26,Prod. Sold Swine or Pork Market Formula,153322,53.56,201.95,53.56,30963377.9,1658398520.324,30547946.15,1617819228.104,485,2008,234,53.26202612326957
2008-11-28,2008-11-26,Prod. Sold Negotiated,28753,52.33,199.25,52.33,5729035.25,299800414.6325,5147502.0,267155353.8,485,2008,234,52.12649535425441
2008-12-01,2008-11-28,Prod. Sold Negotiated,50561,53.18,202.39,53.18,10233040.79,544193109.2121999,5729035.25,299800414.6325,491,2008,235,52.87492189172029
2008-12-01,2008-11-28,Prod. Sold Swine or Pork Market Formula,278969,54.02,204.27,54.02,56984997.63,3078329571.9726005,30963377.9,1658398520.324,491,2008,235,53.85805097310591
2008-12-02,2008-12-01,Prod. Sold Swine or Pork Market Formula,147817,54.56,203.38,54.56,30063021.46,1640238450.8576002,56984997.63,3078329571.9726005,492,2008,236,54.20649512944821
2008-12-02,2008-12-01,Prod. Sold Negotiated,22498,54.22,200.38,54.22,4508149.24,244431851.7928,10233040.79,544193109.2121999,492,2008,236,53.49805269452862
2008-12-03,2008-12-02,Prod. Sold Swine or Pork Market Formula,146653,55.2,203.22,55.2,29802822.66,1645115810.832,30063021.46,1640238450.8576002,493,2008,237,54.8786091632512
2008-12-03,2008-12-02,Prod. Sold Negotiated,31182,54.87,199.64,54.86999999999999,6225174.48,341575323.7176,4508149.24,244431851.7928,493,2008,237,54.59699071765256
2008-12-04,2008-12-03,Prod. Sold Swine or Pork Market Formula,160788,55.29,203.66,55.29,32746084.08,1810530988.7832,29802822.66,1645115810.832,494,2008,238,55.24711749126889
2008-12-04,2008-12-03,Prod. Sold Negotiated,38658,55.81,198.8,55.81,7685210.4,428911592.424,6225174.48,341575323.7176,494,2008,238,55.38933126497359
2008-12-05,2008-12-04,Prod. Sold Negotiated,29594,55.6,201.42,55.6,5960823.48,331421785.488,7685210.4,428911592.424,495,2008,239,55.718268370003486
2008-12-05,2008-12-04,Prod. Sold Swine or Pork Market Formula,157032,55.68,203.4,55.68,31940308.8,1778436393.984,32746084.08,1810530988.7832,495,2008,239,55.482570954684526
2008-12-08,2008-12-05,Prod. Sold Negotiated,55233,55.56,202.69,55.56,11195176.77,622004021.3412,5960823.48,331421785.488,501,2008,240,55.573897932835486
2008-12-08,2008-12-05,Prod. Sold Swine or Pork Market Formula,231900,55.79,204.64,55.79,47456016.0,2647571132.64,31940308.8,1778436393.984,501,2008,240,55.74574815362234
2008-12-09,2008-12-08,Prod. Sold Negotiated,28898,55.97,199.22,55.97,5757059.56,322222623.5732,11195176.77,622004021.3412,502,2008,241,55.69923793732293
2008-12-09,2008-12-08,Prod. Sold Swine or Pork Market Formula,146236,56.16,203.87,56.16,29813133.32,1674305567.2512,47456016.0,2647571132.64,502,2008,241,55.932758907345
2008-12-10,2008-12-09,Prod. Sold Swine or Pork Market Formula,164121,56.52,203.65,56.52,33423241.65,1889081618.0580003,29813133.32,1674305567.2512,503,2008,242,56.35027603969564
2008-12-10,2008-12-09,Prod. Sold Negotiated,29387,56.27,198.39,56.27,5830086.93,328058991.5511,5757059.56,322222623.5732,503,2008,242,56.12094536696412
2008-12-11,2008-12-10,Prod. Sold Negotiated,27691,56.51,198.51,56.510000000000005,5496940.41,310632102.5691,5830086.93,328058991.5511,504,2008,243,56.3864706024626
2008-12-11,2008-12-10,Prod. Sold Swine or Pork Market Formula,164424,56.71,204.24,56.71,33581957.76,1904432824.5696,33423241.65,1889081618.0580003,504,2008,243,56.61522502776774
2008-12-12,2008-12-11,Prod. Sold Negotiated,25337,56.44,199.76,56.44,5061319.12,285660851.1328,5496940.41,310632102.5691,505,2008,244,56.47644405856918
2008-12-12,2008-12-11,Prod. Sold Swine or Pork Market Formula,175723,56.2,204.29,56.2,35898451.67,2017492983.854,33581957.76,1904432824.5696,505,2008,244,56.44649823738956
2008-12-15,2008-12-12,Prod. Sold Swine or Pork Market Formula,231472,56.02,204.26,56.02000000000001,47280470.72,2648651969.7344003,35898451.67,2017492983.854,511,2008,245,56.09768459983531
2008-12-15,2008-12-12,Prod. Sold Negotiated,49303,56.08,202.64,56.08,9990759.92,560281816.3136,5061319.12,285660851.1328,511,2008,245,56.201051376248955
2008-12-16,2008-12-15,Prod. Sold Swine or Pork Market Formula,157081,55.8,204.33,55.8,32096360.73,1790976928.734,47280470.72,2648651969.7344003,512,2008,246,55.931042060616285
2008-12-16,2008-12-15,Prod. Sold Negotiated,27995,55.13,198.67,55.13,5561766.65,306620195.4145,9990759.92,560281816.3136,512,2008,246,55.7402688126769
2008-12-17,2008-12-16,Prod. Sold Swine or Pork Market Formula,155407,55.46,203.99,55.46,31701473.93,1758163744.1578,32096360.73,1790976928.734,513,2008,247,55.631052241919456
2008-12-17,2008-12-16,Prod. Sold Negotiated,25859,55.23,197.84,55.22999999999999,5115944.5600000005,282553618.0488,5561766.65,306620195.4145,513,2008,247,55.177912370538806
2008-12-18,2008-12-17,Prod. Sold Swine or Pork Market Formula,153577,54.93,202.73,54.93,31134665.21,1710227159.9852998,31701473.93,1758163744.1578,514,2008,248,55.197390412792
2008-12-18,2008-12-17,Prod. Sold Negotiated,25542,55.15,196.97,55.15,5031007.74,277460076.861,5115944.5600000005,282553618.0488,514,2008,248,55.19033482692138
2008-12-19,2008-12-18,Prod. Sold Swine or Pork Market Formula,142252,54.21,202.89,54.21,28861508.28,1564582363.8588,31134665.21,1710227159.9852998,515,2008,249,54.583639811461246
2008-12-19,2008-12-18,Prod. Sold Negotiated,27343,54.36,196.94,54.36000000000001,5384930.42,292724817.6312,5031007.74,277460076.861,515,2008,249,54.741578313306725
2008-12-22,2008-12-19,Prod. Sold Swine or Pork Market Formula,225659,54.05,203.2,54.05,45853908.8,2478403770.64,28861508.28,1564582363.8588,521,2008,250,54.11180573575405
2008-12-22,2008-12-19,Prod. Sold Negotiated,45562,53.88,202.49,53.88,9225849.38,497088764.5944001,5384930.42,292724817.6312,521,2008,250,54.05690818949992
2008-12-23,2008-12-22,Prod. Sold Swine or Pork Market Formula,140004,53.62,202.94,53.62,28412411.76,1523473518.5712,45853908.8,2478403770.64,522,2008,251,53.885492899544815
2008-12-23,2008-12-22,Prod. Sold Negotiated,19672,52.57,194.77,52.57,3831515.44,201422766.6808,9225849.38,497088764.5944001,522,2008,251,53.49559738158561
2008-12-24,2008-12-23,Prod. Sold Negotiated,20712,52.01,196.64,52.01,4072807.68,211826727.4368,3831515.44,201422766.6808,523,2008,252,52.281452547400406
2008-12-24,2008-12-23,Prod. Sold Swine or Pork Market Formula,120642,53.56,203.04,53.56000000000001,24495151.68,1311960323.9808002,28412411.76,1523473518.5712,523,2008,252,53.59222119097458
2008-12-26,2008-12-25,Prod. Sold Negotiated,11099,52.14,195.0,52.14,2164305.0,112846862.7,2164305.0,112846862.7,525,2008,253,52.14
2008-12-26,2008-12-24,Prod. Sold Negotiated,11099,52.14,195.0,52.14,2164305.0,112846862.7,4072807.68,211826727.4368,525,2008,253,52.05511056067693
2008-12-26,2008-12-24,Prod. Sold Swine or Pork Market Formula,67620,53.32,203.4,53.32000000000001,13753908.0,733358374.56,24495151.68,1311960323.9808002,525,2008,253,53.473698847824856
2008-12-26,2008-12-25,Prod. Sold Swine or Pork Market Formula,67620,53.32,203.4,53.32000000000001,13753908.0,733358374.56,13753908.0,733358374.56,525,2008,253,53.32000000000001
2008-12-29,2008-12-26,Prod. Sold Negotiated,38008,51.63,200.99,51.63000000000001,7639227.92,394413337.5096,2164305.0,112846862.7,531,2008,254,51.7425916094746
2008-12-29,2008-12-26,Prod. Sold Swine or Pork Market Formula,250239,52.43,204.81,52.43,51251449.59,2687113502.0037003,13753908.0,733358374.56,531,2008,254,52.618307219186555
2008-12-30,2008-12-29,Prod. Sold Swine or Pork Market Formula,152342,52.13,203.74,52.13,31038159.08,1618019232.8404002,51251449.59,2687113502.0037003,532,2008,255,52.31684540035498
2008-12-30,2008-12-29,Prod. Sold Negotiated,23802,50.99,199.07,50.99,4738264.14,241604088.4986,7639227.92,394413337.5096,532,2008,255,51.38499971764071
2008-12-31,2008-12-30,Prod. Sold Swine or Pork Market Formula,162020,51.88,204.83,51.88,33186556.6,1721718556.4080002,31038159.08,1618019232.8404002,533,2008,256,52.00081859277762
2008-12-31,2008-12-30,Prod. Sold Negotiated,26690,50.3,198.3,50.3,5292627.0,266219138.1,4738264.14,241604088.4986,533,2008,256,50.62593338029188
2009-01-02,2008-12-31,Prod. Sold Swine or Pork Market Formula,142105,51.8,205.2,51.8,29159946.0,1510485202.8,33186556.6,1721718556.4080002,15,2009,1,51.84258337544663
2009-01-02,2008-12-31,Prod. Sold Negotiated,22804,50.68,200.72,50.68,4577218.88,231973452.8384,5292627.0,266219138.1,15,2009,1,50.47622799743253
2009-01-05,2009-01-02,Prod. Sold Negotiated,36183,50.65,204.22,50.65,7389292.26,374267652.969,4577218.88,231973452.8384,21,2009,2,50.66147507112085
2009-01-05,2009-01-02,Prod. Sold Swine or Pork Market Formula,228840,52.22,206.73,52.22,47308093.2,2470428626.904,29159946.0,1510485202.8,21,2009,2,52.05983926555293
2009-01-06,2009-01-05,Prod. Sold Negotiated,26487,51.86,202.28,51.85999999999999,5357790.36,277855008.0696,7389292.26,374267652.969,22,2009,3,51.15858118118951
2009-01-06,2009-01-05,Prod. Sold Swine or Pork Market Formula,151055,52.42,205.95,52.42000000000001,31109777.25,1630774523.4450002,47308093.2,2470428626.904,22,2009,3,52.299343591126565
2009-01-07,2009-01-06,Prod. Sold Negotiated,27127,52.21,203.0,52.21,5506781.0,287509036.01,5357790.36,277855008.0696,23,2009,4,52.03739985187966
2009-01-07,2009-01-06,Prod. Sold Swine or Pork Market Formula,166308,53.08,205.65,53.08,34201240.2,1815401829.816,31109777.25,1630774523.4450002,23,2009,4,52.76562037789842
2009-01-08,2009-01-07,Prod. Sold Swine or Pork Market Formula,173551,53.91,205.86,53.91,35727208.86,1926053829.6426,34201240.2,1815401829.816,24,2009,5,53.50405607091838
2009-01-08,2009-01-07,Prod. Sold Negotiated,28989,52.68,203.15,52.68,5889115.350000001,310238596.638,5506781.0,287509036.01,24,2009,5,52.45288429180912
2009-01-09,2009-01-08,Prod. Sold Negotiated,31156,53.88,203.16,53.88000000000001,6329652.96,341041701.48480004,5889115.350000001,310238596.638,25,2009,6,53.301632504954185
2009-01-09,2009-01-08,Prod. Sold Swine or Pork Market Formula,172546,54.58,207.17,54.58,35746354.82,1951036046.0756,35727208.86,1926053829.6426,25,2009,6,54.24508973802717
2009-01-12,2009-01-09,Prod. Sold Swine or Pork Market Formula,257695,55.88,207.82,55.88,53554174.9,2992607293.412,35746354.82,1951036046.0756,31,2009,7,55.35961942206047
2009-01-12,2009-01-09,Prod. Sold Negotiated,64703,54.99,203.84,54.99,13189059.52,725266383.0048,6329652.96,341041701.48480004,31,2009,7,54.6300420984325
2009-01-13,2009-01-12,Prod. Sold Negotiated,29141,56.34,202.46,56.34,5899886.86,332399625.69240004,13189059.52,725266383.0048,32,2009,8,55.40724918193207
2009-01-13,2009-01-12,Prod. Sold Swine or Pork Market Formula,159748,56.59,206.39,56.59,32970389.72,1865794354.2548,53554174.9,2992607293.412,32,2009,8,56.15054717702433
2009-01-14,2009-01-13,Prod. Sold Negotiated,29612,57.2,203.37,57.2,6022192.44,344469407.568,5899886.86,332399625.69240004,33,2009,9,56.77441126065988
2009-01-14,2009-01-13,Prod. Sold Swine or Pork Market Formula,171243,57.49,205.39,57.49,35171599.77,2022015270.7773,32970389.72,1865794354.2548,33,2009,9,57.05453647787383
2009-01-15,2009-01-14,Prod. Sold Negotiated,31280,57.13,204.06,57.13,6382996.8,364660607.184,6022192.44,344469407.568,34,2009,10,57.16398202660551
2009-01-15,2009-01-14,Prod. Sold Swine or Pork Market Formula,172053,58.04,206.06,58.04,35453241.18,2057706118.0872,35171599.77,2022015270.7773,34,2009,10,57.766096659287435
2009-01-16,2009-01-15,Prod. Sold Swine or Pork Market Formula,169860,58.37,206.56,58.37,35086281.6,2047986256.992,35453241.18,2057706118.0872,35,2009,11,58.20414163963245
2009-01-16,2009-01-15,Prod. Sold Negotiated,28139,58.38,202.53,58.38,5698991.67,332707133.6946,6382996.8,364660607.184,35,2009,11,57.719616486159424
2009-01-19,2009-01-16,Prod. Sold Swine or Pork Market Formula,205254,58.46,207.87,58.46000000000001,42666148.98,2494263069.3708005,35086281.6,2047986256.992,41,2009,12,58.41938692436436
2009-01-19,2009-01-16,Prod. Sold Negotiated,67637,58.38,204.13,58.38000000000001,13806740.81,806037528.4878001,5698991.67,332707133.6946,41,2009,12,58.38000000000001
2009-01-20,2009-01-19,Prod. Sold Swine or Pork Market Formula,153989,58.91,205.3,58.91,31613941.700000003,1862377305.547,42666148.98,2494263069.3708005,42,2009,13,58.65152203012632
2009-01-20,2009-01-19,Prod. Sold Negotiated,26067,57.93,200.62,57.93,5229561.54,302948500.0122,13806740.81,806037528.4878001,42,2009,13,58.25637816159186
2009-01-21,2009-01-20,Prod. Sold Swine or Pork Market Formula,154846,58.65,204.93,58.65,31732590.78,1861116449.247,31613941.700000003,1862377305.547,43,2009,14,58.779756507897176
2009-01-21,2009-01-20,Prod. Sold Negotiated,28597,57.62,201.27,57.62,5755718.19,331644482.1078,5229561.54,302948500.0122,43,2009,14,57.767576039686325
2009-01-22,2009-01-21,Prod. Sold Swine or Pork Market Formula,162295,58.86,204.31,58.86,33158491.45,1951708806.747,31732590.78,1861116449.247,44,2009,15,58.75730724415751
2009-01-22,2009-01-21,Prod. Sold Negotiated,26604,58.33,199.57,58.330000000000005,5309360.28,309694985.13240004,5755718.19,331644482.1078,44,2009,15,57.96067953598525
2009-01-23,2009-01-22,Prod. Sold Swine or Pork Market Formula,156462,58.79,205.96,58.79,32224913.52,1894502665.8408,33158491.45,1951708806.747,45,2009,16,58.82549974802574
2009-01-23,2009-01-22,Prod. Sold Negotiated,28369,57.67,201.86,57.67,5726566.340000001,330251080.82780004,5309360.28,309694985.13240004,45,2009,16,57.987524563678186
2009-01-26,2009-01-23,Prod. Sold Negotiated,55362,58.74,203.71,58.74,11277793.02,662457561.9948,5726566.340000001,330251080.82780004,51,2009,17,58.37965558160258
2009-01-26,2009-01-23,Prod. Sold Swine or Pork Market Formula,216707,58.9,206.33,58.900000000000006,44713155.31,2633604847.7590003,32224913.52,1894502665.8408,51,2009,17,58.85392735298528
2009-01-27,2009-01-26,Prod. Sold Swine or Pork Market Formula,156591,59.03,205.07,59.03000000000001,32112116.37,1895578229.3211,44713155.31,2633604847.7590003,52,2009,18,58.954338566422365
2009-01-27,2009-01-26,Prod. Sold Negotiated,28128,58.15,200.59,58.15,5642195.5200000005,328093669.48800004,11277793.02,662457561.9948,52,2009,18,58.54325664234759
2009-01-28,2009-01-27,Prod. Sold Negotiated,29854,57.86,200.87,57.86000000000001,5996772.98,346973284.62280005,5642195.5200000005,328093669.48800004,53,2009,19,58.00058262128642
2009-01-28,2009-01-27,Prod. Sold Swine or Pork Market Formula,167286,58.23,204.53,58.23,34215005.58,1992339774.9234,32112116.37,1895578229.3211,53,2009,19,58.617318073523016
2009-01-29,2009-01-28,Prod. Sold Swine or Pork Market Formula,168314,58.65,204.18,58.65,34366352.52,2015586575.298,34215005.58,1992339774.9234,54,2009,20,58.44046343289606
2009-01-29,2009-01-28,Prod. Sold Negotiated,29008,57.68,201.65,57.67999999999999,5849463.2,337397037.376,5996772.98,346973284.62280005,54,2009,20,57.77111916392672
2009-01-30,2009-01-29,Prod. Sold Negotiated,27256,57.2,203.01,57.2,5533240.56,316501360.032,5849463.2,337397037.376,55,2009,21,57.44666743466229
2009-01-30,2009-01-29,Prod. Sold Swine or Pork Market Formula,179388,58.63,205.8,58.63000000000001,36918050.4,2164505294.952,34366352.52,2015586575.298,55,2009,21,58.63964203980457
2009-02-02,2009-01-30,Prod. Sold Swine or Pork Market Formula,212097,59.03,206.28,59.03,43751369.16,2582643321.5148,36918050.4,2164505294.952,61,2009,22,58.84694153446814
2009-02-02,2009-01-30,Prod. Sold Negotiated,61518,58.31,203.34,58.31,12509070.12,729403878.6972,5533240.56,316501360.032,61,2009,22,57.9695836791344
2009-02-03,2009-02-02,Prod. Sold Negotiated,27342,59.14,198.44,59.14000000000001,5425746.48,320878646.8272,12509070.12,729403878.6972,62,2009,23,58.56109649453565
2009-02-03,2009-02-02,Prod. Sold Swine or Pork Market Formula,159934,59.5,204.88,59.5,32767277.92,1949653036.24,43751369.16,2582643321.5148,62,2009,23,59.23126624306751
2009-02-04,2009-02-03,Prod. Sold Negotiated,27723,58.37,199.69,58.370000000000005,5536005.87,323136662.6319,5425746.48,320878646.8272,63,2009,24,58.75112745628668
2009-02-04,2009-02-03,Prod. Sold Swine or Pork Market Formula,167384,59.42,204.7,59.42,34263504.8,2035937455.216,32767277.92,1949653036.24,63,2009,24,59.459107140439485
2009-02-05,2009-02-04,Prod. Sold Swine or Pork Market Formula,164939,59.06,205.26,59.06,33855379.14,1999498692.0084,34263504.8,2035937455.216,64,2009,25,59.24107844718749
2009-02-05,2009-02-04,Prod. Sold Negotiated,27299,57.75,199.63,57.75,5449699.37,314720138.6175,5536005.87,323136662.6319,64,2009,25,58.062435439001455
2009-02-06,2009-02-05,Prod. Sold Swine or Pork Market Formula,169863,58.21,205.57,58.21,34918736.91,2032619675.5311,33855379.14,1999498692.0084,65,2009,26,58.62842882063477
2009-02-06,2009-02-05,Prod. Sold Negotiated,28400,57.25,199.21,57.25,5657564.0,323895539.0,5449699.37,314720138.6175,65,2009,26,57.49532142565014
2009-02-09,2009-02-06,Prod. Sold Swine or Pork Market Formula,203345,57.25,206.52,57.25000000000001,41994809.4,2404202838.15,34918736.91,2032619675.5311,71,2009,27,57.68583983630776
2009-02-09,2009-02-06,Prod. Sold Negotiated,49044,57.08,202.91,57.08,9951518.04,568032649.7232,5657564.0,323895539.0,71,2009,27,57.14161706867421
2009-02-10,2009-02-09,Prod. Sold Swine or Pork Market Formula,169011,56.62,205.34,56.62,34704718.74,1964981175.0588,41994809.4,2404202838.15,72,2009,28,56.96493993070868
2009-02-10,2009-02-09,Prod. Sold Negotiated,30398,55.1,201.25,55.1,6117597.5,337079622.25,9951518.04,568032649.7232,72,2009,28,56.32620350013365
2009-02-11,2009-02-10,Prod. Sold Swine or Pork Market Formula,170510,57.07,204.65,57.07,34894871.5,1991450316.505,34704718.74,1964981175.0588,73,2009,29,56.845614721593215
2009-02-11,2009-02-10,Prod. Sold Negotiated,29625,55.78,199.06,55.78,5897152.5,328943166.45,6117597.5,337079622.25,73,2009,29,55.433761726211536
2009-02-12,2009-02-11,Prod. Sold Swine or Pork Market Formula,176017,57.64,204.36,57.64,35970834.120000005,2073358878.6768005,34894871.5,1991450316.505,74,2009,30,57.359327189633085
2009-02-12,2009-02-11,Prod. Sold Negotiated,25074,56.75,197.02,56.75,4940079.48,280349510.49,5897152.5,328943166.45,74,2009,30,56.222167991277054
2009-02-13,2009-02-12,Prod. Sold Swine or Pork Market Formula,184366,58.36,205.74,58.36,37931460.84,2213680054.6224003,35970834.120000005,2073358878.6768005,75,2009,31,58.00955079432353
2009-02-13,2009-02-12,Prod. Sold Negotiated,28456,57.58,199.23,57.58,5669288.88,326437653.7104,4940079.48,280349510.49,75,2009,31,57.19352402619377
2009-02-16,2009-02-13,Prod. Sold Swine or Pork Market Formula,215519,59.58,206.59,59.580000000000005,44524070.21,2652744103.1118,37931460.84,2213680054.6224003,81,2009,32,59.018771642902415
2009-02-16,2009-02-13,Prod. Sold Negotiated,51762,58.72,203.97,58.72,10557895.14,619959602.6208,5669288.88,326437653.7104,81,2009,32,58.32171836868096
2009-02-17,2009-02-16,Prod. Sold Negotiated,23651,59.47,202.79,59.47,4796186.29,285229198.6663,10557895.14,619959602.6208,82,2009,33,58.95427905693347
2009-02-17,2009-02-16,Prod. Sold Swine or Pork Market Formula,148701,60.2,204.83,60.20000000000001,30458425.83,1833597234.9660003,44524070.21,2652744103.1118,82,2009,33,59.831848431459605
2009-02-18,2009-02-17,Prod. Sold Negotiated,25631,60.23,198.46,60.23,5086728.26,306373643.0998,4796186.29,285229198.6663,83,2009,34,59.861171395648654
2009-02-18,2009-02-17,Prod. Sold Swine or Pork Market Formula,154675,60.74,204.8,60.74,31677440.0,1924087705.6,30458425.83,1833597234.9660003,83,2009,34,60.475297002327146
2009-02-19,2009-02-18,Prod. Sold Negotiated,30258,59.9,199.15,59.9,6025880.7,360950253.93,5086728.26,306373643.0998,84,2009,35,60.05105546607841
2009-02-19,2009-02-18,Prod. Sold Swine or Pork Market Formula,157743,61.32,205.65,61.32,32439847.95,1989211476.294,31677440.0,1924087705.6,84,2009,35,61.03344834150927
2009-02-20,2009-02-19,Prod. Sold Negotiated,26808,59.85,198.22,59.85,5313881.76,318035823.336,6025880.7,360950253.93,85,2009,36,59.87656969544669
2009-02-20,2009-02-19,Prod. Sold Swine or Pork Market Formula,159484,61.06,205.19,61.06,32724521.96,1998159310.8776,32439847.95,1989211476.294,85,2009,36,61.18943208809737
2009-02-23,2009-02-20,Prod. Sold Negotiated,48403,59.81,200.83,59.81000000000001,9720774.49,581399522.2469001,5313881.76,318035823.336,91,2009,37,59.82413768741138
2009-02-23,2009-02-20,Prod. Sold Swine or Pork Market Formula,207209,60.22,206.81,60.22,42852893.29,2580601233.9238,32724521.96,1998159310.8776,91,2009,37,60.5837144556409
2009-02-24,2009-02-23,Prod. Sold Negotiated,29017,57.69,201.29,57.68999999999999,5840831.93,336957594.04169995,9720774.49,581399522.2469001,92,2009,38,59.014287567915495
2009-02-24,2009-02-23,Prod. Sold Swine or Pork Market Formula,156903,59.12,204.89,59.12,32147855.67,1900581227.2104,42852893.29,2580601233.9238,92,2009,38,59.74850282527366
2009-02-25,2009-02-24,Prod. Sold Negotiated,28942,56.19,198.67,56.19,5749907.14,323087282.1966,5840831.93,336957594.04169995,93,2009,39,56.94588345506598
2009-02-25,2009-02-24,Prod. Sold Swine or Pork Market Formula,164548,57.84,205.13,57.84,33753731.24,1952315814.9216003,32147855.67,1900581227.2104,93,2009,39,58.46440461887202
2009-02-26,2009-02-25,Prod. Sold Negotiated,23864,55.69,197.25,55.69,4707174.0,262142520.06,5749907.14,323087282.1966,94,2009,40,55.964928876567924
2009-02-26,2009-02-25,Prod. Sold Swine or Pork Market Formula,171369,56.99,204.71,56.99,35080947.99,1999263225.9501,33753731.24,1952315814.9216003,94,2009,40,57.40680548053598
2009-02-27,2009-02-26,Prod. Sold Negotiated,26781,54.68,198.34,54.68,5311743.54,290446136.7672,4707174.0,262142520.06,95,2009,41,55.15452688586556
2009-02-27,2009-02-26,Prod. Sold Swine or Pork Market Formula,165900,56.41,205.11,56.41,34027749.0,1919505321.09,35080947.99,1999263225.9501,95,2009,41,56.70441952634621
2009-03-02,2009-02-27,Prod. Sold Swine or Pork Market Formula,189125,56.23,205.56,56.22999999999999,38876535.0,2186027563.05,34027749.0,1919505321.09,101,2009,42,56.314014196202784
2009-03-02,2009-02-27,Prod. Sold Negotiated,41389,54.31,201.46,54.31,8338227.94,452849159.42140007,5311743.54,290446136.7672,101,2009,42,54.45398162755722
2009-03-03,2009-03-02,Prod. Sold Negotiated,24135,55.04,199.88,55.04,4824103.8,265518673.152,8338227.94,452849159.42140007,102,2009,43,54.57755105733264
2009-03-03,2009-03-02,Prod. Sold Swine or Pork Market Formula,150990,56.42,203.93,56.42,30791390.7,1737250263.294,38876535.0,2186027563.05,102,2009,43,56.31397500247377
2009-03-04,2009-03-03,Prod. Sold Negotiated,26144,55.86,199.94,55.86,5227231.36,291993143.76960003,4824103.8,265518673.152,103,2009,44,55.46644381537069
2009-03-04,2009-03-03,Prod. Sold Swine or Pork Market Formula,189775,57.03,204.78,57.03,38862124.5,2216306960.235,30791390.7,1737250263.294,103,2009,44,56.760340266775216
2009-03-05,2009-03-04,Prod. Sold Negotiated,30565,56.87,200.25,56.87,6120641.25,348080867.8875,5227231.36,291993143.76960003,104,2009,45,56.40475828861988
2009-03-05,2009-03-04,Prod. Sold Swine or Pork Market Formula,176348,58.02,205.19,58.02,36184846.12,2099444771.8824,38862124.5,2216306960.235,104,2009,45,57.507341022067216
2009-03-06,2009-03-05,Prod. Sold Swine or Pork Market Formula,181222,59.15,205.12,59.15,37172256.64,2198738980.256,36184846.12,2099444771.8824,105,2009,46,58.59260508420876
2009-03-06,2009-03-05,Prod. Sold Negotiated,27352,58.22,198.91,58.22,5440586.32,316750935.5504,6120641.25,348080867.8875,105,2009,46,57.505295126536474
2009-03-09,2009-03-06,Prod. Sold Swine or Pork Market Formula,195585,60.65,205.26,60.650000000000006,40145777.1,2434841381.115,37172256.64,2198738980.256,111,2009,47,59.92884372813332
2009-03-09,2009-03-06,Prod. Sold Negotiated,52072,60.88,201.7,60.88,10502922.4,639417915.7119999,5440586.32,316750935.5504,111,2009,47,59.97229769523405
2009-03-10,2009-03-09,Prod. Sold Swine or Pork Market Formula,181955,61.33,205.73,61.33,37433602.15,2295802819.8595,40145777.1,2434841381.115,112,2009,48,60.97811360065118
2009-03-10,2009-03-09,Prod. Sold Negotiated,29287,61.55,198.88,61.55,5824598.56,358504041.368,10502922.4,639417915.7119999,112,2009,48,61.11901246519668
2009-03-11,2009-03-10,Prod. Sold Swine or Pork Market Formula,170375,61.39,204.77,61.39,34887688.75,2141755212.3625,37433602.15,2295802819.8595,113,2009,49,61.35894391539407
2009-03-11,2009-03-10,Prod. Sold Negotiated,26341,61.97,198.83,61.970000000000006,5237381.03,324560502.42910004,5824598.56,358504041.368,113,2009,49,61.74885229535124
2009-03-12,2009-03-11,Prod. Sold Swine or Pork Market Formula,172543,61.3,205.14,61.3,35395471.02,2169742373.5259995,34887688.75,2141755212.3625,114,2009,50,61.34467488368159
2009-03-12,2009-03-11,Prod. Sold Negotiated,32642,61.38,201.2,61.38000000000001,6567570.4,403117471.152,5237381.03,324560502.42910004,114,2009,50,61.64175921400636
2009-03-13,2009-03-12,Prod. Sold Swine or Pork Market Formula,176849,61.21,206.8,61.21,36572373.2,2238594963.572,35395471.02,2169742373.5259995,115,2009,51,61.254264107481966
2009-03-13,2009-03-12,Prod. Sold Negotiated,26951,60.47,198.2,60.47,5341688.199999999,323011885.45399994,6567570.4,403117471.152,115,2009,51,60.9718355268564
2009-03-16,2009-03-13,Prod. Sold Swine or Pork Market Formula,199582,60.41,205.9,60.41,41093933.8,2482484540.8580003,36572373.2,2238594963.572,121,2009,52,60.7867128847777
2009-03-16,2009-03-13,Prod. Sold Negotiated,39381,60.11,201.67,60.11,7941966.27,477391592.4897,5341688.199999999,323011885.45399994,121,2009,52,60.25476496331208
2009-03-17,2009-03-16,Prod. Sold Swine or Pork Market Formula,159376,59.4,204.27,59.4,32555735.520000003,1933810689.888,41093933.8,2482484540.8580003,122,2009,53,59.96354459593926
2009-03-17,2009-03-16,Prod. Sold Negotiated,26556,59.08,199.03,59.08,5285440.68,312263835.3744,7941966.27,477391592.4897,122,2009,53,59.69842999833766
2009-03-18,2009-03-17,Prod. Sold Swine or Pork Market Formula,167237,58.69,204.32,58.69,34169863.84,2005429308.7696,32555735.520000003,1933810689.888,123,2009,54,59.03641235808901
2009-03-18,2009-03-17,Prod. Sold Negotiated,25489,57.98,198.47,57.98,5058801.83,293309330.1034,5285440.68,312263835.3744,123,2009,54,58.542050313725674
2009-03-19,2009-03-18,Prod. Sold Negotiated,25857,56.46,198.59,56.46,5134941.63,289918804.4298,5058801.83,293309330.1034,124,2009,55,57.21432335645613
2009-03-19,2009-03-18,Prod. Sold Swine or Pork Market Formula,165458,57.89,205.52,57.89,34004928.160000004,1968545291.1824,34169863.84,2005429308.7696,124,2009,55,58.29096772238042
2009-03-20,2009-03-19,Prod. Sold Negotiated,22664,55.98,198.23,55.98,4492684.72,251500490.6256,5134941.63,289918804.4298,125,2009,56,56.2360103490514
2009-03-20,2009-03-19,Prod. Sold Swine or Pork Market Formula,171706,57.53,205.04,57.53,35206598.24,2025435596.7472005,34004928.160000004,1968545291.1824,125,2009,56,57.706874789133394
2009-03-23,2009-03-20,Prod. Sold Negotiated,46147,55.39,201.27,55.39,9288006.69,514462690.5591001,4492684.72,251500490.6256,131,2009,57,55.582347677336166
2009-03-23,2009-03-20,Prod. Sold Swine or Pork Market Formula,188842,57.25,205.41,57.24999999999999,38790035.22,2220729516.345,35206598.24,2025435596.7472005,131,2009,57,57.38322021619441
2009-03-24,2009-03-23,Prod. Sold Swine or Pork Market Formula,162578,56.65,205.19,56.65,33359379.82,1889808866.803,38790035.22,2220729516.345,132,2009,58,56.97258087080952
2009-03-24,2009-03-23,Prod. Sold Negotiated,24689,55.63,198.38,55.63,4897803.82,272464826.5066,9288006.69,514462690.5591001,132,2009,58,55.47286258412738
2009-03-25,2009-03-24,Prod. Sold Swine or Pork Market Formula,173212,57.06,204.05,57.06,35343908.6,2016723424.716,33359379.82,1889808866.803,133,2009,59,56.86092152732796
2009-03-25,2009-03-24,Prod. Sold Negotiated,24146,54.99,200.57,54.99,4842963.22,266314547.4678,4897803.82,272464826.5066,133,2009,59,55.31180160267954
2009-03-26,2009-03-25,Prod. Sold Swine or Pork Market Formula,171198,57.21,204.92,57.21,35081894.16,2007035164.8936,35343908.6,2016723424.716,134,2009,60,57.134720967568285
2009-03-26,2009-03-25,Prod. Sold Negotiated,25876,55.6,199.48,55.60000000000001,5161744.48,286992993.088,4842963.22,266314547.4678,134,2009,60,55.30471825336786
2009-03-27,2009-03-26,Prod. Sold Swine or Pork Market Formula,175389,57.42,204.9,57.42,35937206.1,2063514374.262,35081894.16,2007035164.8936,135,2009,61,57.31626455775096
2009-03-27,2009-03-26,Prod. Sold Negotiated,29728,56.32,199.19,56.32,5921520.32,333500024.4224,5161744.48,286992993.088,135,2009,61,55.984678585898266
2009-03-30,2009-03-27,Prod. Sold Negotiated,55998,56.45,202.66,56.45,11348554.68,640625911.686,5921520.32,333500024.4224,141,2009,62,56.405425923651165
2009-03-30,2009-03-27,Prod. Sold Swine or Pork Market Formula,225110,57.88,205.14,57.88000000000001,46179065.4,2672844305.352,35937206.1,2063514374.262,141,2009,62,57.67868649046006
2009-03-31,2009-03-30,Prod. Sold Negotiated,35334,57.12,201.44,57.12,7117680.96,406561936.4352,11348554.68,640625911.686,142,2009,63,56.70824679897781
2009-03-31,2009-03-30,Prod. Sold Swine or Pork Market Formula,158563,58.14,204.46,58.14,32419790.98,1884886647.5772,46179065.4,2672844305.352,142,2009,63,57.98724259923132
2009-04-01,2009-03-31,Prod. Sold Negotiated,27460,57.15,201.27,57.150000000000006,5526874.2,315860860.53000003,7117680.96,406561936.4352,143,2009,64,57.13311285560479
2009-04-01,2009-03-31,Prod. Sold Swine or Pork Market Formula,174558,58.17,204.69,58.17,35730277.02,2078430214.2534003,32419790.98,1884886647.5772,143,2009,64,58.15572864623701
2009-04-02,2009-04-01,Prod. Sold Negotiated,28504,57.66,200.05,57.66,5702225.2,328790305.032,5526874.2,315860860.53000003,144,2009,65,57.4089820205884
2009-04-02,2009-04-01,Prod. Sold Swine or Pork Market Formula,166683,58.38,204.95,58.38,34161680.85,1994358928.023,35730277.02,2078430214.2534003,144,2009,65,58.27264346853531
2009-04-03,2009-04-02,Prod. Sold Swine or Pork Market Formula,175844,57.92,204.94,57.92,36037469.36,2087290225.3312,34161680.85,1994358928.023,145,2009,66,58.143854179772696
2009-04-03,2009-04-02,Prod. Sold Negotiated,26003,57.07,200.73,57.07000000000001,5219582.19,297881555.5833,5702225.2,328790305.032,145,2009,66,57.378036275303685
2009-04-06,2009-04-03,Prod. Sold Negotiated,43439,57.25,201.88,57.25,8769465.32,502051889.57,5219582.19,297881555.5833,151,2009,67,57.1828385443306
2009-04-06,2009-04-03,Prod. Sold Swine or Pork Market Formula,180076,58.03,205.3,58.03,36969602.8,2145346050.484,36037469.36,2087290225.3312,151,2009,67,57.9757022242871
2009-04-07,2009-04-06,Prod. Sold Swine or Pork Market Formula,167029,57.67,205.01,57.67,34242615.29,1974771623.7743,36969602.8,2145346050.484,152,2009,68,57.85689288671194
2009-04-07,2009-04-06,Prod. Sold Negotiated,29684,57.04,199.63,57.04,5925816.92,338008597.1168,8769465.32,502051889.57,152,2009,68,57.1653182951592
2009-04-08,2009-04-07,Prod. Sold Negotiated,30314,56.77,200.56,56.77,6079775.84,345148874.4368,5925816.92,338008597.1168,153,2009,69,56.903268769013295
2009-04-08,2009-04-07,Prod. Sold Swine or Pork Market Formula,171602,57.43,204.92,57.43,35164681.84,2019507678.0712,34242615.29,1974771623.7743,153,2009,69,57.54840581623871
2009-04-09,2009-04-08,Prod. Sold Swine or Pork Market Formula,175356,57.37,204.83,57.37,35918169.480000004,2060625383.0676005,35164681.84,2019507678.0712,154,2009,70,57.39968199602605
2009-04-09,2009-04-08,Prod. Sold Negotiated,27923,56.47,199.27,56.470000000000006,5564216.21,314211289.3787,6079775.84,345148874.4368,154,2009,70,56.62664153188768
2009-04-10,2009-04-09,Prod. Sold Swine or Pork Market Formula,178024,57.26,204.47,57.26,36400567.28,2084296482.4528,35918169.480000004,2060625383.0676005,155,2009,71,57.314633125795766
2009-04-10,2009-04-09,Prod. Sold Negotiated,24497,55.61,202.58,55.60999999999999,4962602.260000001,275970311.6786,5564216.21,314211289.3787,155,2009,71,56.06457475629862
2009-04-13,2009-04-10,Prod. Sold Negotiated,19884,55.89,203.97,55.89,4055739.48,226675279.5372,4962602.260000001,275970311.6786,161,2009,72,55.735921936331515
2009-04-13,2009-04-10,Prod. Sold Swine or Pork Market Formula,141013,56.97,207.35,56.97,29239045.55,1665748424.9835,36400567.28,2084296482.4528,161,2009,72,57.13082003010194
2009-04-14,2009-04-13,Prod. Sold Negotiated,20364,56.88,199.81,56.88,4068930.84,231440786.1792,4055739.48,226675279.5372,162,2009,73,56.38580369085056
2009-04-14,2009-04-13,Prod. Sold Swine or Pork Market Formula,108504,56.48,206.27,56.48,22381120.08,1264085662.1184,29239045.55,1665748424.9835,162,2009,73,56.75754913500652
2009-04-15,2009-04-14,Prod. Sold Negotiated,24880,56.78,198.17,56.78000000000001,4930469.6,279952063.888,4068930.84,231440786.1792,163,2009,74,56.82521335467988
2009-04-15,2009-04-14,Prod. Sold Swine or Pork Market Formula,172592,57.35,204.22,57.35,35246738.24,2021400438.064,22381120.08,1264085662.1184,163,2009,74,57.01211525055335
2009-04-16,2009-04-15,Prod. Sold Negotiated,27597,57.47,199.47,57.47,5504773.59,316359338.2173,4930469.6,279952063.888,164,2009,75,57.14398708759752
2009-04-16,2009-04-15,Prod. Sold Swine or Pork Market Formula,178049,57.52,205.04,57.52,36507166.96,2099892243.5392,35246738.24,2021400438.064,164,2009,75,57.436493109551336
2009-04-17,2009-04-16,Prod. Sold Negotiated,28736,57.88,199.33,57.88,5727946.880000001,331533565.41440004,5504773.59,316359338.2173,165,2009,76,57.67907296919497
2009-04-17,2009-04-16,Prod. Sold Swine or Pork Market Formula,178220,58.32,204.8,58.32,36499456.0,2128648273.92,36507166.96,2099892243.5392,165,2009,76,57.91995775199735
2009-04-20,2009-04-17,Prod. Sold Negotiated,38107,58.9,200.67,58.9,7646931.689999999,450404276.541,5727946.880000001,331533565.41440004,171,2009,77,58.463173169234985
2009-04-20,2009-04-17,Prod. Sold Swine or Pork Market Formula,205828,59.4,206.16,59.4,42433500.48,2520549928.512,36499456.0,2128648273.92,171,2009,77,58.9005962751441
2009-04-21,2009-04-20,Prod. Sold Swine or Pork Market Formula,160285,59.83,204.9,59.83,32842396.5,1964960582.595,42433500.48,2520549928.512,172,2009,78,59.58760627321056
2009-04-21,2009-04-20,Prod. Sold Negotiated,30700,59.87,199.16,59.87,6114212.0,366057872.44,7646931.689999999,450404276.541,172,2009,78,59.33098057644074
2009-04-22,2009-04-21,Prod. Sold Negotiated,28830,60.43,200.72,60.42999999999999,5786757.6,349693761.76799995,6114212.0,366057872.44,173,2009,79,60.142295818317194
2009-04-22,2009-04-21,Prod. Sold Swine or Pork Market Formula,165857,60.69,204.38,60.69,33897853.66,2057260738.6254,32842396.5,1964960582.595,173,2009,79,60.266800192952715
2009-04-23,2009-04-22,Prod. Sold Swine or Pork Market Formula,166370,61.53,204.73,61.53,34060930.1,2095769029.053,33897853.66,2057260738.6254,174,2009,80,61.11100784771315
2009-04-23,2009-04-22,Prod. Sold Negotiated,27409,61.68,199.48,61.68,5467547.32,337238318.69759995,5786757.6,349693761.76799995,174,2009,80,61.037272879007794
2009-04-24,2009-04-23,Prod. Sold Negotiated,31053,62.1,201.42,62.1,6254695.26,388416575.646,5467547.32,337238318.69759995,175,2009,81,61.904101488368966
2009-04-24,2009-04-23,Prod. Sold Swine or Pork Market Formula,170415,62.08,204.45,62.07999999999999,34841346.75,2162950806.24,34060930.1,2095769029.053,175,2009,81,61.808114767589146
2009-04-27,2009-04-24,Prod. Sold Negotiated,39033,62.12,202.63,62.12,7909256.79,491323031.7948,6254695.26,388416575.646,181,2009,82,62.111168149626714
2009-04-27,2009-04-24,Prod. Sold Swine or Pork Market Formula,185999,62.36,205.38,62.36,38200474.62,2382181597.3032,34841346.75,2162950806.24,181,2009,82,62.22643847446543
2009-04-28,2009-04-27,Prod. Sold Negotiated,30861,62.43,199.71,62.43,6163250.3100000005,384771716.8533,7909256.79,491323031.7948,182,2009,83,62.2557688137958
2009-04-28,2009-04-27,Prod. Sold Swine or Pork Market Formula,155293,62.57,204.63,62.57,31777606.59,1988324844.3363,38200474.62,2382181597.3032,182,2009,83,62.45536268026376
2009-04-29,2009-04-28,Prod. Sold Negotiated,26636,62.11,200.14,62.10999999999999,5330929.04,331104002.6744,6163250.3100000005,384771716.8533,183,2009,84,62.28158598618873
2009-04-29,2009-04-28,Prod. Sold Swine or Pork Market Formula,162732,61.99,204.19,61.99,33228247.08,2059819036.4892,31777606.59,1988324844.3363,183,2009,84,62.27352849446088
2009-04-30,2009-04-29,Prod. Sold Negotiated,28424,60.38,200.01,60.38,5685084.239999999,343265386.4112,5330929.04,331104002.6744,184,2009,85,61.21719100592805
2009-04-30,2009-04-29,Prod. Sold Swine or Pork Market Formula,168717,61.23,204.51,61.23,34504313.67,2112699126.0141,33228247.08,2059819036.4892,184,2009,85,61.60284088333837
2009-05-01,2009-04-30,Prod. Sold Negotiated,26870,58.4,198.88,58.4,5343905.6,312084087.04,5685084.239999999,343265386.4112,185,2009,86,59.42062536628468
2009-05-01,2009-04-30,Prod. Sold Swine or Pork Market Formula,169674,59.89,204.67,59.89,34727177.58,2079810665.2662,34504313.67,2112699126.0141,185,2009,86,60.557843195098016
2009-05-04,2009-05-01,Prod. Sold Swine or Pork Market Formula,148971,58.67,205.82,58.67,30661211.22,1798893262.2774,34727177.58,2079810665.2662,191,2009,87,59.31793088536233
2009-05-04,2009-05-01,Prod. Sold Negotiated,29491,58.75,201.86,58.75,5953053.260000001,349741879.02500004,5343905.6,312084087.04,191,2009,87,58.58443624225078
2009-05-05,2009-05-04,Prod. Sold Swine or Pork Market Formula,150916,57.1,204.04,57.1,30792900.64,1758274626.544,30661211.22,1798893262.2774,192,2009,88,57.883317831117054
2009-05-05,2009-05-04,Prod. Sold Negotiated,22853,55.16,200.1,55.16,4572885.3,252240353.148,5953053.260000001,349741879.02500004,192,2009,88,57.19036157598472
2009-05-06,2009-05-05,Prod. Sold Swine or Pork Market Formula,153017,56.32,204.08,56.32,31227709.360000003,1758744591.1552002,30792900.64,1758274626.544,193,2009,89,56.70726582178409
2009-05-06,2009-05-05,Prod. Sold Negotiated,24738,53.86,199.52,53.86,4935725.760000001,265838189.43360004,4572885.3,252240353.148,193,2009,89,54.485196556309674
2009-05-07,2009-05-06,Prod. Sold Swine or Pork Market Formula,164573,55.73,204.11,55.73,33590995.03,1872026153.0219,31227709.360000003,1758744591.1552002,194,2009,90,56.01424431953383
2009-05-07,2009-05-06,Prod. Sold Negotiated,20955,52.61,203.87,52.61,4272095.850000001,224754962.66850004,4935725.760000001,265838189.43360004,194,2009,90,53.28004525731684
2009-05-08,2009-05-07,Prod. Sold Negotiated,25467,52.82,198.63,52.82,5058510.21,267190509.2922,4272095.850000001,224754962.66850004,195,2009,91,52.72384974751576
2009-05-08,2009-05-07,Prod. Sold Swine or Pork Market Formula,163645,55.8,204.65,55.8,33489949.25,1868739168.15,33590995.03,1872026153.0219,195,2009,91,55.76494727858503
2009-05-11,2009-05-08,Prod. Sold Swine or Pork Market Formula,164161,56.38,206.13,56.38,33838506.93,1907815020.7134,33489949.25,1868739168.15,201,2009,92,56.09150132251553
2009-05-11,2009-05-08,Prod. Sold Negotiated,29223,54.49,202.35,54.49,5913274.05,322214302.9845,5058510.21,267190509.2922,201,2009,92,53.72005120675787
2009-05-12,2009-05-11,Prod. Sold Swine or Pork Market Formula,156624,58.05,204.73,58.05,32065631.52,1861409909.736,33838506.93,1907815020.7134,202,2009,93,57.1925378147387
2009-05-12,2009-05-11,Prod. Sold Negotiated,31302,58.13,201.89,58.13,6319560.779999999,367356068.1414,5913274.05,322214302.9845,202,2009,93,56.37044730096304
2009-05-13,2009-05-12,Prod. Sold Swine or Pork Market Formula,164881,59.66,204.23,59.66,33673646.629999995,2008969757.9458,32065631.52,1861409909.736,203,2009,94,58.87469069633829
2009-05-13,2009-05-12,Prod. Sold Negotiated,28690,60.3,202.66,60.3,5814315.4,350603218.61999995,6319560.779999999,367356068.1414,203,2009,94,59.16982142481365
2009-05-14,2009-05-13,Prod. Sold Negotiated,33308,62.49,202.18,62.49,6734211.44,420820872.8856,5814315.4,350603218.61999995,204,2009,95,61.475271268224816
2009-05-14,2009-05-13,Prod. Sold Swine or Pork Market Formula,165050,61.17,203.67,61.17,33615733.5,2056274418.195,33673646.629999995,2008969757.9458,204,2009,95,60.4143502033595
2009-05-15,2009-05-14,Prod. Sold Swine or Pork Market Formula,168692,62.77,203.99,62.77000000000001,34411481.08,2160008667.3916,33615733.5,2056274418.195,205,2009,96,61.979357991032415
2009-05-15,2009-05-14,Prod. Sold Negotiated,30906,62.57,202.59,62.57,6261246.54,391766196.0078,6734211.44,420820872.8856,205,2009,96,62.5285442147534
2009-05-18,2009-05-15,Prod. Sold Negotiated,32400,63.58,201.8,63.57999999999999,6538320.0,415706385.6,6261246.54,391766196.0078,211,2009,97,63.08593178404618
2009-05-18,2009-05-15,Prod. Sold Swine or Pork Market Formula,168020,63.57,206.53,63.57000000000001,34701170.6,2205953415.0420003,34411481.08,2160008667.3916,211,2009,97,63.17167662222738
2009-05-19,2009-05-18,Prod. Sold Negotiated,24909,64.08,199.28,64.08,4963865.5200000005,318084502.5216,6538320.0,415706385.6,212,2009,98,63.795779232188906
2009-05-19,2009-05-18,Prod. Sold Swine or Pork Market Formula,149420,63.82,203.4,63.82,30392028.0,1939619226.96,34701170.6,2205953415.0420003,212,2009,98,63.68672505213164
2009-05-20,2009-05-19,Prod. Sold Swine or Pork Market Formula,153253,63.04,202.98,63.04,31107293.94,1961003809.9776,30392028.0,1939619226.96,213,2009,99,63.4254641172
2009-05-20,2009-05-19,Prod. Sold Negotiated,28084,62.87,198.23,62.87,5567091.32,350003031.28839993,4963865.5200000005,318084502.5216,213,2009,99,63.44034487658198
2009-05-21,2009-05-20,Prod. Sold Swine or Pork Market Formula,163055,62.05,203.29,62.05,33147450.95,2056799331.4475,31107293.94,1961003809.9776,214,2009,100,62.529283219524416
2009-05-21,2009-05-20,Prod. Sold Negotiated,25200,61.52,197.56,61.52,4978512.0,306278058.24,5567091.32,350003031.28839993,214,2009,100,62.23267361894283
2009-05-22,2009-05-21,Prod. Sold Swine or Pork Market Formula,161618,61.57,203.41,61.56999999999999,32874717.38,2024096349.0866,33147450.95,2056799331.4475,215,2009,101,61.81099142543263
2009-05-22,2009-05-21,Prod. Sold Negotiated,26487,60.14,199.67,60.14000000000001,5288659.29,318059969.7006,4978512.0,306278058.24,215,2009,101,60.80915670986143
2009-05-26,2009-05-22,Prod. Sold Swine or Pork Market Formula,152371,60.79,204.8,60.79,31205580.8,1896987256.832,32874717.38,2024096349.0866,222,2009,102,61.19015855551064
2009-05-26,2009-05-22,Prod. Sold Negotiated,28158,59.16,199.67,59.16,5622307.86,332615732.9976,5288659.29,318059969.7006,222,2009,102,59.63501619544332
2009-05-27,2009-05-26,Prod. Sold Swine or Pork Market Formula,169992,59.81,202.64,59.81,34447178.879999995,2060285768.8128,31205580.8,1896987256.832,223,2009,103,60.27580630171615
2009-05-27,2009-05-26,Prod. Sold Negotiated,21984,57.68,197.39,57.68,4339421.76,250297847.1168,5622307.86,332615732.9976,223,2009,103,58.5152982815448
2009-05-28,2009-05-27,Prod. Sold Swine or Pork Market Formula,164817,59.63,203.68,59.63,33569926.56,2001774720.7728,34447178.879999995,2060285768.8128,224,2009,104,59.721160777252855
2009-05-28,2009-05-27,Prod. Sold Negotiated,23450,57.16,196.54,57.16,4608863.0,263442609.08,4339421.76,250297847.1168,224,2009,104,57.412171156341245
2009-05-29,2009-05-28,Prod. Sold Swine or Pork Market Formula,164505,59.58,204.19,59.58,33590275.95,2001308641.101,33569926.56,2001774720.7728,225,2009,105,59.604992425056345
2009-05-29,2009-05-28,Prod. Sold Negotiated,26428,56.66,199.85,56.66,5281635.8,299257484.428,4608863.0,263442609.08,225,2009,105,56.8929944673771
2009-06-01,2009-05-29,Prod. Sold Swine or Pork Market Formula,210220,59.92,204.83,59.92,43059362.6,2580117006.992,33590275.95,2001308641.101,231,2009,106,59.77100133491758
2009-06-01,2009-05-29,Prod. Sold Negotiated,36305,57.46,201.49,57.46,7315094.45,420325327.097,5281635.8,299257484.428,231,2009,106,57.12457099928769
2009-06-02,2009-06-01,Prod. Sold Negotiated,26772,58.6,202.29,58.6,5415707.88,317360481.768,7315094.45,420325327.097,232,2009,107,57.944958200054
2009-06-02,2009-06-01,Prod. Sold Swine or Pork Market Formula,153251,60.28,202.82,60.28,31082367.82,1873645132.1896,43059362.6,2580117006.992,232,2009,107,60.070922460965136
2009-06-03,2009-06-02,Prod. Sold Negotiated,23698,58.96,199.82,58.96000000000001,4735334.36,279195313.8656,5415707.88,317360481.768,233,2009,108,58.76793550152739
2009-06-03,2009-06-02,Prod. Sold Swine or Pork Market Formula,171604,59.97,203.37,59.97,34899105.480000004,2092899355.6356003,31082367.82,1873645132.1896,233,2009,108,60.1160339325918
2009-06-04,2009-06-03,Prod. Sold Negotiated,24784,58.95,198.96,58.95,4931024.640000001,290683902.52800006,4735334.36,279195313.8656,234,2009,109,58.95489877766799
2009-06-04,2009-06-03,Prod. Sold Swine or Pork Market Formula,170822,59.8,203.52,59.8,34765693.440000005,2078988467.712,34899105.480000004,2092899355.6356003,234,2009,109,59.88516277981958
2009-06-05,2009-06-04,Prod. Sold Swine or Pork Market Formula,168061,59.31,204.7,59.31,34402086.7,2040387762.177,34765693.440000005,2078988467.712,235,2009,110,59.55628793567062
2009-06-05,2009-06-04,Prod. Sold Negotiated,24971,58.06,198.57,58.06,4958491.47,287890014.7482,4931024.640000001,290683902.52800006,235,2009,110,58.5037640710411
2009-06-08,2009-06-05,Prod. Sold Swine or Pork Market Formula,170255,58.57,204.28,58.57,34779691.4,2037046525.298,34402086.7,2040387762.177,241,2009,111,58.937980483548735
2009-06-08,2009-06-05,Prod. Sold Negotiated,30571,57.55,200.65,57.55,6134071.15,353015794.6825,4958491.47,287890014.7482,241,2009,111,57.77797533233128
2009-06-09,2009-06-08,Prod. Sold Negotiated,23771,56.08,198.75,56.08,4724486.25,264949188.9,6134071.15,353015794.6825,242,2009,112,56.910412757269214
2009-06-09,2009-06-08,Prod. Sold Swine or Pork Market Formula,154505,58.17,203.28,58.17,31407776.4,1826990353.188,34779691.4,2037046525.298,242,2009,112,58.38018898323831
2009-06-10,2009-06-09,Prod. Sold Swine or Pork Market Formula,173870,57.72,203.06,57.72,35306042.2,2037864755.784,31407776.4,1826990353.188,243,2009,113,57.93185265176831
2009-06-10,2009-06-09,Prod. Sold Negotiated,25674,56.06,198.66,56.06000000000001,5100396.84,285928246.85040003,4724486.25,264949188.9,243,2009,113,56.06961738924876
2009-06-11,2009-06-10,Prod. Sold Swine or Pork Market Formula,176729,57.39,203.15,57.39,35902496.35,2060444265.5265,35306042.2,2037864755.784,244,2009,114,57.553617933512555
2009-06-11,2009-06-10,Prod. Sold Negotiated,25221,55.47,194.99,55.47,4917842.79,272792739.5613,5100396.84,285928246.85040003,244,2009,114,55.77037553968951
2009-06-12,2009-06-11,Prod. Sold Negotiated,25703,55.28,198.42,55.28,5099989.26,281927406.2928,4917842.79,272792739.5613,245,2009,115,55.37327268868517
2009-06-12,2009-06-11,Prod. Sold Swine or Pork Market Formula,171630,57.45,203.59,57.45,34942151.7,2007426615.165,35902496.35,2060444265.5265,245,2009,115,57.41959333075549
2009-06-15,2009-06-12,Prod. Sold Negotiated,28262,55.59,199.46,55.59,5637138.5200000005,313368530.32680005,5099989.26,281927406.2928,251,2009,116,55.44275422785366
2009-06-15,2009-06-12,Prod. Sold Swine or Pork Market Formula,184347,57.34,204.3,57.34000000000001,37662092.1,2159544361.0140004,34942151.7,2007426615.165,251,2009,116,57.39293955953302
2009-06-16,2009-06-15,Prod. Sold Swine or Pork Market Formula,158896,57.5,202.46,57.5,32170084.16,1849779839.2,37662092.1,2159544361.0140004,252,2009,117,57.413708335344396
2009-06-16,2009-06-15,Prod. Sold Negotiated,23115,55.91,198.27,55.91,4583011.05,256236147.8055,5637138.5200000005,313368530.32680005,252,2009,117,55.73349726742796
2009-06-17,2009-06-16,Prod. Sold Swine or Pork Market Formula,170232,57.93,202.0,57.93,34386864.0,1992031031.52,32170084.16,1849779839.2,253,2009,118,57.722160900233206
2009-06-17,2009-06-16,Prod. Sold Negotiated,22112,56.15,196.48,56.15,4344565.76,243947367.424,4583011.05,256236147.8055,253,2009,118,56.02679493826725
2009-06-18,2009-06-17,Prod. Sold Negotiated,21948,56.17,197.44,56.17,4333413.12,243407814.9504,4344565.76,243947367.424,254,2009,119,56.15998714834393
2009-06-18,2009-06-17,Prod. Sold Swine or Pork Market Formula,162159,58.09,201.18,58.09,32623147.62,1895078645.2458005,34386864.0,1992031031.52,254,2009,119,58.00789438463017
2009-06-19,2009-06-18,Prod. Sold Swine or Pork Market Formula,161972,58.33,201.94,58.33,32708625.68,1907894135.9144,32623147.62,1895078645.2458005,255,2009,120,58.21015700426733
2009-06-19,2009-06-18,Prod. Sold Negotiated,24661,57.22,197.93,57.220000000000006,4881151.73,279299501.99060005,4333413.12,243407814.9504,255,2009,120,56.72620741727158
2009-06-22,2009-06-19,Prod. Sold Swine or Pork Market Formula,174810,58.36,202.68,58.36,35430490.800000004,2067723443.0880003,32708625.68,1907894135.9144,261,2009,121,58.34559918559132
2009-06-22,2009-06-19,Prod. Sold Negotiated,23211,57.18,196.39,57.18,4558408.29,260649786.0222,4881151.73,279299501.99060005,261,2009,121,57.200683810345645
2009-06-23,2009-06-22,Prod. Sold Negotiated,30869,58.14,197.0,58.13999999999999,6081193.0,353560561.02,4558408.29,260649786.0222,262,2009,122,57.7286996289501
2009-06-23,2009-06-22,Prod. Sold Swine or Pork Market Formula,156204,59.04,200.98,59.04,31393879.92,1853494670.4768,35430490.800000004,2067723443.0880003,262,2009,122,58.67946186871029
2009-06-24,2009-06-23,Prod. Sold Negotiated,27654,57.78,196.66,57.78,5438435.64,314232811.2792,6081193.0,353560561.02,263,2009,123,57.9700434075104
2009-06-24,2009-06-23,Prod. Sold Swine or Pork Market Formula,163217,58.86,199.61,58.86,32579745.37,1917643812.4782,31393879.92,1853494670.4768,263,2009,123,58.94833168919197
2009-06-25,2009-06-24,Prod. Sold Swine or Pork Market Formula,170045,59.28,199.46,59.28,33917175.7,2010610175.4960003,32579745.37,1917643812.4782,264,2009,124,59.074223659754175
2009-06-25,2009-06-24,Prod. Sold Negotiated,22588,58.28,195.29,58.28,4411210.52,257085349.1056,5438435.64,314232811.2792,264,2009,124,58.00392735984335
2009-06-26,2009-06-25,Prod. Sold Swine or Pork Market Formula,169568,58.92,200.79,58.92,34047558.72,2006082159.7824,33917175.7,2010610175.4960003,265,2009,125,59.099654689394434
2009-06-26,2009-06-25,Prod. Sold Negotiated,30884,58.8,194.99,58.8,6022071.16,354097784.208,4411210.52,257085349.1056,265,2009,125,58.58014305174975
2009-06-29,2009-06-26,Prod. Sold Swine or Pork Market Formula,166715,58.94,200.43,58.94,33414687.450000003,1969461678.303,34047558.72,2006082159.7824,271,2009,126,58.92990618882324
2009-06-29,2009-06-26,Prod. Sold Negotiated,29353,58.77,197.63,58.77,5801033.39,340926732.3303,6022071.16,354097784.208,271,2009,126,58.78528043112839
2009-06-30,2009-06-29,Prod. Sold Negotiated,25793,57.94,197.26,57.94,5087927.18,294794500.8092,5801033.39,340926732.3303,272,2009,127,58.38217789960276
2009-06-30,2009-06-29,Prod. Sold Swine or Pork Market Formula,165488,58.93,198.43,58.93,32837783.84,1935130601.6912,33414687.450000003,1969461678.303,272,2009,127,58.935043538271
2009-07-01,2009-06-30,Prod. Sold Negotiated,23198,57.67,194.13,57.67,4503427.74,259712677.76580003,5087927.18,294794500.8092,273,2009,128,57.81322693196719
2009-07-01,2009-06-30,Prod. Sold Swine or Pork Market Formula,174541,58.61,199.49,58.61,34819184.09,2040752379.5149,32837783.84,1935130601.6912,273,2009,128,58.76531424405054
2009-07-02,2009-07-01,Prod. Sold Negotiated,19605,58.51,191.77,58.51,3759650.85,219977171.2335,4503427.74,259712677.76580003,274,2009,129,58.05219492645537
2009-07-02,2009-07-01,Prod. Sold Swine or Pork Market Formula,169685,58.64,199.3,58.64,33818220.5,1983100450.12,34819184.09,2040752379.5149,274,2009,129,58.62478124968536
2009-07-03,2009-07-02,Prod. Sold Negotiated,19727,57.84,193.87,57.84,3824473.49,221207546.6616,3759650.85,219977171.2335,275,2009,130,58.17213670511895
2009-07-03,2009-07-02,Prod. Sold Swine or Pork Market Formula,126518,59.07,200.96,59.07,25425057.28,1501858133.5296,33818220.5,1983100450.12,275,2009,130,58.82454034010405
2009-07-06,2009-07-03,Prod. Sold Negotiated,19986,58.45,197.71,58.45,3951432.06,230961203.907,3824473.49,221207546.6616,281,2009,131,58.14997978834761
2009-07-06,2009-07-03,Prod. Sold Swine or Pork Market Formula,129684,58.89,200.84,58.89,26045734.56,1533833308.2384,25425057.28,1501858133.5296,281,2009,131,58.97891470573498
2009-07-07,2009-07-06,Prod. Sold Swine or Pork Market Formula,144349,59.11,199.98,59.11,28866913.02,1706323228.6122,26045734.56,1533833308.2384,282,2009,132,59.00565133251221
2009-07-07,2009-07-06,Prod. Sold Negotiated,16885,58.99,195.69,58.99,3304225.65,194916271.0935,3951432.06,230961203.907,282,2009,132,58.69591593516613
2009-07-08,2009-07-07,Prod. Sold Negotiated,18374,59.03,193.87,59.03,3562167.38,210274740.4414,3304225.65,194916271.0935,283,2009,133,59.01075131653219
2009-07-08,2009-07-07,Prod. Sold Swine or Pork Market Formula,167759,58.88,200.16,58.88,33578641.44,1977110407.9872,28866913.02,1706323228.6122,283,2009,133,58.98632286080274
2009-07-09,2009-07-08,Prod. Sold Swine or Pork Market Formula,165216,59.01,200.07,59.01,33054765.12,1950561689.7312,33578641.44,1977110407.9872,284,2009,134,58.94448896563214
2009-07-09,2009-07-08,Prod. Sold Negotiated,27502,59.14,194.6,59.13999999999999,5351889.2,316510727.288,3562167.38,210274740.4414,284,2009,134,59.09604263801969
2009-07-10,2009-07-09,Prod. Sold Negotiated,25887,58.68,194.96,58.68,5046929.5200000005,296153824.2336,5351889.2,316510727.288,285,2009,135,58.9167450667512
2009-07-10,2009-07-09,Prod. Sold Swine or Pork Market Formula,169276,59.33,200.48,59.33,33936452.48,2013449725.6384,33054765.12,1950561689.7312,285,2009,135,59.172105798083
2009-07-13,2009-07-10,Prod. Sold Swine or Pork Market Formula,153371,59.11,200.73,59.11,30786160.83,1819769966.6613,33936452.48,2013449725.6384,291,2009,136,59.225354111395966
2009-07-13,2009-07-10,Prod. Sold Negotiated,28061,58.47,197.22,58.47,5534190.42,323584113.8574,5046929.5200000005,296153824.2336,291,2009,136,58.57016474675742
2009-07-14,2009-07-13,Prod. Sold Swine or Pork Market Formula,137523,58.97,200.29,58.97,27544481.67,1624298084.0798998,30786160.83,1819769966.6613,292,2009,137,59.043890194441104
2009-07-14,2009-07-13,Prod. Sold Negotiated,17322,58.36,195.12,58.36000000000001,3379868.64,197249133.8304,5534190.42,323584113.8574,292,2009,137,58.42829222715516
2009-07-15,2009-07-14,Prod. Sold Swine or Pork Market Formula,169848,58.64,199.67,58.64,33913550.16,1988690581.3824,27544481.67,1624298084.0798998,293,2009,138,58.787900586472446
2009-07-15,2009-07-14,Prod. Sold Negotiated,20333,57.15,194.69,57.15,3958631.77,226235805.6555,3379868.64,197249133.8304,293,2009,138,57.70728566136307
2009-07-16,2009-07-15,Prod. Sold Swine or Pork Market Formula,169271,58.7,199.96,58.7,33847429.160000004,1986844091.6920004,33913550.16,1988690581.3824,294,2009,139,58.66997072607244
2009-07-16,2009-07-15,Prod. Sold Negotiated,23554,57.3,193.6,57.3,4560054.4,261291117.11999995,3958631.77,226235805.6555,294,2009,139,57.23029502981444
2009-07-17,2009-07-16,Prod. Sold Swine or Pork Market Formula,160094,59.05,199.92,59.05,32005992.48,1889953855.944,33847429.160000004,1986844091.6920004,295,2009,140,58.870106534922954
2009-07-17,2009-07-16,Prod. Sold Negotiated,29033,58.02,195.8,58.02,5684661.4,329824054.42800003,4560054.4,261291117.11999995,295,2009,140,57.6995187653717
2009-07-20,2009-07-17,Prod. Sold Swine or Pork Market Formula,162441,59.2,201.6,59.2,32748105.6,1938687851.52,32005992.48,1889953855.944,301,2009,141,59.125859536085756
2009-07-20,2009-07-17,Prod. Sold Negotiated,30216,58.55,194.84,58.55,5887285.44,344700562.512,5684661.4,329824054.42800003,301,2009,141,58.289640132843886
2009-07-21,2009-07-20,Prod. Sold Swine or Pork Market Formula,141344,59.18,200.46,59.18,28333818.24,1676795363.4432,32748105.6,1938687851.52,302,2009,142,59.19072268309223
2009-07-21,2009-07-20,Prod. Sold Negotiated,17410,59.58,193.98,59.58,3377191.8,201213087.444,5887285.44,344700562.512,302,2009,142,58.92546722431151
2009-07-22,2009-07-21,Prod. Sold Swine or Pork Market Formula,166426,59.94,199.44,59.94,33192001.44,1989528566.3136,28333818.24,1676795363.4432,303,2009,143,59.59000544528463
2009-07-22,2009-07-21,Prod. Sold Negotiated,25103,59.09,196.67,59.09,4937007.01,291727744.2209,3377191.8,201213087.444,303,2009,143,59.2890358926719
2009-07-23,2009-07-22,Prod. Sold Negotiated,24272,59.81,193.27,59.81,4691049.44,280571667.00640005,4937007.01,291727744.2209,304,2009,144,59.44080346841964
2009-07-23,2009-07-22,Prod. Sold Swine or Pork Market Formula,164772,60.43,200.99,60.43,33117524.28,2001291992.2404,33192001.44,1989528566.3136,304,2009,144,60.18472482227852
2009-07-24,2009-07-23,Prod. Sold Negotiated,25293,59.54,195.43,59.54,4943010.99,294306874.3446,4691049.44,280571667.00640005,305,2009,145,59.671469317428816
2009-07-24,2009-07-23,Prod. Sold Swine or Pork Market Formula,174067,60.53,201.27,60.53,35034465.09,2120636171.8977003,33117524.28,2001291992.2404,305,2009,145,60.48140637186656
2009-07-27,2009-07-24,Prod. Sold Negotiated,33184,59.63,196.62,59.63000000000001,6524638.08,389064168.7104,4943010.99,294306874.3446,311,2009,146,59.59120643504311
2009-07-27,2009-07-24,Prod. Sold Swine or Pork Market Formula,152953,60.12,201.76,60.12,30859797.28,1855291012.4736,35034465.09,2120636171.8977003,311,2009,146,60.33798757843656
2009-07-28,2009-07-27,Prod. Sold Negotiated,26321,59.32,196.61,59.32,5174971.8100000005,306979327.7692,6524638.08,389064168.7104,312,2009,147,59.49288079036968
2009-07-28,2009-07-27,Prod. Sold Swine or Pork Market Formula,162272,60.21,199.82,60.21,32425191.04,1952320752.5184,30859797.28,1855291012.4736,312,2009,147,60.16611310313978
2009-07-29,2009-07-28,Prod. Sold Swine or Pork Market Formula,160862,59.8,200.47,59.8,32248005.14,1928430707.372,32425191.04,1952320752.5184,313,2009,148,60.005561640859675
2009-07-29,2009-07-28,Prod. Sold Negotiated,24330,58.04,193.5,58.04,4707855.0,273243904.2,5174971.8100000005,306979327.7692,313,2009,148,58.71024992384744
2009-07-30,2009-07-29,Prod. Sold Negotiated,22300,57.11,194.3,57.11,4332890.0,247451347.9,4707855.0,273243904.2,314,2009,149,57.59428588020125
2009-07-30,2009-07-29,Prod. Sold Swine or Pork Market Formula,169839,59.21,200.74,59.21,34093480.86,2018675001.7206,32248005.14,1928430707.372,314,2009,149,59.49679374219323
2009-07-31,2009-07-30,Prod. Sold Swine or Pork Market Formula,169825,58.52,201.16,58.52,34161997.0,1999160064.44,34093480.86,2018675001.7206,315,2009,150,58.864653682472955
2009-07-31,2009-07-30,Prod. Sold Negotiated,20721,56.15,195.37,56.15,4048261.77,227309898.3855,4332890.0,247451347.9,315,2009,150,56.64630104717696
2009-08-03,2009-07-31,Prod. Sold Negotiated,27736,55.46,197.88,55.46,5488399.68,304386646.2528,4048261.77,227309898.3855,321,2009,151,55.75290130890617
2009-08-03,2009-07-31,Prod. Sold Swine or Pork Market Formula,153089,57.81,202.2,57.81,30954595.8,1789485183.198,34161997.0,1999160064.44,321,2009,151,58.1824859797947
2009-08-04,2009-08-03,Prod. Sold Negotiated,21168,54.34,196.45,54.34,4158453.6,225970368.624,5488399.68,304386646.2528,322,2009,152,54.97720339298039
2009-08-04,2009-08-03,Prod. Sold Swine or Pork Market Formula,115565,56.72,201.7,56.72,23309460.5,1322112599.56,30954595.8,1789485183.198,322,2009,152,57.34178376853114
2009-08-05,2009-08-04,Prod. Sold Negotiated,22066,53.87,195.24,53.87,4308165.84,232080893.8008,4158453.6,225970368.624,323,2009,153,54.10084457803385
2009-08-05,2009-08-04,Prod. Sold Swine or Pork Market Formula,186587,55.6,200.09,55.6,37334192.83,2075781121.348,23309460.5,1322112599.56,323,2009,153,56.03049180460712
2009-08-06,2009-08-05,Prod. Sold Swine or Pork Market Formula,174213,54.84,201.2,54.84,35051655.6,1922232793.104,37334192.83,2075781121.348,324,2009,154,55.23198250992718
2009-08-06,2009-08-05,Prod. Sold Negotiated,21453,52.8,194.59,52.8,4174539.27,220415673.456,4308165.84,232080893.8008,324,2009,154,53.343427761430235
2009-08-07,2009-08-06,Prod. Sold Negotiated,20359,51.27,196.63,51.27,4003190.17,205243560.0159,4174539.27,220415673.456,325,2009,155,52.05102915117965
2009-08-07,2009-08-06,Prod. Sold Swine or Pork Market Formula,171504,54.09,201.42,54.09,34544335.68,1868503116.9312,35051655.6,1922232793.104,325,2009,155,54.46773356218514
2009-08-10,2009-08-07,Prod. Sold Negotiated,27032,50.43,199.66,50.42999999999999,5397209.12,272181255.9216,4003190.17,205243560.0159,331,2009,156,50.78771669256403
2009-08-10,2009-08-07,Prod. Sold Swine or Pork Market Formula,216901,52.83,202.66,52.83,43957156.66,2322256586.3478,34544335.68,1868503116.9312,331,2009,156,53.384459051151325
2009-08-11,2009-08-10,Prod. Sold Negotiated,25112,48.93,198.5,48.93,4984732.0,243902936.76,5397209.12,272181255.9216,332,2009,157,49.709797687775755
2009-08-11,2009-08-10,Prod. Sold Swine or Pork Market Formula,169477,51.78,200.12,51.78,33915737.24,1756156874.2872002,43957156.66,2322256586.3478,332,2009,157,52.37269679321626
2009-08-12,2009-08-11,Prod. Sold Negotiated,20538,48.37,196.44,48.37,4034484.72,195148025.9064,4984732.0,243902936.76,333,2009,158,48.67950026001815
2009-08-12,2009-08-11,Prod. Sold Swine or Pork Market Formula,176486,50.85,200.5,50.85,35385443.0,1799349776.55,33915737.24,1756156874.2872002,333,2009,158,51.30513850592394
2009-08-13,2009-08-12,Prod. Sold Negotiated,25054,48.08,195.86,48.08,4907076.44,235932235.2352,4034484.72,195148025.9064,334,2009,159,48.210849697034334
2009-08-13,2009-08-12,Prod. Sold Swine or Pork Market Formula,176544,50.26,200.9,50.26,35467689.6,1782606079.296,35385443.0,1799349776.55,334,2009,159,50.554657562818896
2009-08-14,2009-08-13,Prod. Sold Negotiated,25277,47.35,195.64,47.35,4945192.279999999,234154854.458,4907076.44,235932235.2352,335,2009,160,47.71358791086649
2009-08-14,2009-08-13,Prod. Sold Swine or Pork Market Formula,177087,49.75,200.97,49.75,35589174.39,1770561425.9025,35467689.6,1782606079.296,335,2009,160,50.004564030556494
2009-08-17,2009-08-14,Prod. Sold Swine or Pork Market Formula,227718,49.57,200.59,49.57,45677953.62,2264256160.9434,35589174.39,1770561425.9025,341,2009,161,49.64882709217203
2009-08-17,2009-08-14,Prod. Sold Negotiated,46175,46.8,200.24,46.8,9246082.0,432716637.6,4945192.279999999,234154854.458,341,2009,161,46.99165690834636
2009-08-18,2009-08-17,Prod. Sold Swine or Pork Market Formula,164517,49.19,199.37,49.19,32799754.29,1613419913.5251,45677953.62,2264256160.9434,342,2009,162,49.41117901806595
2009-08-18,2009-08-17,Prod. Sold Negotiated,22960,46.73,194.72,46.73,4470771.2,208919138.176,9246082.0,432716637.6,342,2009,162,46.77718470997416
2009-08-19,2009-08-18,Prod. Sold Negotiated,24077,46.98,196.84,46.98,4739316.68,222653097.6264,4470771.2,208919138.176,343,2009,163,46.85864471929448
2009-08-19,2009-08-18,Prod. Sold Swine or Pork Market Formula,178644,49.47,200.18,49.47,35760955.92,1769094489.3624,32799754.29,1613419913.5251,343,2009,163,49.336046731822485
2009-08-20,2009-08-19,Prod. Sold Swine or Pork Market Formula,172104,49.6,200.54,49.6,34513736.16,1711881313.5359998,35760955.92,1769094489.3624,344,2009,164,49.533846394313514
2009-08-20,2009-08-19,Prod. Sold Negotiated,26322,47.07,196.9,47.07,5182801.8,243954480.726,4739316.68,222653097.6264,344,2009,164,47.027011347721775
2009-08-21,2009-08-20,Prod. Sold Swine or Pork Market Formula,182039,49.65,200.31,49.65,36464232.09,1810449123.2685,34513736.16,1711881313.5359998,345,2009,165,49.625687007524334
2009-08-21,2009-08-20,Prod. Sold Negotiated,25635,47.34,197.56,47.34,5064450.6,239751091.404,5182801.8,243954480.726,345,2009,165,47.20344081014342
2009-08-24,2009-08-21,Prod. Sold Swine or Pork Market Formula,214468,49.36,201.56,49.36,43228170.08,2133742475.1488,36464232.09,1810449123.2685,351,2009,166,49.492693042475274
2009-08-24,2009-08-21,Prod. Sold Negotiated,44557,47.72,199.81,47.72,8902934.17,424848018.5924,5064450.6,239751091.404,351,2009,166,47.58221534956683
2009-08-25,2009-08-24,Prod. Sold Swine or Pork Market Formula,169713,49.35,200.13,49.35,33964662.69,1676156103.7515,43228170.08,2133742475.1488,352,2009,167,49.35560002380128
2009-08-25,2009-08-24,Prod. Sold Negotiated,20390,47.66,194.0,47.66,3955660.0,188526755.6,8902934.17,424848018.5924,352,2009,167,47.7015423368323
2009-08-26,2009-08-25,Prod. Sold Negotiated,19839,47.11,195.41,47.11,3876738.99,182633173.8189,3955660.0,188526755.6,353,2009,168,47.387770961716555
2009-08-26,2009-08-25,Prod. Sold Swine or Pork Market Formula,173303,49.17,199.65,49.17,34599943.95,1701279244.0215,33964662.69,1676156103.7515,353,2009,168,49.259166110385486
2009-08-27,2009-08-26,Prod. Sold Negotiated,23216,47.1,195.98,47.1,4549871.68,214298956.128,3876738.99,182633173.8189,354,2009,169,47.10460059108201
2009-08-27,2009-08-26,Prod. Sold Swine or Pork Market Formula,173837,48.84,200.1,48.84,34784783.7,1698888835.908,34599943.95,1701279244.0215,354,2009,169,49.004560442769126
2009-08-28,2009-08-27,Prod. Sold Swine or Pork Market Formula,184746,48.67,200.47,48.67,37036030.62,1802543610.2754,34784783.7,1698888835.908,355,2009,170,48.75233564719349
2009-08-28,2009-08-27,Prod. Sold Negotiated,23671,47.03,197.04,47.03,4664133.84,219354214.4952,4549871.68,214298956.128,355,2009,170,47.06456596774429
2009-08-31,2009-08-28,Prod. Sold Swine or Pork Market Formula,219225,49.13,201.46,49.13,44165068.5,2169829815.405,37036030.62,1802543610.2754,361,2009,171,48.920192814261995
2009-08-31,2009-08-28,Prod. Sold Negotiated,42520,47.15,198.6,47.15,8444472.0,398156854.8,4664133.84,219354214.4952,361,2009,171,47.10730315888421
2009-09-01,2009-08-31,Prod. Sold Swine or Pork Market Formula,171961,49.38,200.59,49.38,34493656.99,1703296782.1662002,44165068.5,2169829815.405,362,2009,172,49.239630739549625
2009-09-01,2009-08-31,Prod. Sold Negotiated,25840,47.32,198.28,47.32,5123555.2,242446632.064,8444472.0,398156854.8,362,2009,172,47.21419535951402
2009-09-02,2009-09-01,Prod. Sold Negotiated,23269,48.35,193.13,48.35,4493941.97,217282094.2495,5123555.2,242446632.064,363,2009,173,47.8012853227073
2009-09-02,2009-09-01,Prod. Sold Swine or Pork Market Formula,181114,50.12,200.49,50.12,36311545.86,1819934678.5032,34493656.99,1703296782.1662002,363,2009,173,49.759499568602685
2009-09-03,2009-09-02,Prod. Sold Negotiated,29797,48.87,195.22,48.870000000000005,5816970.34,284275340.5158,4493941.97,217282094.2495,364,2009,174,48.643361487893415
2009-09-03,2009-09-02,Prod. Sold Swine or Pork Market Formula,173649,50.38,200.67,50.38,34846144.83,1755548776.5354,36311545.86,1819934678.5032,364,2009,174,50.24732281736447
2009-09-04,2009-09-03,Prod. Sold Swine or Pork Market Formula,178312,50.78,200.81,50.78,35806832.72,1818270965.5216,34846144.83,1755548776.5354,365,2009,175,50.582719454786805
2009-09-04,2009-09-03,Prod. Sold Negotiated,25640,48.98,196.83,48.98,5046721.2,247188404.376,5816970.34,284275340.5158,365,2009,175,48.92110043210966
2009-09-08,2009-09-04,Prod. Sold Negotiated,48040,49.13,199.15,49.13,9567166.0,470034865.58,5046721.2,247188404.376,372,2009,176,49.07819939625647
2009-09-08,2009-09-04,Prod. Sold Swine or Pork Market Formula,224528,51.16,201.65,51.16,45276071.2,2316323802.592,35806832.72,1818270965.5216,372,2009,176,50.9921890833236
2009-09-09,2009-09-08,Prod. Sold Negotiated,24342,49.48,196.29,49.48,4778091.18,236419951.5864,9567166.0,470034865.58,373,2009,177,49.24657733925688
2009-09-09,2009-09-08,Prod. Sold Swine or Pork Market Formula,179144,51.59,201.3,51.59,36061687.2,1860422442.648,45276071.2,2316323802.592,373,2009,177,51.35064362973642
2009-09-10,2009-09-09,Prod. Sold Swine or Pork Market Formula,175488,51.83,201.86,51.83,35424007.68,1836026318.0544,36061687.2,1860422442.648,374,2009,178,51.70892955447201
2009-09-10,2009-09-09,Prod. Sold Negotiated,24960,49.91,194.87,49.91,4863955.2,242760004.032,4778091.18,236419951.5864,374,2009,178,49.69691461060987
2009-09-11,2009-09-10,Prod. Sold Negotiated,24586,50.49,196.97,50.49,4842704.42,244508146.1658,4863955.2,242760004.032,375,2009,179,50.19936510329595
2009-09-11,2009-09-10,Prod. Sold Swine or Pork Market Formula,187152,51.95,201.65,51.95,37739200.8,1960551481.5600004,35424007.68,1836026318.0544,375,2009,179,51.8918986535731
2009-09-14,2009-09-11,Prod. Sold Negotiated,56148,50.49,199.46,50.49,11199280.08,565451651.2392,4842704.42,244508146.1658,381,2009,180,50.49
2009-09-14,2009-09-11,Prod. Sold Swine or Pork Market Formula,320195,51.99,202.33,51.99,64785054.35,3368174975.6565003,37739200.8,1960551481.5600004,381,2009,180,51.97527599122968
2009-09-15,2009-09-14,Prod. Sold Swine or Pork Market Formula,170860,52.08,201.39,52.08,34409495.4,1792046520.432,64785054.35,3368174975.6565003,382,2009,181,52.02122000748837
2009-09-15,2009-09-14,Prod. Sold Negotiated,18702,50.33,195.78,50.33,3661477.56,184282165.5948,11199280.08,565451651.2392,382,2009,181,50.450578294607055
2009-09-16,2009-09-15,Prod. Sold Negotiated,18940,50.65,195.83,50.65,3709020.2,187861873.13,3661477.56,184282165.5948,383,2009,182,50.491032063592954
2009-09-16,2009-09-15,Prod. Sold Swine or Pork Market Formula,182099,52.14,200.55,52.14,36519954.45,1904150425.023,34409495.4,1792046520.432,383,2009,182,52.11089263023517
2009-09-17,2009-09-16,Prod. Sold Negotiated,24880,50.79,195.54,50.79,4865035.2,247095137.808,3709020.2,187861873.13,384,2009,183,50.72943789679735
2009-09-17,2009-09-16,Prod. Sold Swine or Pork Market Formula,175168,52.6,201.92,52.6,35369922.559999995,1860457926.656,36519954.45,1904150425.023,384,2009,183,52.36632065951841
2009-09-18,2009-09-17,Prod. Sold Swine or Pork Market Formula,173566,52.99,202.46,52.99,35140172.36,1862077733.3564,35369922.559999995,1860457926.656,385,2009,184,52.794364611704886
2009-09-18,2009-09-17,Prod. Sold Negotiated,25204,51.45,195.71,51.45,4932674.84,253786120.518,4865035.2,247095137.808,385,2009,184,51.122278193691066
2009-09-21,2009-09-18,Prod. Sold Swine or Pork Market Formula,253812,52.92,203.23,52.92,51582212.76,2729730699.2592,35140172.36,1862077733.3564,391,2009,185,52.94836421140628
2009-09-21,2009-09-18,Prod. Sold Negotiated,48098,51.25,199.87,51.25,9613347.26,492684047.075,4932674.84,253786120.518,391,2009,185,51.31782163269228
2009-09-22,2009-09-21,Prod. Sold Swine or Pork Market Formula,160942,52.84,202.25,52.84,32550519.5,1719969450.38,51582212.76,2729730699.2592,392,2009,186,52.88904841326261
2009-09-22,2009-09-21,Prod. Sold Negotiated,21746,50.94,197.12,50.94,4286571.5200000005,218357953.22880003,9613347.26,492684047.075,392,2009,186,51.154399644902085
2009-09-23,2009-09-22,Prod. Sold Negotiated,18563,50.95,195.34,50.95,3626096.42,184749612.599,4286571.5200000005,218357953.22880003,393,2009,187,50.944582647025626
2009-09-23,2009-09-22,Prod. Sold Swine or Pork Market Formula,172967,52.68,202.17,52.68,34968738.39,1842153138.3852,32550519.5,1719969450.38,393,2009,187,52.757134780250176
2009-09-24,2009-09-23,Prod. Sold Swine or Pork Market Formula,179400,52.49,201.93,52.49,36226242.0,1901515442.58,34968738.39,1842153138.3852,394,2009,188,52.58332203278525
2009-09-24,2009-09-23,Prod. Sold Negotiated,20967,51.01,194.59,51.01,4079968.53,208119194.7153,3626096.42,184749612.599,394,2009,188,50.981766941154575
2009-09-25,2009-09-24,Prod. Sold Negotiated,26580,50.61,194.63,50.61,5173265.4,261818961.894,4079968.53,208119194.7153,395,2009,189,50.786369410343006
2009-09-25,2009-09-24,Prod. Sold Swine or Pork Market Formula,170036,52.07,201.81,52.07,34314965.160000004,1786780235.8812003,36226242.0,1901515442.58,395,2009,189,52.28568983935149
2009-09-28,2009-09-25,Prod. Sold Negotiated,48264,51.05,199.66,51.05,9636390.24,491937721.752,5173265.4,261818961.894,401,2009,190,50.896300492642645
2009-09-28,2009-09-25,Prod. Sold Swine or Pork Market Formula,252463,51.69,203.93,51.69,51484779.59,2661248257.0071,34314965.160000004,1786780235.8812003,401,2009,190,51.84197815330097
2009-09-29,2009-09-28,Prod. Sold Negotiated,23717,49.89,195.55,49.89,4637859.350000001,231382802.97150004,9636390.24,491937721.752,402,2009,191,50.67310335040177
2009-09-29,2009-09-28,Prod. Sold Swine or Pork Market Formula,172658,51.7,201.43,51.7,34778500.94,1798048498.598,51484779.59,2661248257.0071,402,2009,191,51.6940316691791
2009-09-30,2009-09-29,Prod. Sold Negotiated,23427,49.78,198.47,49.78,4649556.69,231454932.02820003,4637859.350000001,231382802.97150004,403,2009,192,49.834930728450495
2009-09-30,2009-09-29,Prod. Sold Swine or Pork Market Formula,177942,51.77,200.92,51.77,35752106.64,1850886560.7528,34778500.94,1798048498.598,403,2009,192,51.735483140592
2009-10-01,2009-09-30,Prod. Sold Swine or Pork Market Formula,185558,51.12,202.48,51.12,37571783.84,1920669589.9008,35752106.64,1850886560.7528,404,2009,193,51.43693448293417
2009-10-01,2009-09-30,Prod. Sold Negotiated,20485,49.3,194.82,49.3,3990887.7,196750763.61,4649556.69,231454932.02820003,404,2009,193,49.5582954198262
2009-10-02,2009-10-01,Prod. Sold Swine or Pork Market Formula,175478,51.21,202.24,51.21,35488670.72,1817374827.5712,37571783.84,1920669589.9008,405,2009,194,51.163716951722165
2009-10-02,2009-10-01,Prod. Sold Negotiated,24831,49.4,196.24,49.4,4872835.44,240718070.736,3990887.7,196750763.61,405,2009,194,49.35497504110896
2009-10-05,2009-10-02,Prod. Sold Negotiated,45551,49.5,200.24,49.5,9121132.24,451496045.88,4872835.44,240718070.736,411,2009,195,49.4651790289114
2009-10-05,2009-10-02,Prod. Sold Swine or Pork Market Formula,255823,50.79,203.69,50.79,52108586.87,2646595127.1273,35488670.72,1817374827.5712,411,2009,195,50.960156487913856
2009-10-06,2009-10-05,Prod. Sold Swine or Pork Market Formula,184037,50.53,202.34,50.53,37238046.58,1881638493.6874,52108586.87,2646595127.1273,412,2009,196,50.68163674402776
2009-10-06,2009-10-05,Prod. Sold Negotiated,21835,49.25,193.67,49.25,4228784.45,208267634.1625,9121132.24,451496045.88,412,2009,196,49.420808785773765
2009-10-07,2009-10-06,Prod. Sold Swine or Pork Market Formula,177170,50.81,201.49,50.81,35697983.300000004,1813814531.4730003,37238046.58,1881638493.6874,413,2009,197,50.667043863512255
2009-10-07,2009-10-06,Prod. Sold Negotiated,22166,49.51,194.26,49.51,4305967.16,213188434.0916,4228784.45,208267634.1625,413,2009,197,49.38117563495208
2009-10-08,2009-10-07,Prod. Sold Swine or Pork Market Formula,179822,50.92,202.45,50.92,36404963.9,1853740761.788,35697983.300000004,1813814531.4730003,414,2009,198,50.8655392835454
2009-10-08,2009-10-07,Prod. Sold Negotiated,25274,49.3,194.38,49.3,4912760.12,242199073.916,4305967.16,213188434.0916,414,2009,198,49.398088713998696
2009-10-09,2009-10-08,Prod. Sold Swine or Pork Market Formula,185125,50.87,202.61,50.87,37508176.25,1908040925.8375,36404963.9,1853740761.788,415,2009,199,50.89462685513436
2009-10-09,2009-10-08,Prod. Sold Negotiated,25792,49.99,194.24,49.99,5009838.08,250441805.6192,4912760.12,242199073.916,415,2009,199,49.64837531516695
2009-10-12,2009-10-09,Prod. Sold Swine or Pork Market Formula,243666,50.63,203.83,50.63,49666440.78,2514611896.6914,37508176.25,1908040925.8375,421,2009,200,50.733263571515344
2009-10-12,2009-10-09,Prod. Sold Negotiated,40507,50.19,199.18,50.19,8068184.26,404942168.0094,5009838.08,250441805.6192,421,2009,200,50.113385387335256
2009-10-13,2009-10-12,Prod. Sold Swine or Pork Market Formula,174686,50.86,202.23,50.86,35326749.78,1796718493.8108,49666440.78,2514611896.6914,422,2009,201,50.72559768724842
2009-10-13,2009-10-12,Prod. Sold Negotiated,22033,49.38,194.58,49.38,4287181.140000001,211701004.69320005,8068184.26,404942168.0094,422,2009,201,49.90893856547536
2009-10-14,2009-10-13,Prod. Sold Swine or Pork Market Formula,184144,51.32,200.68,51.32,36954017.92,1896480199.6544,35326749.78,1796718493.8108,423,2009,202,51.09517802569217
2009-10-14,2009-10-13,Prod. Sold Negotiated,17823,49.9,194.68,49.9,3469781.64,173142103.836,4287181.140000001,211701004.69320005,423,2009,202,49.61260217999912
2009-10-15,2009-10-14,Prod. Sold Swine or Pork Market Formula,179666,51.84,201.8,51.84,36256598.8,1879542081.7920003,36954017.92,1896480199.6544,424,2009,203,51.57752318749216
2009-10-15,2009-10-14,Prod. Sold Negotiated,21893,50.2,192.19,50.2,4207615.67,211222306.634,3469781.64,173142103.836,424,2009,203,50.06441570626492
2009-10-16,2009-10-15,Prod. Sold Swine or Pork Market Formula,188437,51.66,203.12,51.66,38275323.44,1977303208.9104,36256598.8,1879542081.7920003,425,2009,204,51.7475623167612
2009-10-16,2009-10-15,Prod. Sold Negotiated,21879,50.33,195.2,50.33,4270780.8,214948397.664,4207615.67,211222306.634,425,2009,204,50.2654842582515
2009-10-19,2009-10-16,Prod. Sold Negotiated,34705,50.76,199.18,50.76,6912541.9,350880626.844,4270780.8,214948397.664,431,2009,205,50.595788003864
2009-10-19,2009-10-16,Prod. Sold Swine or Pork Market Formula,248221,51.59,204.13,51.59,50669352.73,2614031907.3407,38275323.44,1977303208.9104,431,2009,205,51.620122911861294
2009-10-20,2009-10-19,Prod. Sold Swine or Pork Market Formula,174795,52.08,201.99,52.08,35306842.050000004,1838780333.964,50669352.73,2614031907.3407,432,2009,206,51.79122259014568
2009-10-20,2009-10-19,Prod. Sold Negotiated,22522,50.85,194.71,50.85,4385258.62,222990400.827,6912541.9,350880626.844,432,2009,206,50.7949336381981
2009-10-21,2009-10-20,Prod. Sold Swine or Pork Market Formula,180487,53.0,202.68,53.0,36581105.16,1938798573.4800005,35306842.050000004,1838780333.964,433,2009,207,52.548153815115725
2009-10-21,2009-10-20,Prod. Sold Negotiated,19733,51.36,196.18,51.36,3871219.94,198825856.1184,4385258.62,222990400.827,433,2009,207,51.089123998815296
2009-10-22,2009-10-21,Prod. Sold Swine or Pork Market Formula,178207,53.49,202.69,53.49,36120776.83,1932100352.6367,36581105.16,1938798573.4800005,434,2009,208,53.243448727353915
2009-10-22,2009-10-21,Prod. Sold Negotiated,22360,52.42,195.4,52.42,4369144.0,229030528.48,3871219.94,198825856.1184,434,2009,208,51.92202525443312
2009-10-23,2009-10-22,Prod. Sold Negotiated,20215,52.52,195.98,52.52,3961735.7,208070358.964,4369144.0,229030528.48,435,2009,209,52.46755483025401
2009-10-23,2009-10-22,Prod. Sold Swine or Pork Market Formula,179898,53.54,203.74,53.54,36652418.52,1962370487.5608,36120776.83,1932100352.6367,435,2009,209,53.515182636507674
2009-10-26,2009-10-23,Prod. Sold Swine or Pork Market Formula,257135,53.78,203.98,53.78,52450397.3,2820782366.794,36652418.52,1962370487.5608,441,2009,210,53.681276066711845
2009-10-26,2009-10-23,Prod. Sold Negotiated,45761,52.71,199.59,52.71,9133437.99,481423516.4529,3961735.7,208070358.964,441,2009,210,52.65251853386452
2009-10-27,2009-10-26,Prod. Sold Negotiated,20160,52.77,195.85,52.77,3948336.0,208353690.72,9133437.99,481423516.4529,442,2009,211,52.72810917694963
2009-10-27,2009-10-26,Prod. Sold Swine or Pork Market Formula,166784,54.22,202.38,54.22,33753745.92,1830128103.7824,52450397.3,2820782366.794,442,2009,211,53.95228462171357
2009-10-28,2009-10-27,Prod. Sold Swine or Pork Market Formula,170819,54.1,202.24,54.1,34546434.56,1868962109.696,33753745.92,1830128103.7824,443,2009,212,54.15930364285913
2009-10-28,2009-10-27,Prod. Sold Negotiated,20526,52.36,194.66,52.36,3995591.16,209209153.1376,3948336.0,208353690.72,443,2009,212,52.56378053919617
2009-10-29,2009-10-28,Prod. Sold Swine or Pork Market Formula,178704,53.9,202.91,53.9,36260828.64,1954458663.696,34546434.56,1868962109.696,444,2009,213,53.9975787878213
2009-10-29,2009-10-28,Prod. Sold Negotiated,23442,52.93,195.78,52.93,4589474.76,242920899.0468,3995591.16,209209153.1376,444,2009,213,52.6647152622446
2009-10-30,2009-10-29,Prod. Sold Negotiated,22388,52.56,197.43,52.56,4420062.84,232318502.8704,4589474.76,242920899.0468,445,2009,214,52.74847866967112
2009-10-30,2009-10-29,Prod. Sold Swine or Pork Market Formula,186859,54.05,203.31,54.05,37990303.29,2053375892.8245,36260828.64,1954458663.696,445,2009,214,53.976746917459415
2009-11-02,2009-10-30,Prod. Sold Swine or Pork Market Formula,256873,53.99,204.2,53.99,52453466.6,2831962661.734,37990303.29,2053375892.8245,451,2009,215,54.01520260046847
2009-11-02,2009-10-30,Prod. Sold Negotiated,29709,52.92,198.74,52.92,5904366.66,312459083.6472,4420062.84,232318502.8704,451,2009,215,52.76587791292488
2009-11-03,2009-11-02,Prod. Sold Swine or Pork Market Formula,168045,54.28,203.53,54.28,34202198.85,1856495353.578,52453466.6,2831962661.734,452,2009,216,54.10446034849532
2009-11-03,2009-11-02,Prod. Sold Negotiated,18583,53.2,194.01,53.2,3605287.83,191801312.556,5904366.66,312459083.6472,452,2009,216,53.0261532354789
2009-11-04,2009-11-03,Prod. Sold Swine or Pork Market Formula,170567,54.64,202.25,54.64,34497175.75,1884925682.98,34202198.85,1856495353.578,453,2009,217,54.4607728722759
2009-11-04,2009-11-03,Prod. Sold Negotiated,19665,53.26,194.25,53.26,3819926.25,203449272.075,3605287.83,191801312.556,453,2009,217,53.230867200935975
2009-11-05,2009-11-04,Prod. Sold Swine or Pork Market Formula,154668,55.06,203.17,55.06,31423897.56,1730199799.6536,34497175.75,1884925682.98,454,2009,218,54.840209679735274
2009-11-05,2009-11-04,Prod. Sold Negotiated,19873,54.66,196.14,54.66,3897890.22,213058679.4252,3819926.25,203449272.075,454,2009,218,53.9670712719345
2009-11-06,2009-11-05,Prod. Sold Swine or Pork Market Formula,176866,55.67,203.23,55.67,35944477.18,2001029044.6106,31423897.56,1730199799.6536,455,2009,219,55.38546623195857
2009-11-06,2009-11-05,Prod. Sold Negotiated,21956,54.95,195.4,54.95,4290202.4,235746621.88000005,3897890.22,213058679.4252,455,2009,219,54.81194731590615
2009-11-09,2009-11-06,Prod. Sold Swine or Pork Market Formula,232773,55.63,204.04,55.63,47495002.92,2642147012.4396,35944477.18,2001029044.6106,461,2009,220,55.6472314003572
2009-11-09,2009-11-06,Prod. Sold Negotiated,37464,54.77,199.35,54.77,7468448.3999999985,409046918.868,4290202.4,235746621.88000005,461,2009,220,54.83567389789312
2009-11-10,2009-11-09,Prod. Sold Swine or Pork Market Formula,173881,55.86,202.59,55.86,35226551.79,1967755182.9894,47495002.92,2642147012.4396,462,2009,221,55.727944325878575
2009-11-10,2009-11-09,Prod. Sold Negotiated,22454,54.96,195.33,54.96,4385939.82,241051252.50720003,7468448.3999999985,409046918.868,462,2009,221,54.8402970537437
2009-11-11,2009-11-10,Prod. Sold Negotiated,16662,54.42,199.47,54.42,3323569.14,180868632.5988,4385939.82,241051252.50720003,463,2009,222,54.72720601209341
2009-11-11,2009-11-10,Prod. Sold Swine or Pork Market Formula,152046,55.6,202.24,55.6,30749783.040000003,1709687937.0240002,35226551.79,1967755182.9894,463,2009,222,55.73882104074135
2009-11-12,2009-11-11,Prod. Sold Negotiated,20220,55.11,199.78,55.11,4039551.6,222619688.676,3323569.14,180868632.5988,464,2009,223,54.79854745323652
2009-11-12,2009-11-11,Prod. Sold Swine or Pork Market Formula,159790,55.57,203.22,55.57,32472523.8,1804498147.566,30749783.040000003,1709687937.0240002,464,2009,223,55.584591265920345
2009-11-13,2009-11-12,Prod. Sold Swine or Pork Market Formula,175170,55.51,203.71,55.51,35683880.7,1980812217.657,32472523.8,1804498147.566,465,2009,224,55.53858647609558
2009-11-13,2009-11-12,Prod. Sold Negotiated,24544,54.77,195.15,54.77,4789761.600000001,262335242.83200005,4039551.6,222619688.676,465,2009,224,54.925555422362855
2009-11-16,2009-11-13,Prod. Sold Negotiated,33779,54.66,198.74,54.66,6713238.46,366945614.2236,4789761.600000001,262335242.83200005,471,2009,225,54.705803162066566
2009-11-16,2009-11-13,Prod. Sold Swine or Pork Market Formula,254592,55.4,203.65,55.4,51847660.8,2872360408.32,35683880.7,1980812217.657,471,2009,225,55.444843570783
2009-11-17,2009-11-16,Prod. Sold Swine or Pork Market Formula,162122,54.92,202.57,54.92,32841053.54,1803630660.4168,51847660.8,2872360408.32,472,2009,226,55.21386297073877
2009-11-17,2009-11-16,Prod. Sold Negotiated,23192,53.99,197.24,53.99,4574390.08,246971320.4192,6713238.46,366945614.2236,472,2009,226,54.38847783369739
2009-11-18,2009-11-17,Prod. Sold Negotiated,20177,53.54,196.5,53.54,3964780.5,212274347.97,4574390.08,246971320.4192,473,2009,227,53.781062702368445
2009-11-18,2009-11-17,Prod. Sold Swine or Pork Market Formula,162156,54.46,202.97,54.46,32912803.32,1792431268.8072,32841053.54,1803630660.4168,473,2009,227,54.689749026898376
2009-11-19,2009-11-18,Prod. Sold Negotiated,19698,53.21,196.31,53.21,3866914.38,205758514.1598,3964780.5,212274347.97,474,2009,228,53.3770618665624
2009-11-19,2009-11-18,Prod. Sold Swine or Pork Market Formula,172899,54.23,202.85,54.23,35072562.15,1901985045.3945,32912803.32,1792431268.8072,474,2009,228,54.34134668044023
2009-11-20,2009-11-19,Prod. Sold Swine or Pork Market Formula,176628,53.85,202.98,53.85,35851951.44,1930627585.044,35072562.15,1901985045.3945,475,2009,229,54.03791209050856
2009-11-20,2009-11-19,Prod. Sold Negotiated,21220,52.66,195.43,52.66,4147024.6,218382315.436,3866914.38,205758514.1598,475,2009,229,52.9253879589435
2009-11-23,2009-11-20,Prod. Sold Negotiated,42849,52.71,199.38,52.71,8543233.62,450313844.1102,4147024.6,218382315.436,481,2009,230,52.69366059804259
2009-11-23,2009-11-20,Prod. Sold Swine or Pork Market Formula,244545,53.99,204.01,53.99,49889625.45,2693540878.0455,35851951.44,1930627585.044,481,2009,230,53.931460451467565
2009-11-24,2009-11-23,Prod. Sold Swine or Pork Market Formula,170004,54.66,202.68,54.66,34456410.72,1883387409.9552,49889625.45,2693540878.0455,482,2009,231,54.26370337991784
2009-11-24,2009-11-23,Prod. Sold Negotiated,18021,53.24,194.02,53.24,3496434.4200000004,186150168.5208,8543233.62,450313844.1102,482,2009,231,52.863917054560254
2009-11-25,2009-11-24,Prod. Sold Negotiated,17630,54.12,195.5,54.12,3446665.0,186533509.8,3496434.4200000004,186150168.5208,483,2009,232,53.67684599867072
2009-11-25,2009-11-24,Prod. Sold Swine or Pork Market Formula,181783,55.57,202.21,55.57,36758340.43,2042660977.6951,34456410.72,1883387409.9552,483,2009,232,55.129707318373455
2009-11-27,2009-11-25,Prod. Sold Negotiated,22183,55.59,195.5,55.59,4336776.5,241081405.635,3446665.0,186533509.8,485,2009,233,54.939054328988014
2009-11-27,2009-11-25,Prod. Sold Swine or Pork Market Formula,179878,56.5,203.09,56.5,36531423.02,2064025400.63,36758340.43,2042660977.6951,485,2009,233,56.03356028194548
2009-11-30,2009-11-27,Prod. Sold Negotiated,49011,56.22,198.55,56.22,9731134.05,547084356.291,4336776.5,241081405.635,491,2009,234,56.025787136242485
2009-11-30,2009-11-27,Prod. Sold Swine or Pork Market Formula,321142,57.57,204.03,57.57,65522602.26,3772136212.1082,36531423.02,2064025400.63,491,2009,234,57.186981079147486
2009-12-01,2009-11-30,Prod. Sold Negotiated,22735,57.64,196.06,57.64,4457424.1,256925925.124,9731134.05,547084356.291,492,2009,235,56.66610186285912
2009-12-01,2009-11-30,Prod. Sold Swine or Pork Market Formula,163640,58.14,202.78,58.14,33182919.2,1929254922.288,65522602.26,3772136212.1082,492,2009,235,57.7616231601255
2009-12-02,2009-12-01,Prod. Sold Swine or Pork Market Formula,159755,58.29,202.92,58.29,32417484.6,1889615177.334,33182919.2,1929254922.288,493,2009,236,58.21412488960929
2009-12-02,2009-12-01,Prod. Sold Negotiated,18928,57.86,195.47,57.86,3699856.16,214073677.4176,4457424.1,256925925.124,493,2009,236,57.73978428216956
2009-12-03,2009-12-02,Prod. Sold Negotiated,16980,58.13,193.78,58.13,3290384.4,191270045.172,3699856.16,214073677.4176,494,2009,237,57.987092019276645
2009-12-03,2009-12-02,Prod. Sold Swine or Pork Market Formula,161194,58.89,201.96,58.89,32554740.24,1917148652.7336,32417484.6,1889615177.334,494,2009,237,58.59063375838062
2009-12-04,2009-12-03,Prod. Sold Negotiated,22845,58.57,195.03,58.57,4455460.35,260956312.6995,3290384.4,191270045.172,495,2009,238,58.38309086578322
2009-12-04,2009-12-03,Prod. Sold Swine or Pork Market Formula,168988,59.62,204.09,59.62,34488760.92,2056219926.0504,32554740.24,1917148652.7336,495,2009,238,59.265529246474095
2009-12-07,2009-12-04,Prod. Sold Negotiated,35207,59.01,199.18,59.010000000000005,7012530.26,413809410.6426,4455460.35,260956312.6995,501,2009,239,58.839054398397344
2009-12-07,2009-12-04,Prod. Sold Swine or Pork Market Formula,224087,60.51,204.34,60.51,45789937.58,2770749122.9658,34488760.92,2056219926.0504,501,2009,239,60.12764455836563
2009-12-08,2009-12-07,Prod. Sold Negotiated,22439,60.19,196.35,60.19,4405897.65,265190979.5535,7012530.26,413809410.6426,502,2009,240,59.46531304904477
2009-12-08,2009-12-07,Prod. Sold Swine or Pork Market Formula,165948,61.52,202.73,61.52,33642638.04,2069695092.2208,45789937.58,2770749122.9658,502,2009,240,60.937772411446815
2009-12-09,2009-12-08,Prod. Sold Swine or Pork Market Formula,156695,62.0,202.33,62.0,31704099.35,1965654159.7,33642638.04,2069695092.2208,503,2009,241,61.75288029817276
2009-12-09,2009-12-08,Prod. Sold Negotiated,18187,60.8,194.31,60.8,3533915.97,214862090.976,4405897.65,265190979.5535,503,2009,241,60.461503695788274
2009-12-10,2009-12-09,Prod. Sold Swine or Pork Market Formula,112595,62.67,201.71,62.67,22711537.45,1423332051.9915,31704099.35,1965654159.7,504,2009,242,62.27963892341144
2009-12-10,2009-12-09,Prod. Sold Negotiated,14591,62.42,192.79,62.42,2812998.89,175587390.71379998,3533915.97,214862090.976,504,2009,242,61.517995798323994
2009-12-11,2009-12-10,Prod. Sold Swine or Pork Market Formula,170645,63.32,202.42,63.31999999999999,34541960.9,2187196964.188,22711537.45,1423332051.9915,505,2009,243,63.06215550546354
2009-12-11,2009-12-10,Prod. Sold Negotiated,25913,62.6,194.02,62.6,5027640.260000001,314730280.276,2812998.89,175587390.71379998,505,2009,243,62.535421106556086
2009-12-14,2009-12-11,Prod. Sold Negotiated,37198,63.42,199.18,63.42,7409097.64,469884972.3288,5027640.260000001,314730280.276,511,2009,244,63.08850913428029
2009-12-14,2009-12-11,Prod. Sold Swine or Pork Market Formula,278260,64.38,203.33,64.38,56578605.8,3642530641.404,34541960.9,2187196964.188,511,2009,244,63.97817547366064
2009-12-15,2009-12-14,Prod. Sold Negotiated,20539,63.89,194.65,63.89,3997916.35,255426875.6015,7409097.64,469884972.3288,512,2009,245,63.584725026737694
2009-12-15,2009-12-14,Prod. Sold Swine or Pork Market Formula,170107,65.21,202.11,65.21,34380325.77,2241941043.4617,56578605.8,3642530641.404,512,2009,245,64.69372037793934
2009-12-16,2009-12-15,Prod. Sold Swine or Pork Market Formula,176522,65.38,202.01,65.38,35659209.22,2331399098.8036,34380325.77,2241941043.4617,513,2009,246,65.29655205332624
2009-12-16,2009-12-15,Prod. Sold Negotiated,24037,64.49,196.79,64.49,4730241.23,305053256.9227,3997916.35,255426875.6015,513,2009,246,64.21517111566631
2009-12-17,2009-12-16,Prod. Sold Swine or Pork Market Formula,157329,65.56,201.98,65.56,31777311.42,2083320536.6952,35659209.22,2331399098.8036,514,2009,247,65.46481926412152
2009-12-17,2009-12-16,Prod. Sold Negotiated,16873,64.97,193.82,64.97,3270324.86,212473006.1542,4730241.23,305053256.9227,514,2009,247,64.68620560784592
2009-12-18,2009-12-17,Prod. Sold Swine or Pork Market Formula,163518,65.45,202.36,65.45,33089502.48,2165707937.316,31777311.42,2083320536.6952,515,2009,248,65.50388740476122
2009-12-18,2009-12-17,Prod. Sold Negotiated,25251,64.56,196.33,64.56,4957528.83,320058061.2648,3270324.86,212473006.1542,515,2009,248,64.72296269271654
2009-12-21,2009-12-18,Prod. Sold Negotiated,44703,64.72,196.6,64.72,8788609.8,568798826.2559999,4957528.83,320058061.2648,521,2009,249,64.66229618701291
2009-12-21,2009-12-18,Prod. Sold Swine or Pork Market Formula,235792,65.21,202.97,65.21,47858702.24,3120865973.0704,33089502.48,2165707937.316,521,2009,249,65.30810570379751
2009-12-22,2009-12-21,Prod. Sold Swine or Pork Market Formula,155307,64.87,200.93,64.87,31205835.51,2024322549.5337,47858702.24,3120865973.0704,522,2009,250,65.07580603168833
2009-12-22,2009-12-21,Prod. Sold Negotiated,18929,64.02,193.6,64.02,3664654.4,234611174.688,8788609.8,568798826.2559999,522,2009,250,64.51400918194604
2009-12-23,2009-12-22,Prod. Sold Negotiated,19737,62.34,195.02,62.34,3849109.74,239953501.1916,3664654.4,234611174.688,523,2009,251,63.1593788462463
2009-12-23,2009-12-22,Prod. Sold Swine or Pork Market Formula,162810,64.27,201.07,64.27,32736206.7,2103956004.609,31205835.51,2024322549.5337,523,2009,251,64.56281988280118
2009-12-24,2009-12-23,Prod. Sold Negotiated,18762,63.16,191.07,63.16,3584855.34,226419463.2744,3849109.74,239953501.1916,524,2009,252,62.735425771733645
2009-12-24,2009-12-23,Prod. Sold Swine or Pork Market Formula,124787,63.85,202.08,63.85,25216956.96,1610102701.896,32736206.7,2103956004.609,524,2009,252,64.0872468722271
2009-12-28,2009-12-25,Prod. Sold Negotiated,14128,62.3,192.88,62.3,2725008.64,169768038.272,3584855.34,226419463.2744,531,2009,253,62.7885962046364
2009-12-28,2009-12-25,Prod. Sold Swine or Pork Market Formula,141925,63.04,202.55,63.04,28746908.75,1812205127.6,25216956.96,1610102701.896,531,2009,253,63.41850763411516
2009-12-29,2009-12-28,Prod. Sold Negotiated,17004,61.38,196.52,61.38,3341626.08,205109008.7904,2725008.64,169768038.272,532,2009,254,61.79324524460572
2009-12-29,2009-12-28,Prod. Sold Swine or Pork Market Formula,160414,62.51,202.29,62.51,32450148.06,2028458755.2306,28746908.75,1812205127.6,532,2009,254,62.75896396055128
2009-12-30,2009-12-29,Prod. Sold Swine or Pork Market Formula,169651,62.95,202.66,62.95,34381471.66,2164313640.997,32450148.06,2028458755.2306,533,2009,255,62.73635763720496
2009-12-30,2009-12-29,Prod. Sold Negotiated,19756,61.11,196.1,61.11,3874151.6,236749404.276,3341626.08,205109008.7904,533,2009,255,61.23503697891091
2009-12-31,2009-12-30,Prod. Sold Negotiated,20784,62.15,196.59,62.15,4085926.56,253940335.704,3874151.6,236749404.276,534,2009,256,61.643834409284246
2009-12-31,2009-12-30,Prod. Sold Swine or Pork Market Formula,166195,63.45,203.07,63.45,33749218.65,2141387923.3425,34381471.66,2164313640.997,534,2009,256,63.19767999925171
2010-01-04,2009-12-31,Prod. Sold Negotiated,34964,63.7,200.42,63.7,7007484.88,446376786.856,4085926.56,253940335.704,21,2010,1,63.12910382417042
2010-01-04,2009-12-31,Prod. Sold Swine or Pork Market Formula,221882,64.3,205.0,64.3,45485810.0,2924737583.0,33749218.65,2141387923.3425,21,2010,1,63.937952603270745
2010-01-05,2010-01-04,Prod. Sold Swine or Pork Market Formula,158428,65.46,203.74,65.46,32278120.720000003,2112925782.3312,45485810.0,2924737583.0,22,2010,2,64.78149083628523
2010-01-05,2010-01-04,Prod. Sold Negotiated,19528,65.63,198.39,65.63,3874159.92,254261115.5496,7007484.88,446376786.856,22,2010,2,64.38713221052758
2010-01-06,2010-01-05,Prod. Sold Negotiated,22507,65.77,197.42,65.77,4443331.94,292237941.6938,3874159.92,254261115.5496,23,2010,3,65.70479015093379
2010-01-06,2010-01-05,Prod. Sold Swine or Pork Market Formula,160883,66.34,203.34,66.34,32713949.22,2170243391.2548,32278120.720000003,2112925782.3312,23,2010,3,65.90295058366624
2010-01-07,2010-01-06,Prod. Sold Swine or Pork Market Formula,147508,66.6,203.3,66.6,29988376.4,1997225868.24,32713949.22,2170243391.2548,24,2010,4,66.4643491016785
2010-01-07,2010-01-06,Prod. Sold Negotiated,22155,66.61,196.99,66.61,4364313.45,290706918.9045,4443331.94,292237941.6938,24,2010,4,66.18623193664929
2010-01-08,2010-01-07,Prod. Sold Swine or Pork Market Formula,100502,67.19,203.49,67.19,20451151.98,1374112901.5362,29988376.4,1997225868.24,25,2010,5,66.83922070756284
2010-01-08,2010-01-07,Prod. Sold Negotiated,20826,67.34,196.85,67.34,4099598.1,276066936.054,4364313.45,290706918.9045,25,2010,5,66.96358434399045
2010-01-11,2010-01-08,Prod. Sold Negotiated,29167,67.8,199.82,67.8,5828149.94,395148565.9319999,4099598.1,276066936.054,31,2010,6,67.61004603275568
2010-01-11,2010-01-08,Prod. Sold Swine or Pork Market Formula,202992,67.83,205.8,67.83,41775753.6,2833649366.688,20451151.98,1374112901.5362,31,2010,6,67.61966112575898
2010-01-12,2010-01-11,Prod. Sold Swine or Pork Market Formula,159461,67.73,204.6,67.73,32625720.6,2209740056.238,41775753.6,2833649366.688,32,2010,7,67.78614909388449
2010-01-12,2010-01-11,Prod. Sold Negotiated,21620,68.43,196.82,68.43,4255248.4,291186648.012,5828149.94,395148565.9319999,32,2010,7,68.0658633926387
2010-01-13,2010-01-12,Prod. Sold Swine or Pork Market Formula,164759,68.14,203.92,68.14,33597655.28,2289344230.7792,32625720.6,2209740056.238,33,2010,8,67.93800870510984
2010-01-13,2010-01-12,Prod. Sold Negotiated,20461,68.0,196.7,68.0,4024678.7,273678151.6,4255248.4,291186648.012,33,2010,8,68.22098706786923
2010-01-14,2010-01-13,Prod. Sold Swine or Pork Market Formula,170705,67.98,204.47,67.98,34904051.35,2372777410.773,33597655.28,2289344230.7792,34,2010,9,68.05847431997331
2010-01-14,2010-01-13,Prod. Sold Negotiated,21675,66.83,197.94,66.83,4290349.5,286724057.085,4024678.7,273678151.6,34,2010,9,67.39630885256649
2010-01-15,2010-01-14,Prod. Sold Swine or Pork Market Formula,165270,67.83,205.01,67.83,33882002.7,2298216243.141,34904051.35,2372777410.773,35,2010,10,67.90611437775881
2010-01-15,2010-01-14,Prod. Sold Negotiated,22962,67.17,198.94,67.17,4568060.28,306836609.0076,4290349.5,286724057.085,35,2010,10,67.00532949296458
2010-01-18,2010-01-15,Prod. Sold Swine or Pork Market Formula,170920,68.19,205.9,68.19,35192428.0,2399771665.32,33882002.7,2298216243.141,41,2010,11,68.0134148171995
2010-01-18,2010-01-15,Prod. Sold Negotiated,36888,68.93,202.07,68.93,7453958.16,513801335.96880007,4568060.28,306836609.0076,41,2010,11,68.26124490426253
2010-01-19,2010-01-18,Prod. Sold Negotiated,21731,69.6,195.71,69.6,4252974.01,296006991.096,7453958.16,513801335.96880007,42,2010,12,69.17340216081563
2010-01-19,2010-01-18,Prod. Sold Swine or Pork Market Formula,140845,68.96,204.53,68.96,28807027.85,1986532640.536,35192428.0,2399771665.32,42,2010,12,68.53658750062638
2010-01-20,2010-01-19,Prod. Sold Negotiated,23177,69.56,196.84,69.56,4562160.68,317343896.9008,4252974.01,296006991.096,43,2010,13,69.57929850948199
2010-01-20,2010-01-19,Prod. Sold Swine or Pork Market Formula,157843,68.94,204.16,68.94,32225226.88,2221607141.1072,28807027.85,1986532640.536,43,2010,13,68.9494399356463
2010-01-21,2010-01-20,Prod. Sold Swine or Pork Market Formula,150386,70.06,203.37,70.06,30584000.82,2142715097.4492,32225226.88,2221607141.1072,44,2010,14,69.48536701329955
2010-01-21,2010-01-20,Prod. Sold Negotiated,21503,69.98,196.82,69.98,4232220.46,296170787.79080003,4562160.68,317343896.9008,44,2010,14,69.76212139602583
2010-01-22,2010-01-21,Prod. Sold Swine or Pork Market Formula,160810,70.24,204.12,70.24,32824537.2,2305595492.928,30584000.82,2142715097.4492,45,2010,15,70.1531801438812
2010-01-22,2010-01-21,Prod. Sold Negotiated,25179,70.16,197.77,70.16,4979650.83,349372302.2328,4232220.46,296170787.79080003,45,2010,15,70.07730239613456
2010-01-25,2010-01-22,Prod. Sold Negotiated,34571,71.84,201.1,71.84,6952228.1,499448066.704,4979650.83,349372302.2328,51,2010,16,71.13886873278894
2010-01-25,2010-01-22,Prod. Sold Swine or Pork Market Formula,189307,69.93,205.6,69.93,38921519.2,2721781837.656,32824537.2,2305595492.928,51,2010,16,70.07182809540456
2010-01-26,2010-01-25,Prod. Sold Swine or Pork Market Formula,121116,69.86,202.59,69.86,24536890.44,1714147166.1384,38921519.2,2721781837.656,52,2010,17,69.90293373186401
2010-01-26,2010-01-25,Prod. Sold Negotiated,16200,71.66,191.17,71.66,3096954.0,221927723.64,6952228.1,499448066.704,52,2010,17,71.78452765265344
2010-01-27,2010-01-26,Prod. Sold Swine or Pork Market Formula,161972,69.92,203.47,69.92,32956442.84,2304314483.3728,24536890.44,1714147166.1384,53,2010,18,69.89439331932226
2010-01-27,2010-01-26,Prod. Sold Negotiated,20474,70.37,196.4,70.37,4021093.6,282964356.632,3096954.0,221927723.64,53,2010,18,70.9312593346524
2010-01-28,2010-01-27,Prod. Sold Negotiated,19763,69.95,196.64,69.95,3886196.32,271839432.584,4021093.6,282964356.632,54,2010,19,70.16358257115733
2010-01-28,2010-01-27,Prod. Sold Swine or Pork Market Formula,160708,69.38,202.67,69.38,32570690.36,2259754497.1768,32956442.84,2304314483.3728,54,2010,19,69.65158946629454
2010-01-29,2010-01-28,Prod. Sold Swine or Pork Market Formula,165817,68.44,203.8,68.44,33793504.6,2312827454.824,32570690.36,2259754497.1768,55,2010,20,68.9013398679341
2010-01-29,2010-01-28,Prod. Sold Negotiated,22949,69.51,198.1,69.51,4546196.9,316006146.519,3886196.32,271839432.584,55,2010,20,69.71278067402554
2010-02-01,2010-01-29,Prod. Sold Swine or Pork Market Formula,204475,67.59,204.79,67.59,41874435.25,2830293078.5475,33793504.6,2312827454.824,61,2010,21,67.96961227657238
2010-02-01,2010-01-29,Prod. Sold Negotiated,35723,69.73,199.78,69.73,7136740.94,497644945.7462001,4546196.9,316006146.519,61,2010,21,69.64439111191918
2010-02-02,2010-02-01,Prod. Sold Swine or Pork Market Formula,145714,67.08,203.28,67.08,29620741.92,1986959367.9936,41874435.25,2830293078.5475,62,2010,22,67.37870493119725
2010-02-02,2010-02-01,Prod. Sold Negotiated,18399,65.76,195.18,65.76,3591116.8200000003,236151842.08320004,7136740.94,497644945.7462001,62,2010,22,68.40105492127628
2010-02-03,2010-02-02,Prod. Sold Negotiated,16039,65.11,196.37,65.11,3149578.43,205069051.5773,3591116.8200000003,236151842.08320004,63,2010,23,65.45628860175812
2010-02-03,2010-02-02,Prod. Sold Swine or Pork Market Formula,158084,66.38,202.96,66.38,32084728.64,2129784287.1232,29620741.92,1986959367.9936,63,2010,23,66.71602400493549
2010-02-04,2010-02-03,Prod. Sold Negotiated,18908,64.62,195.41,64.62,3694812.28,238758769.5336,3149578.43,205069051.5773,64,2010,24,64.84548295328104
2010-02-04,2010-02-03,Prod. Sold Swine or Pork Market Formula,158467,66.11,203.85,66.11,32303497.95,2135584249.4745,32084728.64,2129784287.1232,64,2010,24,66.24454131588313
2010-02-05,2010-02-04,Prod. Sold Negotiated,20140,65.91,195.85,65.91,3944419.0,259976656.29,3694812.28,238758769.5336,65,2010,25,65.28607493915278
2010-02-05,2010-02-04,Prod. Sold Swine or Pork Market Formula,154632,65.96,203.92,65.96,31532557.44,2079887488.7424,32303497.95,2135584249.4745,65,2010,25,66.03590576615201
2010-02-08,2010-02-05,Prod. Sold Swine or Pork Market Formula,168000,66.05,204.59,66.05,34371120.0,2270212476.0,31532557.44,2079887488.7424,71,2010,26,66.00693821225403
2010-02-08,2010-02-05,Prod. Sold Negotiated,27508,66.52,198.28,66.52,5454286.24,362819120.6848,3944419.0,259976656.29,71,2010,26,66.26399712209721
2010-02-09,2010-02-08,Prod. Sold Negotiated,19781,66.49,196.77,66.49,3892307.37,258799517.0313,5454286.24,362819120.6848,72,2010,27,66.50750676171744
2010-02-09,2010-02-08,Prod. Sold Swine or Pork Market Formula,151377,66.24,202.62,66.24,30672007.74,2031713792.6976,34371120.0,2270212476.0,72,2010,27,66.13959718994288
2010-02-10,2010-02-09,Prod. Sold Negotiated,24228,67.6,197.95,67.6,4795932.6,324205043.75999993,3892307.37,258799517.0313,73,2010,28,67.10272308366041
2010-02-10,2010-02-09,Prod. Sold Swine or Pork Market Formula,160065,66.84,203.15,66.84,32517204.75,2173449965.49,30672007.74,2031713792.6976,73,2010,28,66.54876034185563
2010-02-11,2010-02-10,Prod. Sold Negotiated,19661,67.59,196.99,67.59,3873020.39,261777448.1601,4795932.6,324205043.75999993,74,2010,29,67.59553230892534
2010-02-11,2010-02-10,Prod. Sold Swine or Pork Market Formula,159982,67.28,203.78,67.28,32601131.96,2193404158.2688003,32517204.75,2173449965.49,74,2010,29,67.06028354511392
2010-02-12,2010-02-11,Prod. Sold Negotiated,23551,67.28,198.57,67.28,4676522.07,314636404.8696,3873020.39,261777448.1601,75,2010,30,67.42043281573456
2010-02-12,2010-02-11,Prod. Sold Swine or Pork Market Formula,162715,67.32,204.14,67.32,33216640.1,2236144211.532,32601131.96,2193404158.2688003,75,2010,30,67.30018703402462
2010-02-15,2010-02-12,Prod. Sold Negotiated,19077,67.5,202.4,67.5,3861184.8,260629974.00000003,4676522.07,314636404.8696,81,2010,31,67.37949517697602
2010-02-15,2010-02-12,Prod. Sold Swine or Pork Market Formula,178616,67.36,204.84,67.36,36587701.44,2464547568.9984,33216640.1,2236144211.532,81,2010,31,67.34096586007851
2010-02-16,2010-02-15,Prod. Sold Negotiated,14826,66.66,201.44,66.66,2986549.44,199083385.6704,3861184.8,260629974.00000003,82,2010,32,67.13364502159769
2010-02-16,2010-02-15,Prod. Sold Swine or Pork Market Formula,148267,67.56,204.5,67.56,30320601.5,2048459837.34,36587701.44,2464547568.9984,82,2010,32,67.45063330010683
2010-02-17,2010-02-16,Prod. Sold Swine or Pork Market Formula,152890,67.27,203.35,67.27,31090181.5,2091436509.505,30320601.5,2048459837.34,83,2010,33,67.41318290706374
2010-02-17,2010-02-16,Prod. Sold Negotiated,21254,66.71,198.07,66.71,4209779.78,280834409.1238,2986549.44,199083385.6704,83,2010,33,66.68924949409137
2010-02-18,2010-02-17,Prod. Sold Swine or Pork Market Formula,159026,67.08,202.59,67.08,32217077.34,2161121547.9672,31090181.5,2091436509.505,84,2010,34,67.17330896003456
2010-02-18,2010-02-17,Prod. Sold Negotiated,20676,66.96,195.32,66.96,4038436.32,270413695.9872,4209779.78,280834409.1238,84,2010,34,66.83240332548998
2010-02-19,2010-02-18,Prod. Sold Swine or Pork Market Formula,150822,67.31,204.12,67.31,30785786.64,2072191298.7384,32217077.34,2161121547.9672,85,2010,35,67.19238744526673
2010-02-19,2010-02-18,Prod. Sold Negotiated,17068,66.74,195.77,66.74,3341402.3600000003,223005193.5064,4038436.32,270413695.9872,85,2010,35,66.86038962217532
2010-02-22,2010-02-19,Prod. Sold Swine or Pork Market Formula,170528,67.65,205.23,67.65,34997461.44,2367578266.416,30785786.64,2072191298.7384,91,2010,36,67.49088399762701
2010-02-22,2010-02-19,Prod. Sold Negotiated,24879,67.28,198.26,67.28,4932510.54,331859309.1312,3341402.3600000003,223005193.5064,91,2010,36,67.06192213331131
2010-02-23,2010-02-22,Prod. Sold Negotiated,19843,67.38,195.68,67.38,3882878.24,261628335.8112,4932510.54,331859309.1312,92,2010,37,67.3240465909888
2010-02-23,2010-02-22,Prod. Sold Swine or Pork Market Formula,155173,68.01,203.68,68.01,31605636.64,2149499347.8864,34997461.44,2367578266.416,92,2010,37,67.82083333235842
2010-02-24,2010-02-23,Prod. Sold Swine or Pork Market Formula,156445,68.36,203.6,68.36,31852202.0,2177416528.72,31605636.64,2149499347.8864,93,2010,38,68.18567996230134
2010-02-24,2010-02-23,Prod. Sold Negotiated,18719,68.1,196.76,68.1,3683150.44,250822544.964,3882878.24,261628335.8112,93,2010,38,67.73049673071026
2010-02-25,2010-02-24,Prod. Sold Negotiated,19187,68.82,197.98,68.82,3798642.26,261422560.33319995,3683150.44,250822544.964,94,2010,39,68.46555709799337
2010-02-25,2010-02-24,Prod. Sold Swine or Pork Market Formula,156347,68.74,204.87,68.74,32030809.89,2201797871.8386,31852202.0,2177416528.72,94,2010,39,68.55053121319887
2010-02-26,2010-02-25,Prod. Sold Swine or Pork Market Formula,156846,69.54,203.96,69.54,31990310.16,2224606168.5264,32030809.89,2201797871.8386,95,2010,40,69.13974696019083
2010-02-26,2010-02-25,Prod. Sold Negotiated,19857,69.12,197.5,69.12,3921757.5,271071878.40000004,3798642.26,261422560.33319995,95,2010,40,68.97239201162816
2010-03-01,2010-02-26,Prod. Sold Swine or Pork Market Formula,178584,69.97,205.87,69.97,36765088.08,2572453212.9576,31990310.16,2224606168.5264,101,2010,41,69.76993086039901
2010-03-01,2010-02-26,Prod. Sold Negotiated,27942,70.44,199.06,70.44,5562134.5200000005,391796755.5888,3921757.5,271071878.40000004,101,2010,41,69.89415659635485
2010-03-02,2010-03-01,Prod. Sold Negotiated,20085,70.9,194.7,70.9,3910549.5,277257959.55,5562134.5200000005,391796755.5888,102,2010,42,70.62989895220848
2010-03-02,2010-03-01,Prod. Sold Swine or Pork Market Formula,151095,70.93,203.17,70.92999999999999,30697971.15,2177407093.6695,36765088.08,2572453212.9576,102,2010,42,70.40683243304353
2010-03-03,2010-03-02,Prod. Sold Swine or Pork Market Formula,154462,71.29,203.95,71.29,31502524.9,2245815000.1210003,30697971.15,2177407093.6695,103,2010,43,71.11232827202672
2010-03-03,2010-03-02,Prod. Sold Negotiated,20762,71.63,196.4,71.63,4077656.8,292082556.584,3910549.5,277257959.55,103,2010,43,71.27263552695177
2010-03-04,2010-03-03,Prod. Sold Negotiated,22162,72.52,198.03,72.52,4388740.86,318271487.1672,4077656.8,292082556.584,104,2010,44,72.09135080376083
2010-03-04,2010-03-03,Prod. Sold Swine or Pork Market Formula,156830,71.98,204.41,71.98,32057620.3,2307507509.194,31502524.9,2245815000.1210003,104,2010,44,71.63801301880916
2010-03-05,2010-03-04,Prod. Sold Negotiated,24371,73.27,197.96,73.27,4824483.16,353489881.1332,4388740.86,318271487.1672,105,2010,45,72.91273574181474
2010-03-05,2010-03-04,Prod. Sold Swine or Pork Market Formula,146695,72.65,205.04,72.65,30078342.8,2185191604.42,32057620.3,2307507509.194,105,2010,45,72.30432891791776
2010-03-08,2010-03-05,Prod. Sold Swine or Pork Market Formula,160968,73.23,205.51,73.23,33080533.68,2422487481.3864,30078342.8,2185191604.42,111,2010,46,72.95378484551536
2010-03-08,2010-03-05,Prod. Sold Negotiated,27944,73.28,199.39,73.28,5571754.159999999,408298144.8448,4824483.16,353489881.1332,111,2010,46,73.27535939493154
2010-03-09,2010-03-08,Prod. Sold Negotiated,26315,74.97,199.96,74.97,5261947.4,394488196.578,5571754.159999999,408298144.8448,112,2010,47,74.1008358940617
2010-03-09,2010-03-08,Prod. Sold Swine or Pork Market Formula,138293,74.19,204.63,74.19,28298896.59,2099495138.0121,33080533.68,2422487481.3864,112,2010,47,73.67260659649165
2010-03-10,2010-03-09,Prod. Sold Negotiated,24583,74.39,198.37,74.39,4876529.71,362765045.1269,5261947.4,394488196.578,113,2010,48,74.69102444961777
2010-03-10,2010-03-09,Prod. Sold Swine or Pork Market Formula,137955,74.92,203.93,74.92,28133163.15,2107736583.198,28298896.59,2099495138.0121,113,2010,48,74.55392804363552
2010-03-11,2010-03-10,Prod. Sold Negotiated,28185,74.93,197.45,74.93,5565128.25,416995059.7725,4876529.71,362765045.1269,114,2010,49,74.67780575522701
2010-03-11,2010-03-10,Prod. Sold Swine or Pork Market Formula,143775,75.19,205.21,75.19,29504067.75,2218410854.1225,28133163.15,2107736583.198,114,2010,49,75.05821098217437
2010-03-12,2010-03-11,Prod. Sold Swine or Pork Market Formula,148061,74.72,206.79,74.72,30617534.19,2287742154.6768,29504067.75,2218410854.1225,115,2010,50,74.95064774382321
2010-03-12,2010-03-11,Prod. Sold Negotiated,22690,74.93,199.12,74.93,4518032.8,338536197.704,5565128.25,416995059.7725,115,2010,50,74.92999999999998
2010-03-15,2010-03-12,Prod. Sold Negotiated,28315,74.59,198.71,74.59,5626473.65,419678669.55350006,4518032.8,338536197.704,121,2010,51,74.741424927331
2010-03-15,2010-03-12,Prod. Sold Swine or Pork Market Formula,182508,74.16,207.36,74.16,37844858.88,2806574734.5408,30617534.19,2287742154.6768,121,2010,51,74.4104414230579
2010-03-16,2010-03-15,Prod. Sold Swine or Pork Market Formula,150947,73.44,204.98,73.44,30941116.06,2272315563.4464,37844858.88,2806574734.5408,122,2010,52,73.83613160120748
2010-03-16,2010-03-15,Prod. Sold Negotiated,19601,73.72,198.74,73.72,3895502.74,287176461.9928,5626473.65,419678669.55350006,122,2010,52,74.2340773170411
2010-03-17,2010-03-16,Prod. Sold Negotiated,19148,72.03,199.05,72.03,3811409.4,274535819.082,3895502.74,287176461.9928,123,2010,53,72.88422014822658
2010-03-17,2010-03-16,Prod. Sold Swine or Pork Market Formula,155035,72.89,204.71,72.89,31737214.85,2313325590.4165,30941116.06,2272315563.4464,123,2010,53,73.16150713150665
2010-03-18,2010-03-17,Prod. Sold Swine or Pork Market Formula,154656,72.25,205.77,72.25,31823565.12,2299252579.92,31737214.85,2313325590.4165,124,2010,54,72.56956526514601
2010-03-18,2010-03-17,Prod. Sold Negotiated,20273,71.78,199.43,71.78000000000002,4043044.39,290209726.31420004,3811409.4,274535819.082,124,2010,54,71.90131363624714
2010-03-19,2010-03-18,Prod. Sold Negotiated,21384,70.89,198.77,70.89,4250497.680000001,301317780.53520006,4043044.39,290209726.31420004,125,2010,55,71.32386884358085
2010-03-19,2010-03-18,Prod. Sold Swine or Pork Market Formula,153542,71.94,205.67,71.94000000000001,31578983.14,2271792047.0916,31823565.12,2299252579.92,125,2010,55,72.09559792875746
2010-03-22,2010-03-19,Prod. Sold Negotiated,27285,71.0,200.0,71.0,5457000.0,387447000.0,4250497.680000001,301317780.53520006,131,2010,56,70.95183570882915
2010-03-22,2010-03-19,Prod. Sold Swine or Pork Market Formula,166436,71.54,206.86,71.54,34428950.96,2463047151.6784005,31578983.14,2271792047.0916,131,2010,56,71.73136477195096
2010-03-23,2010-03-22,Prod. Sold Negotiated,20549,69.76,198.44,69.76,4077743.56,284463390.74560004,5457000.0,387447000.0,132,2010,57,70.46968662737689
2010-03-23,2010-03-22,Prod. Sold Swine or Pork Market Formula,150141,71.21,205.19,71.21,30807431.79,2193797217.7659,34428950.96,2463047151.6784005,132,2010,57,71.38415977615344
2010-03-24,2010-03-23,Prod. Sold Negotiated,19692,69.38,197.72,69.38,3893502.24,270131185.4112,4077743.56,284463390.74560004,133,2010,58,69.57439151566497
2010-03-24,2010-03-23,Prod. Sold Swine or Pork Market Formula,156843,70.75,204.55,70.75,32082235.65,2269818172.2375,30807431.79,2193797217.7659,133,2010,58,70.97533778918326
2010-03-25,2010-03-24,Prod. Sold Negotiated,20073,69.4,196.84,69.4,3951169.32,274211150.808,3893502.24,270131185.4112,134,2010,59,69.39007351114645
2010-03-25,2010-03-24,Prod. Sold Swine or Pork Market Formula,154316,70.57,205.04,70.57,31640952.64,2232902027.8048,32082235.65,2269818172.2375,134,2010,59,70.66062324990267
2010-03-26,2010-03-25,Prod. Sold Swine or Pork Market Formula,160620,70.1,205.37,70.1,32986529.4,2312355710.94,31640952.64,2232902027.8048,135,2010,60,70.33010718151755
2010-03-26,2010-03-25,Prod. Sold Negotiated,21914,69.17,198.62,69.17,4352558.68,301066483.8956,3951169.32,274211150.808,135,2010,60,69.27944107798328
2010-03-29,2010-03-26,Prod. Sold Negotiated,30744,69.53,200.69,69.53,6170013.36,429001028.9208,4352558.68,301066483.8956,141,2010,61,69.3810895322129
2010-03-29,2010-03-26,Prod. Sold Swine or Pork Market Formula,183618,69.49,207.06,69.49,38019943.08,2642005844.6291995,32986529.4,2312355710.94,141,2010,61,69.77337956007696
2010-03-30,2010-03-29,Prod. Sold Swine or Pork Market Formula,143344,69.14,205.22,69.14,29417055.68,2033895229.7152,38019943.08,2642005844.6291995,142,2010,62,69.3373246188692
2010-03-30,2010-03-29,Prod. Sold Negotiated,22076,67.92,198.13,67.92,4373917.88,297076502.4096,6170013.36,429001028.9208,142,2010,62,68.8621269243406
2010-03-31,2010-03-30,Prod. Sold Swine or Pork Market Formula,169197,69.47,204.25,69.47,34558487.25,2400778109.2575,29417055.68,2033895229.7152,143,2010,63,69.31826032058811
2010-03-31,2010-03-30,Prod. Sold Negotiated,23040,67.92,198.15,67.92,4565376.0,310080337.92,4373917.88,297076502.4096,143,2010,63,67.92000000000002
2010-04-01,2010-03-31,Prod. Sold Swine or Pork Market Formula,164181,69.89,205.17,69.89,33685015.77,2354245752.1653,34558487.25,2400778109.2575,144,2010,64,69.67731213957839
2010-04-01,2010-03-31,Prod. Sold Negotiated,21636,68.2,198.73,68.2,4299722.279999999,293241059.496,4565376.0,310080337.92,144,2010,64,68.05580472549481
2010-04-02,2010-04-01,Prod. Sold Swine or Pork Market Formula,157915,70.56,206.06,70.56,32539964.9,2296019923.344,33685015.77,2354245752.1653,145,2010,65,70.21920774400282
2010-04-02,2010-04-01,Prod. Sold Negotiated,19967,69.08,202.3,69.08,4039324.1,279036508.828,4299722.279999999,293241059.496,145,2010,65,68.62626039549622
2010-04-05,2010-04-02,Prod. Sold Negotiated,23623,72.06,200.56,72.06,4737828.88,341407949.0928,4039324.1,279036508.828,151,2010,66,70.68857741622728
2010-04-05,2010-04-02,Prod. Sold Swine or Pork Market Formula,113363,70.87,207.73,70.87,23548895.99,1668910258.8113,32539964.9,2296019923.344,151,2010,66,70.69015343226914
2010-04-06,2010-04-05,Prod. Sold Negotiated,21489,73.16,199.67,73.16,4290708.63,313908243.3708,4737828.88,341407949.0928,152,2010,67,72.58276235079849
2010-04-06,2010-04-05,Prod. Sold Swine or Pork Market Formula,91633,71.79,207.7,71.79,19032174.1,1366319778.639,23548895.99,1668910258.8113,152,2010,67,71.28120620348413
2010-04-07,2010-04-06,Prod. Sold Negotiated,21844,74.0,199.45,74.0,4356785.8,322402149.2,4290708.63,313908243.3708,153,2010,68,73.58320930087028
2010-04-07,2010-04-06,Prod. Sold Swine or Pork Market Formula,155302,74.38,205.31,74.38,31885053.62,2371610288.2556,19032174.1,1366319778.639,153,2010,68,73.41189287543166
2010-04-08,2010-04-07,Prod. Sold Swine or Pork Market Formula,156565,75.39,205.06,75.39,32105218.9,2420412452.871,31885053.62,2371610288.2556,154,2010,69,74.88673750574927
2010-04-08,2010-04-07,Prod. Sold Negotiated,27644,75.64,200.55,75.64,5544004.2,419348477.688,4356785.8,322402149.2,154,2010,69,74.91832741508507
2010-04-09,2010-04-08,Prod. Sold Swine or Pork Market Formula,149705,75.53,206.19,75.53,30867673.95,2331435413.4435,32105218.9,2420412452.871,155,2010,70,75.45862435815509
2010-04-09,2010-04-08,Prod. Sold Negotiated,30169,76.07,200.32,76.07,6043454.08,459725551.8656,5544004.2,419348477.688,155,2010,70,75.8642670645801
2010-04-12,2010-04-09,Prod. Sold Swine or Pork Market Formula,181878,76.23,206.29,76.23,37519612.62,2860120070.0226,30867673.95,2331435413.4435,161,2010,71,75.91404402559702
2010-04-12,2010-04-09,Prod. Sold Negotiated,26612,76.14,199.04,76.14,5296852.48,403302347.8272,6043454.08,459725551.8656,161,2010,71,76.10269573636641
2010-04-13,2010-04-12,Prod. Sold Negotiated,19794,77.72,200.74,77.72,3973447.56,308816344.3632,5296852.48,403302347.8272,162,2010,72,76.81722156971308
2010-04-13,2010-04-12,Prod. Sold Swine or Pork Market Formula,153683,76.47,205.41,76.47000000000001,31568025.03,2414006874.0441003,37519612.62,2860120070.0226,162,2010,72,76.33966254260393
2010-04-14,2010-04-13,Prod. Sold Negotiated,23527,77.49,199.64,77.49,4696930.279999999,363965127.3971999,3973447.56,308816344.3632,163,2010,73,77.59540404993469
2010-04-14,2010-04-13,Prod. Sold Swine or Pork Market Formula,157537,76.51,204.4,76.51,32200562.8,2463665059.828,31568025.03,2414006874.0441003,163,2010,73,76.490198385378
2010-04-15,2010-04-14,Prod. Sold Swine or Pork Market Formula,155234,77.08,205.74,77.08,31937843.16,2461768950.7728,32200562.8,2463665059.828,164,2010,74,76.7938326012117
2010-04-15,2010-04-14,Prod. Sold Negotiated,21979,77.54,197.1,77.54,4332060.9,335908002.186,4696930.279999999,363965127.3971999,164,2010,74,77.51398972827438
2010-04-16,2010-04-15,Prod. Sold Negotiated,24883,78.9,201.1,78.9,5003971.3,394813335.57,4332060.9,335908002.186,165,2010,75,78.26893932049636
2010-04-16,2010-04-15,Prod. Sold Swine or Pork Market Formula,154291,78.2,205.47,78.2,31702171.77,2479109832.414,31937843.16,2461768950.7728,165,2010,75,77.6379262107568
2010-04-19,2010-04-16,Prod. Sold Negotiated,22229,80.6,200.32,80.6,4452913.28,358904810.368,5003971.3,394813335.57,171,2010,76,79.70047001863693
2010-04-19,2010-04-16,Prod. Sold Swine or Pork Market Formula,143688,79.41,205.15,79.40999999999998,29477593.2,2340815676.012,31702171.77,2479109832.414,171,2010,76,78.78300138598915
2010-04-20,2010-04-19,Prod. Sold Negotiated,20431,82.09,197.8,82.09,4041251.8,331746360.262,4452913.28,358904810.368,172,2010,77,81.30889429688362
2010-04-20,2010-04-19,Prod. Sold Swine or Pork Market Formula,136054,80.3,204.97,80.3,27886988.38,2239325166.914,29477593.2,2340815676.012,172,2010,77,79.8426610423121
2010-04-21,2010-04-20,Prod. Sold Swine or Pork Market Formula,145447,81.08,205.32,81.08,29863178.04,2421306475.4832,27886988.38,2239325166.914,173,2010,78,80.70334565794657
2010-04-21,2010-04-20,Prod. Sold Negotiated,25932,82.64,201.75,82.64,5231781.0,432354381.84,4041251.8,331746360.262,173,2010,78,82.4003061977738
2010-04-22,2010-04-21,Prod. Sold Swine or Pork Market Formula,141371,82.06,205.07,82.06,28990950.97,2378997436.5982,29863178.04,2421306475.4832,174,2010,79,81.56273812608411
2010-04-22,2010-04-21,Prod. Sold Negotiated,23657,82.95,199.63,82.95,4722646.91,391743561.1845,5231781.0,432354381.84,174,2010,79,82.78707229338909
2010-04-23,2010-04-22,Prod. Sold Swine or Pork Market Formula,142138,82.59,205.17,82.59,29162453.46,2408527031.2614,28990950.97,2378997436.5982,175,2010,80,82.32578152191253
2010-04-23,2010-04-22,Prod. Sold Negotiated,26962,83.72,199.51,83.72,5379188.62,450345671.2664,4722646.91,391743561.1845,175,2010,80,83.36002204253862
2010-04-26,2010-04-23,Prod. Sold Swine or Pork Market Formula,141666,82.6,205.75,82.6,29147779.5,2407606586.7,29162453.46,2408527031.2614,181,2010,81,82.59499874173373
2010-04-26,2010-04-23,Prod. Sold Negotiated,31557,83.46,203.11,83.46,6409542.2700000005,534940397.8542,5379188.62,450345671.2664,181,2010,81,83.57863779521732
2010-04-27,2010-04-26,Prod. Sold Swine or Pork Market Formula,139100,83.54,204.55,83.54,28452905.0,2376955683.7000003,29147779.5,2407606586.7,182,2010,82,83.06433008448015
2010-04-27,2010-04-26,Prod. Sold Negotiated,25874,85.42,201.91,85.42,5224219.34,446252816.0228,6409542.2700000005,534940397.8542,182,2010,82,84.34015125714785
2010-04-28,2010-04-27,Prod. Sold Negotiated,26323,85.2,200.15,85.2,5268548.45,448880327.94000006,5224219.34,446252816.0228,183,2010,83,85.30953527970908
2010-04-28,2010-04-27,Prod. Sold Swine or Pork Market Formula,139006,84.33,204.53,84.32999999999998,28430897.18,2397577559.1894,28452905.0,2376955683.7000003,183,2010,83,83.93484717813215
2010-04-29,2010-04-28,Prod. Sold Swine or Pork Market Formula,148974,85.07,204.45,85.07,30457734.3,2591039456.9009995,28430897.18,2397577559.1894,184,2010,84,84.71273471153178
2010-04-29,2010-04-28,Prod. Sold Negotiated,25295,85.7,199.83,85.7,5054699.850000001,433187777.145,5268548.45,448880327.94000006,184,2010,84,85.4448211891794
2010-04-30,2010-04-29,Prod. Sold Swine or Pork Market Formula,142268,84.99,204.77,84.99,29132218.360000003,2475947238.4164,30457734.3,2591039456.9009995,185,2010,85,85.03088975800841
2010-04-30,2010-04-29,Prod. Sold Negotiated,26372,85.85,199.81,85.85,5269389.32,452377073.122,5054699.850000001,433187777.145,185,2010,85,85.7765596252594
2010-05-03,2010-04-30,Prod. Sold Swine or Pork Market Formula,150375,85.27,205.16,85.27,30850935.0,2630659227.45,29132218.360000003,2475947238.4164,191,2010,86,85.13401146515515
2010-05-03,2010-04-30,Prod. Sold Negotiated,24902,86.52,202.2,86.52,5035184.4,435644154.2879999,5269389.32,452377073.122,191,2010,86,86.17738603649873
2010-05-04,2010-05-03,Prod. Sold Swine or Pork Market Formula,132006,86.27,205.21,86.27,27088951.26,2336963825.2002,30850935.0,2630659227.45,192,2010,87,85.73753545801662
2010-05-04,2010-05-03,Prod. Sold Negotiated,26570,87.01,202.25,87.01,5373782.5,467572815.3250001,5035184.4,435644154.2879999,192,2010,87,86.77296971834927
2010-05-05,2010-05-04,Prod. Sold Swine or Pork Market Formula,132491,87.57,203.84,87.57,27006965.44,2364999963.5808,27088951.26,2336963825.2002,193,2010,88,86.91901488344683
2010-05-05,2010-05-04,Prod. Sold Negotiated,25150,87.98,201.12,87.98,5058168.0,445017620.6400001,5373782.5,467572815.3250001,193,2010,88,87.48032651851638
2010-05-06,2010-05-05,Prod. Sold Swine or Pork Market Formula,131143,88.18,204.08,88.18,26763663.44,2360019842.1392,27006965.44,2364999963.5808,194,2010,89,87.87361993226514
2010-05-06,2010-05-05,Prod. Sold Negotiated,20271,88.97,199.89,88.97,4051970.19,360503787.8043,5058168.0,445017620.6400001,194,2010,89,88.4203281711471
2010-05-07,2010-05-06,Prod. Sold Swine or Pork Market Formula,132579,88.37,204.4,88.37,27099147.6,2394751673.412,26763663.44,2360019842.1392,195,2010,90,88.27559170686759
2010-05-07,2010-05-06,Prod. Sold Negotiated,27699,89.55,200.99,89.55,5567222.010000001,498544730.9955,4051970.19,360503787.8043,195,2010,90,89.3056819053683
2010-05-10,2010-05-07,Prod. Sold Negotiated,35060,89.67,202.04,89.67,7083522.4,635179453.6079999,5567222.010000001,498544730.9955,201,2010,91,89.61719151541216
2010-05-10,2010-05-07,Prod. Sold Swine or Pork Market Formula,127172,88.63,205.43,88.63,26124943.96,2315453783.1748,27099147.6,2394751673.412,201,2010,91,88.49762050474723
2010-05-11,2010-05-10,Prod. Sold Swine or Pork Market Formula,118089,88.33,204.5,88.33,24149200.5,2133098880.165,26124943.96,2315453783.1748,202,2010,92,88.48589490924576
2010-05-11,2010-05-10,Prod. Sold Negotiated,21535,89.56,199.37,89.56,4293432.95,384519855.002,7083522.4,635179453.6079999,202,2010,92,89.62848822378476
2010-05-12,2010-05-11,Prod. Sold Negotiated,25449,89.65,201.66,89.65,5132045.34,460087864.731,4293432.95,384519855.002,203,2010,93,89.60900378170625
2010-05-12,2010-05-11,Prod. Sold Swine or Pork Market Formula,144495,88.74,204.38,88.74,29531888.1,2620659749.9939995,24149200.5,2133098880.165,203,2010,93,88.5555556740144
2010-05-13,2010-05-12,Prod. Sold Swine or Pork Market Formula,142369,88.34,205.14,88.34,29205576.66,2580020642.1444,29531888.1,2620659749.9939995,204,2010,94,88.54111108452274
2010-05-13,2010-05-12,Prod. Sold Negotiated,22342,88.19,199.15,88.19,4449409.3,392393406.167,5132045.34,460087864.731,204,2010,94,88.97200925411884
2010-05-14,2010-05-13,Prod. Sold Swine or Pork Market Formula,134352,88.02,205.43,88.02,27599931.36,2429345958.3072,29205576.66,2580020642.1444,205,2010,95,88.18452250594976
2010-05-14,2010-05-13,Prod. Sold Negotiated,18950,88.14,197.89,88.14,3750015.5,330526366.17,4449409.3,392393406.167,205,2010,95,88.16713244775414
2010-05-17,2010-05-14,Prod. Sold Swine or Pork Market Formula,137753,87.27,205.74,87.27,28341302.220000003,2473345444.7394,27599931.36,2429345958.3072,211,2010,96,87.64003024773126
2010-05-17,2010-05-14,Prod. Sold Negotiated,21170,87.96,199.09,87.96,4214735.3,370728116.988,3750015.5,330526366.17,211,2010,96,88.0447487645188
2010-05-18,2010-05-17,Prod. Sold Negotiated,19523,88.06,201.55,88.06,3934860.65,346503828.83900005,4214735.3,370728116.988,212,2010,97,88.00828289247886
2010-05-18,2010-05-17,Prod. Sold Swine or Pork Market Formula,130483,87.15,203.92,87.14999999999998,26608093.36,2318895336.324,28341302.220000003,2473345444.7394,212,2010,97,87.21189251456731
2010-05-19,2010-05-18,Prod. Sold Swine or Pork Market Formula,132247,86.89,205.14,86.89,27129149.58,2357251807.0062,26608093.36,2318895336.324,213,2010,98,87.01873947182823
2010-05-19,2010-05-18,Prod. Sold Negotiated,20541,88.04,199.48,88.04,4097518.68,360745544.5872,3934860.65,346503828.83900005,213,2010,98,88.04979749707613
2010-05-20,2010-05-19,Prod. Sold Negotiated,21531,87.51,198.7,87.51,4278209.7,374386130.84700006,4097518.68,360745544.5872,214,2010,99,87.76928310970371
2010-05-20,2010-05-19,Prod. Sold Swine or Pork Market Formula,136649,86.59,205.08,86.59000000000003,28023976.92,2426596161.5028005,27129149.58,2357251807.0062,214,2010,99,86.7375663374043
2010-05-21,2010-05-20,Prod. Sold Swine or Pork Market Formula,128568,85.97,205.03,85.97,26360297.04,2266194736.5288,28023976.92,2426596161.5028005,215,2010,100,86.28948327016704
2010-05-21,2010-05-20,Prod. Sold Negotiated,23982,86.36,200.16,86.36,4800237.12,414548477.6832,4278209.7,374386130.84700006,215,2010,100,86.9019364405111
2010-05-24,2010-05-21,Prod. Sold Negotiated,27849,85.07,202.43,85.07,5637473.07,479579834.0649,4800237.12,414548477.6832,221,2010,101,85.66326286820384
2010-05-24,2010-05-21,Prod. Sold Swine or Pork Market Formula,136789,85.24,205.28,85.24,28080045.92,2393543114.2208,26360297.04,2266194736.5288,221,2010,101,85.59346979451136
2010-05-25,2010-05-24,Prod. Sold Swine or Pork Market Formula,112634,84.23,203.86,84.23,22961567.24,1934052808.6252005,28080045.92,2393543114.2208,222,2010,102,84.78564165439475
2010-05-25,2010-05-24,Prod. Sold Negotiated,14697,85.05,199.3,85.05,2929112.1,249120984.105,5637473.07,479579834.0649,222,2010,102,85.06316154093636
2010-05-26,2010-05-25,Prod. Sold Negotiated,21123,83.32,199.3,83.32,4209813.9,350761694.148,2929112.1,249120984.105,223,2010,103,84.02982160804021
2010-05-26,2010-05-25,Prod. Sold Swine or Pork Market Formula,134351,83.43,203.84,83.43,27386107.84,2284822977.0912004,22961567.24,1934052808.6252005,223,2010,103,83.79484810396532
2010-05-27,2010-05-26,Prod. Sold Negotiated,17449,81.99,195.61,81.99,3413198.89,279848176.9911,4209813.9,350761694.148,224,2010,104,82.72449338748912
2010-05-27,2010-05-26,Prod. Sold Swine or Pork Market Formula,139462,82.51,204.32,82.51,28494875.84,2351112205.5584,27386107.84,2284822977.0912004,224,2010,104,82.96087286503545
2010-05-28,2010-05-27,Prod. Sold Swine or Pork Market Formula,135397,81.78,205.09,81.77999999999999,27768570.73,2270913714.2994,28494875.84,2351112205.5584,225,2010,105,82.14971178680494
2010-05-28,2010-05-27,Prod. Sold Negotiated,15862,80.54,196.85,80.54,3122434.7,251480890.738,3413198.89,279848176.9911,225,2010,105,81.29725456795384
2010-06-01,2010-05-28,Prod. Sold Swine or Pork Market Formula,130961,81.17,204.63,81.17,26798549.43,2175238257.2331,27768570.73,2270913714.2994,232,2010,106,81.48042188218166
2010-06-01,2010-05-28,Prod. Sold Negotiated,18041,80.57,198.83,80.57,3587092.0300000003,289012004.8571,3122434.7,251480890.738,232,2010,106,80.556038800534
2010-06-02,2010-06-01,Prod. Sold Swine or Pork Market Formula,133673,80.34,205.5,80.34,27469801.5,2206923852.51,26798549.43,2175238257.2331,233,2010,107,80.74986681271356
2010-06-02,2010-06-01,Prod. Sold Negotiated,13558,77.56,197.64,77.56,2679603.12,207830017.9872,3587092.0300000003,289012004.8571,233,2010,107,79.28294115987117
2010-06-03,2010-06-02,Prod. Sold Negotiated,11275,78.25,195.36,78.25,2202684.0,172360023.0,2679603.12,207830017.9872,234,2010,108,77.87129917652203
2010-06-03,2010-06-02,Prod. Sold Swine or Pork Market Formula,133184,80.27,204.12,80.27,27185518.08,2182181536.2816,27469801.5,2206923852.51,234,2010,108,80.30518204851377
2010-06-04,2010-06-03,Prod. Sold Swine or Pork Market Formula,135615,80.15,205.66,80.15,27890580.9,2235430059.135,27185518.08,2182181536.2816,235,2010,109,80.20923190331226
2010-06-04,2010-06-03,Prod. Sold Negotiated,12569,78.46,194.11,78.46,2439768.5900000003,191424243.5714,2202684.0,172360023.0,235,2010,109,78.36036222642397
2010-06-07,2010-06-04,Prod. Sold Swine or Pork Market Formula,202074,79.52,206.38,79.52,41704032.12,3316304634.1824,27890580.9,2235430059.135,241,2010,110,79.77247738588545
2010-06-07,2010-06-04,Prod. Sold Negotiated,28866,77.97,202.11,77.97,5834107.260000001,454885343.06220007,2439768.5900000003,191424243.5714,241,2010,110,78.11448930957793
2010-06-08,2010-06-07,Prod. Sold Negotiated,17648,78.31,198.91,78.31,3510363.68,274896579.78080004,5834107.260000001,454885343.06220007,242,2010,111,78.09772511775827
2010-06-08,2010-06-07,Prod. Sold Swine or Pork Market Formula,139278,78.94,204.61,78.94,28497671.58,2249606194.5252,41704032.12,3316304634.1824,242,2010,111,79.28455486626032
2010-06-09,2010-06-08,Prod. Sold Swine or Pork Market Formula,139358,78.83,204.53,78.83,28502891.74,2246882955.8642,28497671.58,2249606194.5252,243,2010,112,78.88499496305326
2010-06-09,2010-06-08,Prod. Sold Negotiated,17134,77.97,198.96,77.97,3408980.64,265798220.5008,3510363.68,274896579.78080004,243,2010,112,78.1424908598276
2010-06-10,2010-06-09,Prod. Sold Negotiated,18587,77.09,196.38,77.09,3650115.06,281387369.97540003,3408980.64,265798220.5008,244,2010,113,77.51496986734435
2010-06-10,2010-06-09,Prod. Sold Swine or Pork Market Formula,137211,78.17,204.45,78.17,28052788.95,2192886512.2215,28502891.74,2246882955.8642,244,2010,113,78.5026263307043
2010-06-11,2010-06-10,Prod. Sold Swine or Pork Market Formula,139906,77.92,205.39,77.92,28735293.34,2239054057.0528,28052788.95,2192886512.2215,245,2010,114,78.0434976944931
2010-06-11,2010-06-10,Prod. Sold Negotiated,17305,76.97,199.42,76.97,3450963.1,265620629.807,3650115.06,281387369.97540003,245,2010,114,77.03168271878307
2010-06-14,2010-06-11,Prod. Sold Negotiated,19218,77.13,201.36,77.13,3869736.48,298472774.7024,3450963.1,265620629.807,251,2010,115,77.05457632088763
2010-06-14,2010-06-11,Prod. Sold Swine or Pork Market Formula,148079,77.78,205.7,77.78,30459850.3,2369167156.334,28735293.34,2239054057.0528,251,2010,115,77.84796066062557
2010-06-15,2010-06-14,Prod. Sold Negotiated,18747,77.72,199.38,77.72,3737776.86,290500017.5592,3869736.48,298472774.7024,252,2010,116,77.41988294188126
2010-06-15,2010-06-14,Prod. Sold Swine or Pork Market Formula,136263,77.97,204.46,77.97,27860332.98,2172270162.4506,30459850.3,2369167156.334,252,2010,116,77.87076554579373
2010-06-16,2010-06-15,Prod. Sold Swine or Pork Market Formula,136212,78.09,204.88,78.09,27907114.56,2179266575.9904,27860332.98,2172270162.4506,253,2010,117,78.03005033213681
2010-06-16,2010-06-15,Prod. Sold Negotiated,19784,77.85,200.55,77.85,3967681.2,308883981.42,3737776.86,290500017.5592,253,2010,117,77.78693937621665
2010-06-17,2010-06-16,Prod. Sold Negotiated,17595,78.05,198.07,78.05,3485041.65,272007500.7825,3967681.2,308883981.42,254,2010,118,77.94352398365383
2010-06-17,2010-06-16,Prod. Sold Swine or Pork Market Formula,142087,78.75,204.36,78.74999999999999,29036899.32,2286655821.45,27907114.56,2179266575.9904,254,2010,118,78.42654728996774
2010-06-18,2010-06-17,Prod. Sold Negotiated,17124,78.95,198.8,78.95,3404251.2,268765632.24,3485041.65,272007500.7825,255,2010,119,78.49472286876296
2010-06-18,2010-06-17,Prod. Sold Swine or Pork Market Formula,134974,79.62,204.76,79.62,27637276.24,2200479934.2288,29036899.32,2286655821.45,255,2010,119,79.17425725811121
2010-06-21,2010-06-18,Prod. Sold Negotiated,20123,80.26,199.17,80.26,4007897.91,321673886.2566,3404251.2,268765632.24,261,2010,120,79.65834331368437
2010-06-21,2010-06-18,Prod. Sold Swine or Pork Market Formula,130841,80.08,205.4,80.08,26874741.4,2152129291.3120003,27637276.24,2200479934.2288,261,2010,120,79.84678267250429
2010-06-22,2010-06-21,Prod. Sold Swine or Pork Market Formula,137423,80.35,204.46,80.35,28097506.58,2257634653.703,26874741.4,2152129291.3120003,262,2010,121,80.21800284789809
2010-06-22,2010-06-21,Prod. Sold Negotiated,19395,82.02,201.04,82.02,3899170.8,319809989.016,4007897.91,321673886.2566,262,2010,121,81.12789945296934
2010-06-23,2010-06-22,Prod. Sold Swine or Pork Market Formula,137212,80.8,203.63,80.8,27940479.56,2257590748.448,28097506.58,2257634653.703,263,2010,122,80.57436951553875
2010-06-23,2010-06-22,Prod. Sold Negotiated,19743,81.13,199.34,81.13000000000001,3935569.62,319292763.2706,3899170.8,319809989.016,263,2010,122,81.57293260860837
2010-06-24,2010-06-23,Prod. Sold Swine or Pork Market Formula,140603,81.0,203.17,81.0,28566311.51,2313871232.31,27940479.56,2257590748.448,264,2010,123,80.90110753404706
2010-06-24,2010-06-23,Prod. Sold Negotiated,22064,81.66,198.47,81.66,4379042.08,357592576.2528,3935569.62,319292763.2706,264,2010,123,81.4091341780158
2010-06-25,2010-06-24,Prod. Sold Negotiated,21203,82.22,199.08,82.22,4221093.24,347058286.1928,4379042.08,357592576.2528,265,2010,124,81.93485756054358
2010-06-25,2010-06-24,Prod. Sold Swine or Pork Market Formula,135392,81.05,204.15,81.05,27640276.8,2240244434.64,28566311.51,2313871232.31,265,2010,124,81.02458811113702
2010-06-28,2010-06-25,Prod. Sold Negotiated,25815,81.58,201.12,81.58,5191912.8,423556246.224,4221093.24,347058286.1928,271,2010,125,81.86699648785098
2010-06-28,2010-06-25,Prod. Sold Swine or Pork Market Formula,134972,81.08,204.12,81.08,27550484.64,2233793294.6112,27640276.8,2240244434.64,271,2010,125,81.06497559587211
2010-06-29,2010-06-28,Prod. Sold Negotiated,20718,82.2,196.81,82.2,4077509.58,335171287.476,5191912.8,423556246.224,272,2010,126,81.85273068762673
2010-06-29,2010-06-28,Prod. Sold Swine or Pork Market Formula,136772,80.88,202.06,80.88,27636150.32,2235211837.8816,27550484.64,2233793294.6112,272,2010,126,80.97984477096662
2010-06-30,2010-06-29,Prod. Sold Negotiated,20148,81.58,196.69,81.58,3962910.12,323294207.5896,4077509.58,335171287.476,273,2010,127,81.89441840524817
2010-06-30,2010-06-29,Prod. Sold Swine or Pork Market Formula,140347,80.66,202.0,80.66,28350094.0,2286718582.04,27636150.32,2235211837.8816,273,2010,127,80.768597266065
2010-07-01,2010-06-30,Prod. Sold Negotiated,21026,81.53,196.24,81.53,4126142.24,336404376.8272,3962910.12,323294207.5896,274,2010,128,81.55449551531893
2010-07-01,2010-06-30,Prod. Sold Swine or Pork Market Formula,145825,80.65,203.05,80.65,29609766.25,2388027648.0625,28350094.0,2286718582.04,274,2010,128,80.65489133235961
2010-07-02,2010-07-01,Prod. Sold Negotiated,21086,80.9,199.13,80.9,4198855.18,339687384.062,4126142.24,336404376.8272,275,2010,129,81.21224869871492
2010-07-02,2010-07-01,Prod. Sold Swine or Pork Market Formula,125007,80.48,203.33,80.48,25417673.31,2045614347.9888003,29609766.25,2388027648.0625,275,2010,129,80.57147545847577
2010-07-06,2010-07-02,Prod. Sold Negotiated,21760,81.76,197.34,81.76,4294118.4,351087120.38400006,4198855.18,339687384.062,282,2010,130,81.3348231852147
2010-07-06,2010-07-02,Prod. Sold Swine or Pork Market Formula,133444,80.07,203.19,80.07,27114486.36,2171056922.8452,25417673.31,2045614347.9888003,282,2010,130,80.268378405201
2010-07-07,2010-07-06,Prod. Sold Swine or Pork Market Formula,134086,79.41,202.7,79.41,27179232.2,2158302829.002,27114486.36,2171056922.8452,283,2010,131,79.73960647147096
2010-07-07,2010-07-06,Prod. Sold Negotiated,10501,78.92,188.78,78.92,1982378.78,156449333.3176,4294118.4,351087120.38400006,283,2010,131,80.86300991560391
2010-07-08,2010-07-07,Prod. Sold Swine or Pork Market Formula,136532,79.5,202.48,79.5,27644999.36,2197777449.12,27179232.2,2158302829.002,284,2010,132,79.45538230398499
2010-07-08,2010-07-07,Prod. Sold Negotiated,12528,78.38,192.03,78.38,2405751.84,188562829.2192,1982378.78,156449333.3176,284,2010,132,78.62395001742222
2010-07-09,2010-07-08,Prod. Sold Negotiated,14636,78.94,192.74,78.94,2820942.64,222685212.0016,2405751.84,188562829.2192,285,2010,133,78.68224224592518
2010-07-09,2010-07-08,Prod. Sold Swine or Pork Market Formula,147547,79.29,203.29,79.29,29994829.63,2378290041.3627,27644999.36,2197777449.12,285,2010,133,79.39071941515662
2010-07-12,2010-07-09,Prod. Sold Swine or Pork Market Formula,171728,78.88,204.83,78.88,35175046.24,2774607647.4112,29994829.63,2378290041.3627,291,2010,134,79.06870498039356
2010-07-12,2010-07-09,Prod. Sold Negotiated,18693,78.89,200.52,78.89,3748320.36,295704993.20040005,2820942.64,222685212.0016,291,2010,134,78.91147076955208
2010-07-13,2010-07-12,Prod. Sold Swine or Pork Market Formula,138167,78.39,203.24,78.39,28081061.08,2201274378.0612,35175046.24,2774607647.4112,292,2010,135,78.66247602465334
2010-07-13,2010-07-12,Prod. Sold Negotiated,15109,78.08,198.55,78.08,2999891.95,234231563.456,3748320.36,295704993.20040005,292,2010,135,78.52991760071046
2010-07-14,2010-07-13,Prod. Sold Swine or Pork Market Formula,136544,78.25,203.57,78.25,27796262.08,2175057507.76,28081061.08,2201274378.0612,293,2010,136,78.32035678033364
2010-07-14,2010-07-13,Prod. Sold Negotiated,18296,77.57,199.43,77.57,3648771.28,283035188.1896,2999891.95,234231563.456,293,2010,136,77.8001131583258
2010-07-15,2010-07-14,Prod. Sold Swine or Pork Market Formula,134113,78.1,202.48,78.1,27155200.24,2120821138.744,27796262.08,2175057507.76,294,2010,137,78.1758749473803
2010-07-15,2010-07-14,Prod. Sold Negotiated,16525,77.75,196.42,77.75,3245840.5,252364098.875,3648771.28,283035188.1896,294,2010,137,77.6547402738026
2010-07-16,2010-07-15,Prod. Sold Swine or Pork Market Formula,142450,77.94,203.22,77.94,28948689.0,2256260820.66,27155200.24,2120821138.744,295,2010,138,78.01744261756637
2010-07-16,2010-07-15,Prod. Sold Negotiated,20145,77.3,195.61,77.3,3940563.45,304605554.685,3245840.5,252364098.875,295,2010,138,77.50324883421005
2010-07-19,2010-07-16,Prod. Sold Negotiated,18743,77.7,198.82,77.7,3726483.26,289547749.302,3940563.45,304605554.685,301,2010,139,77.49441557621603
2010-07-19,2010-07-16,Prod. Sold Swine or Pork Market Formula,135799,77.96,203.65,77.96,27655466.35,2156020156.646,28948689.0,2256260820.66,301,2010,139,77.94977153220606
2010-07-20,2010-07-19,Prod. Sold Swine or Pork Market Formula,133844,77.72,202.71,77.72,27131517.24,2108661519.8928,27655466.35,2156020156.646,302,2010,140,77.84114760640355
2010-07-20,2010-07-19,Prod. Sold Negotiated,14662,78.05,195.94,78.05,2872872.28,224227681.454,3726483.26,289547749.302,302,2010,140,77.85236416524393
2010-07-21,2010-07-20,Prod. Sold Swine or Pork Market Formula,140553,77.9,202.68,77.89999999999998,28487282.04,2219159270.916,27131517.24,2108661519.8928,303,2010,141,77.81219384153523
2010-07-21,2010-07-20,Prod. Sold Negotiated,19020,77.21,196.78,77.21,3742755.6,288978159.876,2872872.28,224227681.454,303,2010,141,77.5747745548832
2010-07-22,2010-07-21,Prod. Sold Swine or Pork Market Formula,134307,78.46,202.71,78.46,27225371.970000003,2136102684.7662,28487282.04,2219159270.916,304,2010,142,78.17365790724065
2010-07-22,2010-07-21,Prod. Sold Negotiated,17708,77.57,198.5,77.57,3515038.0,272661497.66,3742755.6,288978159.876,304,2010,142,77.38435239271617
2010-07-23,2010-07-22,Prod. Sold Swine or Pork Market Formula,136267,79.92,202.96,79.92,27656750.32,2210327485.5744,27225371.970000003,2136102684.7662,305,2010,143,79.19573786476106
2010-07-23,2010-07-22,Prod. Sold Negotiated,22410,78.12,197.62,78.12,4428664.2,345967247.304,3515038.0,272661497.66,305,2010,143,77.87662847733641
2010-07-26,2010-07-23,Prod. Sold Swine or Pork Market Formula,143416,80.4,204.18,80.40000000000002,29282678.880000003,2354327381.9520006,27656750.32,2210327485.5744,311,2010,144,80.16685329761614
2010-07-26,2010-07-23,Prod. Sold Negotiated,24182,79.85,198.08,79.85,4789970.5600000005,382479149.216,4428664.2,345967247.304,311,2010,144,79.01890198326936
2010-07-27,2010-07-26,Prod. Sold Swine or Pork Market Formula,126708,81.23,202.04,81.23,25600084.32,2079494849.3136,29282678.880000003,2354327381.9520006,312,2010,145,80.78715379377255
2010-07-27,2010-07-26,Prod. Sold Negotiated,20992,81.94,196.9,81.94,4133324.8,338684634.112,4789970.5600000005,382479149.216,312,2010,145,80.81810073896288
2010-07-28,2010-07-27,Prod. Sold Swine or Pork Market Formula,130766,82.2,201.62,82.2,26365040.92,2167206363.624,25600084.32,2079494849.3136,313,2010,146,81.72213947958917
2010-07-28,2010-07-27,Prod. Sold Negotiated,21432,82.64,199.37,82.64,4272897.84,353112277.4976,4133324.8,338684634.112,313,2010,146,82.29581123842325
2010-07-29,2010-07-28,Prod. Sold Swine or Pork Market Formula,142642,83.73,202.03,83.73,28817963.26,2412928063.7598004,26365040.92,2167206363.624,314,2010,147,82.99900477407824
2010-07-29,2010-07-28,Prod. Sold Negotiated,18420,82.49,197.36,82.49,3635371.2,299881770.288,4272897.84,353112277.4976,314,2010,147,82.57104613952284
2010-07-30,2010-07-29,Prod. Sold Swine or Pork Market Formula,147218,84.43,203.0,84.43,29885254.0,2523211995.2200003,28817963.26,2412928063.7598004,315,2010,148,84.08636339499665
2010-07-30,2010-07-29,Prod. Sold Negotiated,17445,82.91,195.75,82.91,3414858.75,283125938.9625,3635371.2,299881770.288,315,2010,148,82.69343175827902
2010-08-02,2010-07-30,Prod. Sold Negotiated,20304,84.73,197.39,84.73,4007806.56,339581449.8288,3414858.75,283125938.9625,321,2010,149,83.89269390233356
2010-08-02,2010-07-30,Prod. Sold Swine or Pork Market Formula,115550,84.31,203.91,84.31,23561800.5,1986495400.155,29885254.0,2523211995.2200003,321,2010,149,84.37709874872525
2010-08-03,2010-08-02,Prod. Sold Swine or Pork Market Formula,105056,84.61,201.92,84.61,21212907.52,1794824105.2672,23561800.5,1986495400.155,322,2010,150,84.4521309604779
2010-08-03,2010-08-02,Prod. Sold Negotiated,16467,85.35,196.54,85.35,3236424.18,276228803.76299995,4007806.56,339581449.8288,322,2010,150,85.00699048575585
2010-08-04,2010-08-03,Prod. Sold Negotiated,18221,85.48,195.52,85.48000000000003,3562569.9200000004,304528476.7616001,3236424.18,276228803.76299995,323,2010,151,85.41811803081283
2010-08-04,2010-08-03,Prod. Sold Swine or Pork Market Formula,137815,85.44,201.75,85.43999999999998,27804176.25,2375588818.8,21212907.52,1794824105.2672,323,2010,151,85.08080455450563
2010-08-05,2010-08-04,Prod. Sold Negotiated,14793,85.87,193.66,85.87,2864812.38,246001439.0706,3562569.9200000004,304528476.7616001,324,2010,152,85.65383077216364
2010-08-05,2010-08-04,Prod. Sold Swine or Pork Market Formula,139469,85.76,201.96,85.76,28167159.24,2415615576.4224005,27804176.25,2375588818.8,324,2010,152,85.60103762538256
2010-08-06,2010-08-05,Prod. Sold Negotiated,17768,86.92,193.79,86.92000000000002,3443260.72,299288221.7824,2864812.38,246001439.0706,325,2010,153,86.44314233660356
2010-08-06,2010-08-05,Prod. Sold Swine or Pork Market Formula,142137,85.74,201.92,85.73999999999998,28700303.04,2460763982.6496,28167159.24,2415615576.4224005,325,2010,153,85.7499062480057
2010-08-09,2010-08-06,Prod. Sold Negotiated,18613,86.17,195.62,86.17,3641075.06,313751437.9202,3443260.72,299288221.7824,331,2010,154,86.53452895799923
2010-08-09,2010-08-06,Prod. Sold Swine or Pork Market Formula,128821,84.99,203.84,84.98999999999998,26258872.64,2231741585.6736,28700303.04,2460763982.6496,331,2010,154,85.38165848129401
2010-08-10,2010-08-09,Prod. Sold Negotiated,14205,83.99,194.59,83.99,2764150.95,232161038.2905,3641075.06,313751437.9202,332,2010,155,85.22922928221546
2010-08-10,2010-08-09,Prod. Sold Swine or Pork Market Formula,130379,84.38,200.8,84.38,26180103.200000003,2209077108.0160003,26258872.64,2231741585.6736,332,2010,155,84.68545814546938
2010-08-11,2010-08-10,Prod. Sold Negotiated,14204,82.77,196.34,82.77,2788813.36,230830081.8072,2764150.95,232161038.2905,333,2010,156,83.3772908037473
2010-08-11,2010-08-10,Prod. Sold Swine or Pork Market Formula,132412,83.42,201.07,83.42,26624080.84,2220980823.6728,26180103.200000003,2209077108.0160003,333,2010,156,83.89596415944922
2010-08-12,2010-08-11,Prod. Sold Swine or Pork Market Formula,130216,83.11,201.18,83.11,26196854.880000003,2177220609.0768003,26624080.84,2220980823.6728,334,2010,157,83.26625367002492
2010-08-12,2010-08-11,Prod. Sold Negotiated,13731,82.39,193.21,82.39,2652966.51,218577910.7589,2788813.36,230830081.8072,334,2010,157,82.58474309915444
2010-08-13,2010-08-12,Prod. Sold Negotiated,12898,81.59,189.37,81.59,2442494.26,199283106.6734,2652966.51,218577910.7589,335,2010,158,82.00652233307254
2010-08-13,2010-08-12,Prod. Sold Swine or Pork Market Formula,127780,82.9,202.22,82.9,25839671.6,2142108775.6400003,26196854.880000003,2177220609.0768003,335,2010,158,83.00572072920576
2010-08-16,2010-08-13,Prod. Sold Negotiated,13135,81.0,197.29,81.0,2591404.15,209903736.15,2442494.26,199283106.6734,341,2010,159,81.2862734795238
2010-08-16,2010-08-13,Prod. Sold Swine or Pork Market Formula,137758,82.2,201.81,82.2,27800941.98,2285237430.756,25839671.6,2142108775.6400003,341,2010,159,82.53720289371827
2010-08-17,2010-08-16,Prod. Sold Negotiated,16141,80.37,196.82,80.37,3176871.62,255325172.0994,2591404.15,209903736.15,342,2010,160,80.65302818374096
2010-08-17,2010-08-16,Prod. Sold Swine or Pork Market Formula,133102,81.57,201.22,81.57,26782784.44,2184671726.7708,27800941.98,2285237430.756,342,2010,160,81.89087573707651
2010-08-18,2010-08-17,Prod. Sold Negotiated,14981,80.42,193.53,80.42,2899272.93,233159529.0306,3176871.62,255325172.0994,343,2010,161,80.39385783374753
2010-08-18,2010-08-17,Prod. Sold Swine or Pork Market Formula,140021,82.21,201.77,82.21,28252037.17,2322599975.7457,26782784.44,2184671726.7708,343,2010,161,81.8985429707928
2010-08-19,2010-08-18,Prod. Sold Negotiated,19485,81.76,195.97,81.76,3818475.45,312198552.79200006,2899272.93,233159529.0306,344,2010,162,81.18167739747942
2010-08-19,2010-08-18,Prod. Sold Swine or Pork Market Formula,147871,83.66,202.01,83.65999999999998,29871420.71,2499043056.5985994,28252037.17,2322599975.7457,344,2010,162,82.95519929834394
2010-08-20,2010-08-19,Prod. Sold Negotiated,20382,82.6,194.97,82.6,3973878.54,328242367.404,3818475.45,312198552.79200006,345,2010,163,82.18837606939877
2010-08-20,2010-08-19,Prod. Sold Swine or Pork Market Formula,142549,84.33,202.09,84.33,28807727.41,2429355652.4853,29871420.71,2499043056.5985994,345,2010,163,83.98892736147478
2010-08-23,2010-08-20,Prod. Sold Negotiated,31333,82.97,199.63,82.97,6255006.79,518977913.3663,3973878.54,328242367.404,351,2010,164,82.82625657025525
2010-08-23,2010-08-20,Prod. Sold Swine or Pork Market Formula,161582,84.36,201.92,84.36,32626637.44,2752383134.4384,28807727.41,2429355652.4853,351,2010,164,84.34593243660272
2010-08-24,2010-08-23,Prod. Sold Swine or Pork Market Formula,139231,84.22,200.71,84.22,27945054.01,2353532448.7222,32626637.44,2752383134.4384,352,2010,165,84.29541029699278
2010-08-24,2010-08-23,Prod. Sold Negotiated,16303,85.07,193.98,85.07,3162455.94,269030126.81579995,6255006.79,518977913.3663,352,2010,165,83.67519604530465
2010-08-25,2010-08-24,Prod. Sold Negotiated,16659,84.9,195.48,84.9,3256501.32,276476962.068,3162455.94,269030126.81579995,353,2010,166,84.9837546486172
2010-08-25,2010-08-24,Prod. Sold Swine or Pork Market Formula,134421,84.23,199.97,84.23000000000003,26880167.37,2264116497.5751004,27945054.01,2353532448.7222,353,2010,166,84.22490288350753
2010-08-26,2010-08-25,Prod. Sold Negotiated,21697,84.48,194.2,84.48,4213557.4,355961329.15199995,3256501.32,276476962.068,354,2010,167,84.66309502049003
2010-08-26,2010-08-25,Prod. Sold Swine or Pork Market Formula,148239,84.48,201.13,84.48,29815310.07,2518797394.7136,26880167.37,2264116497.5751004,354,2010,167,84.36147128931736
2010-08-27,2010-08-26,Prod. Sold Negotiated,22888,84.31,195.95,84.31,4484903.6,378122222.516,4213557.4,355961329.15199995,355,2010,168,84.39234844738627
2010-08-27,2010-08-26,Prod. Sold Swine or Pork Market Formula,140989,84.22,201.5,84.22,28409283.5,2392629856.37,29815310.07,2518797394.7136,355,2010,168,84.35313928261054
2010-08-30,2010-08-27,Prod. Sold Negotiated,39242,83.84,197.44,83.84,7747940.479999999,649587329.8432,4484903.6,378122222.516,361,2010,169,84.01231517692982
2010-08-30,2010-08-27,Prod. Sold Swine or Pork Market Formula,161975,83.55,201.86,83.55,32696273.500000004,2731773650.925,28409283.5,2392629856.37,361,2010,169,83.86149736422499
2010-08-31,2010-08-30,Prod. Sold Negotiated,18186,83.3,194.24,83.3,3532448.64,294252971.712,7747940.479999999,649587329.8432,362,2010,170,83.67089924954647
2010-08-31,2010-08-30,Prod. Sold Swine or Pork Market Formula,147221,82.98,200.02,82.97999999999999,29447144.42,2443524043.9716,32696273.500000004,2731773650.925,362,2010,170,83.27990104372748
2010-09-01,2010-08-31,Prod. Sold Swine or Pork Market Formula,141741,82.98,201.33,82.98000000000003,28536715.53,2367976654.6794004,29447144.42,2443524043.9716,363,2010,171,82.98000000000003
2010-09-01,2010-08-31,Prod. Sold Negotiated,13643,83.21,194.02,83.21,2647014.8600000003,220258106.5006,3532448.64,294252971.712,363,2010,171,83.26144789310592
2010-09-02,2010-09-01,Prod. Sold Negotiated,17089,82.15,191.77,82.15000000000002,3277157.5300000003,269218491.08950007,2647014.8600000003,220258106.5006,364,2010,172,82.62362493305162
2010-09-02,2010-09-01,Prod. Sold Swine or Pork Market Formula,145451,82.36,200.93,82.36,29225469.43,2407009662.2548,28536715.53,2367976654.6794004,364,2010,172,82.66630357284531
2010-09-03,2010-09-02,Prod. Sold Negotiated,20904,81.84,195.08,81.84,4077952.32,333739617.86880004,3277157.5300000003,269218491.08950007,365,2010,173,81.97812422316169
2010-09-03,2010-09-02,Prod. Sold Swine or Pork Market Formula,144787,81.54,201.92,81.53999999999998,29235391.04,2383853785.4016,29225469.43,2407009662.2548,365,2010,173,81.94993041737553
2010-09-07,2010-09-03,Prod. Sold Negotiated,26226,81.23,197.03,81.23,5167308.78,419740492.19940007,4077952.32,333739617.86880004,372,2010,174,81.49906226750046
2010-09-07,2010-09-03,Prod. Sold Swine or Pork Market Formula,168988,81.34,202.47,81.34,34215000.36,2783048129.2824,29235391.04,2383853785.4016,372,2010,174,81.43215196437701
2010-09-08,2010-09-07,Prod. Sold Swine or Pork Market Formula,152132,81.82,201.83,81.82,30704801.56,2512266863.6392,34215000.36,2783048129.2824,373,2010,175,81.5670232550457
2010-09-08,2010-09-07,Prod. Sold Negotiated,14678,81.26,194.19,81.26,2850320.82,231617069.8332,5167308.78,419740492.19940007,373,2010,175,81.24066520017338
2010-09-09,2010-09-08,Prod. Sold Swine or Pork Market Formula,147093,82.02,202.76,82.02000000000001,29824576.68,2446211779.2936,30704801.56,2512266863.6392,374,2010,176,81.91854578899438
2010-09-09,2010-09-08,Prod. Sold Negotiated,12879,81.06,190.34,81.06,2451388.86,198709580.9916,2850320.82,231617069.8332,374,2010,176,81.16752459082218
2010-09-10,2010-09-09,Prod. Sold Swine or Pork Market Formula,152246,83.04,203.92,83.04,31046004.32,2578060198.7328,29824576.68,2446211779.2936,375,2010,177,82.54023364794891
2010-09-10,2010-09-09,Prod. Sold Negotiated,17841,82.26,195.19,82.25999999999999,3482384.79,286460972.8254,2451388.86,198709580.9916,375,2010,177,81.76425027890977
2010-09-13,2010-09-10,Prod. Sold Negotiated,39509,83.13,197.8,83.13,7814880.2,649650991.026,3482384.79,286460972.8254,381,2010,178,82.86182227999593
2010-09-13,2010-09-10,Prod. Sold Swine or Pork Market Formula,247785,83.35,203.56,83.35,50439114.6,4204100201.91,31046004.32,2578060198.7328,381,2010,178,83.23188933799494
2010-09-14,2010-09-13,Prod. Sold Swine or Pork Market Formula,139676,82.89,202.28,82.89000000000001,28253661.28,2341945983.4992003,50439114.6,4204100201.91,382,2010,179,83.18484272802094
2010-09-14,2010-09-13,Prod. Sold Negotiated,17630,82.44,195.36,82.44,3444196.8000000003,283939584.19200003,7814880.2,649650991.026,382,2010,179,82.91892623329603
2010-09-15,2010-09-14,Prod. Sold Swine or Pork Market Formula,148931,82.79,202.74,82.78999999999998,30194270.94,2499783691.1226,28253661.28,2341945983.4992003,383,2010,180,82.83833988168077
2010-09-15,2010-09-14,Prod. Sold Negotiated,19274,82.53,197.79,82.53,3812204.46,314621234.0838,3444196.8000000003,283939584.19200003,383,2010,180,82.48728217047356
2010-09-16,2010-09-15,Prod. Sold Swine or Pork Market Formula,150799,83.14,204.0,83.14,30762996.0,2557635487.44,30194270.94,2499783691.1226,384,2010,181,82.96663273208422
2010-09-16,2010-09-15,Prod. Sold Negotiated,13919,82.29,192.76,82.29,2683026.44,220786245.7476,3812204.46,314621234.0838,384,2010,181,82.43086166981377
2010-09-17,2010-09-16,Prod. Sold Swine or Pork Market Formula,145286,83.07,203.84,83.07,29615098.24,2460126210.7968,30762996.0,2557635487.44,385,2010,182,83.1056654138741
2010-09-17,2010-09-16,Prod. Sold Negotiated,16954,82.37,197.53,82.37,3348923.62,275850838.5794,2683026.44,220786245.7476,385,2010,182,82.3344158003523
2010-09-20,2010-09-17,Prod. Sold Negotiated,31159,82.38,200.24,82.38,6239278.16,513991734.8208,3348923.62,275850838.5794,391,2010,183,82.37650724536587
2010-09-20,2010-09-17,Prod. Sold Swine or Pork Market Formula,179296,82.9,204.79,82.9,36718027.84,3043924507.936,29615098.24,2460126210.7968,391,2010,183,82.97589822760241
2010-09-21,2010-09-20,Prod. Sold Negotiated,21005,82.11,201.06,82.11,4223265.3,346772313.783,6239278.16,513991734.8208,392,2010,184,82.27101296110649
2010-09-21,2010-09-20,Prod. Sold Swine or Pork Market Formula,138488,82.96,202.74,82.96,28077057.12,2329272658.6752,36718027.84,3043924507.936,392,2010,184,82.92599924713795
2010-09-22,2010-09-21,Prod. Sold Swine or Pork Market Formula,140781,83.58,203.09,83.57999999999998,28591213.29,2389653606.7782,28077057.12,2329272658.6752,393,2010,185,83.2728126570927
2010-09-22,2010-09-21,Prod. Sold Negotiated,16481,82.82,195.71,82.82,3225496.51,267135620.9582,4223265.3,346772313.783,393,2010,185,82.4174474094507
2010-09-23,2010-09-22,Prod. Sold Negotiated,15680,82.78,193.65,82.78,3036432.0,251355840.96,3225496.51,267135620.9582,394,2010,186,82.80060385393955
2010-09-23,2010-09-22,Prod. Sold Swine or Pork Market Formula,144327,83.6,204.0,83.6,29442708.0,2461410388.8,28591213.29,2389653606.7782,394,2010,186,83.59014672362147
2010-09-24,2010-09-23,Prod. Sold Negotiated,18382,84.06,198.06,84.06,3640738.92,306040513.6152,3036432.0,251355840.96,395,2010,187,83.4779221999008
2010-09-24,2010-09-23,Prod. Sold Swine or Pork Market Formula,143334,83.79,204.53,83.79,29316103.02,2456396272.0458,29442708.0,2461410388.8,395,2010,187,83.6947953077523
2010-09-27,2010-09-24,Prod. Sold Negotiated,32434,83.71,199.62,83.71,6474475.08,541978308.9468,3640738.92,306040513.6152,401,2010,188,83.83597446005592
2010-09-27,2010-09-24,Prod. Sold Swine or Pork Market Formula,186580,83.53,204.43,83.53,38142549.4,3186047151.382,29316103.02,2456396272.0458,401,2010,188,83.64299049879834
2010-09-28,2010-09-27,Prod. Sold Negotiated,17057,83.74,198.3,83.74,3382403.1,283242435.594,6474475.08,541978308.9468,402,2010,189,83.72029454672635
2010-09-28,2010-09-27,Prod. Sold Swine or Pork Market Formula,138378,82.75,204.74,82.75,28331511.720000003,2344432594.8300004,38142549.4,3186047151.382,402,2010,189,83.19756086856634
2010-09-29,2010-09-28,Prod. Sold Negotiated,18474,83.83,198.2,83.83,3661546.8,306947468.244,3382403.1,283242435.594,403,2010,190,83.78678329867166
2010-09-29,2010-09-28,Prod. Sold Swine or Pork Market Formula,144346,83.2,204.59,83.2,29531748.14,2457041445.248,28331511.720000003,2344432594.8300004,403,2010,190,82.97966709264486
2010-09-30,2010-09-29,Prod. Sold Swine or Pork Market Formula,142210,82.96,204.77,82.96,29120341.700000003,2415823547.432,29531748.14,2457041445.248,404,2010,191,83.0808417223143
2010-09-30,2010-09-29,Prod. Sold Negotiated,15055,82.69,193.8,82.69,2917659.0,241261222.71,3661546.8,306947468.244,404,2010,191,83.32444790737507
2010-10-01,2010-09-30,Prod. Sold Swine or Pork Market Formula,139319,82.44,205.55,82.44,28637020.450000003,2360835965.898,29120341.700000003,2415823547.432,405,2010,192,82.70217571440803
2010-10-01,2010-09-30,Prod. Sold Negotiated,17513,81.97,199.09,81.97,3486663.17,285801780.0449,2917659.0,241261222.71,405,2010,192,82.29801511607901
2010-10-04,2010-10-01,Prod. Sold Negotiated,25433,81.52,202.82,81.52,5158321.06,420506332.8112,3486663.17,285801780.0449,411,2010,193,81.70149234107971
2010-10-04,2010-10-01,Prod. Sold Swine or Pork Market Formula,171305,81.55,205.22,81.55,35155212.1,2866907546.755,28637020.450000003,2360835965.898,411,2010,193,81.94953058831295
2010-10-05,2010-10-04,Prod. Sold Swine or Pork Market Formula,147254,80.1,205.68,80.1,30287202.720000003,2426004937.872,35155212.1,2866907546.755,412,2010,194,80.87892995980067
2010-10-05,2010-10-04,Prod. Sold Negotiated,16824,79.73,199.11,79.73,3349826.64,267081678.00720003,5158321.06,420506332.8112,412,2010,194,80.81524146770514
2010-10-06,2010-10-05,Prod. Sold Negotiated,13928,78.88,199.8,78.88,2782814.4000000004,219508399.872,3349826.64,267081678.00720003,413,2010,195,79.344294685671
2010-10-06,2010-10-05,Prod. Sold Swine or Pork Market Formula,137041,79.63,205.73,79.63,28193444.93,2245044019.7759,30287202.720000003,2426004937.872,413,2010,195,79.87341360519113
2010-10-07,2010-10-06,Prod. Sold Negotiated,12767,78.24,195.38,78.24,2494416.46,195163143.8304,2782814.4000000004,219508399.872,414,2010,196,78.57748783467093
2010-10-07,2010-10-06,Prod. Sold Swine or Pork Market Formula,142275,78.98,205.23,78.98000000000003,29199098.25,2306144779.7850003,28193444.93,2245044019.7759,414,2010,196,79.29930523007185
2010-10-08,2010-10-07,Prod. Sold Swine or Pork Market Formula,146568,77.57,206.55,77.57,30273620.4,2348324734.428,29199098.25,2306144779.7850003,415,2010,197,78.26226242665635
2010-10-08,2010-10-07,Prod. Sold Negotiated,13645,77.36,196.19,77.36,2677012.55,207093690.868,2494416.46,195163143.8304,415,2010,197,77.78446420139488
2010-10-11,2010-10-08,Prod. Sold Swine or Pork Market Formula,192740,76.38,206.28,76.38,39758407.2,3036747141.936,30273620.4,2348324734.428,421,2010,198,76.89441618228972
2010-10-11,2010-10-08,Prod. Sold Negotiated,27690,77.12,201.56,77.12,5581196.4,430421866.368,2677012.55,207093690.868,421,2010,198,77.1977993165213
2010-10-12,2010-10-11,Prod. Sold Swine or Pork Market Formula,146895,75.57,205.49,75.57,30185453.55,2281114724.7735,39758407.2,3036747141.936,422,2010,199,76.03043082962073
2010-10-12,2010-10-11,Prod. Sold Negotiated,14080,74.79,199.12,74.79,2803609.6,209681961.98400003,5581196.4,430421866.368,422,2010,199,76.34092289696386
2010-10-13,2010-10-12,Prod. Sold Swine or Pork Market Formula,153178,74.8,206.1,74.8,31569985.8,2361434937.84,30185453.55,2281114724.7735,423,2010,200,75.17636845398786
2010-10-13,2010-10-12,Prod. Sold Negotiated,16284,73.7,199.28,73.7,3245075.52,239162065.824,2803609.6,209681961.98400003,423,2010,200,74.20522293744396
2010-10-14,2010-10-13,Prod. Sold Swine or Pork Market Formula,151576,73.49,207.33,73.49,31426252.08,2309515265.3592,31569985.8,2361434937.84,424,2010,201,74.14649446363414
2010-10-14,2010-10-13,Prod. Sold Negotiated,14460,72.6,199.3,72.6,2881878.0,209224342.8,3245075.52,239162065.824,424,2010,201,73.18260325630803
2010-10-15,2010-10-14,Prod. Sold Swine or Pork Market Formula,153485,72.09,207.63,72.09,31868090.55,2297370647.7495003,31426252.08,2309515265.3592,425,2010,202,72.78511351384422
2010-10-15,2010-10-14,Prod. Sold Negotiated,13546,71.91,198.56,71.91,2689693.76,193415878.2816,2881878.0,209224342.8,425,2010,202,72.26690033363222
2010-10-18,2010-10-15,Prod. Sold Swine or Pork Market Formula,213570,70.62,207.7,70.62,44358489.0,3132596493.1800003,31868090.55,2297370647.7495003,431,2010,203,71.23456375696055
2010-10-18,2010-10-15,Prod. Sold Negotiated,35238,71.79,206.83,71.79,7288275.54,523225301.0166001,2689693.76,193415878.2816,431,2010,203,71.82234758912318
2010-10-19,2010-10-18,Prod. Sold Negotiated,13477,67.92,197.25,67.92,2658338.25,180554333.94,7288275.54,523225301.0166001,432,2010,204,70.75570136885753
2010-10-19,2010-10-18,Prod. Sold Swine or Pork Market Formula,146754,69.03,206.94,69.03,30369272.76,2096390898.6228,44358489.0,3132596493.1800003,432,2010,204,69.97382590684998
2010-10-20,2010-10-19,Prod. Sold Negotiated,13323,65.59,197.76,65.59,2634756.48,172813677.5232,2658338.25,180554333.94,433,2010,205,66.76019030235643
2010-10-20,2010-10-19,Prod. Sold Swine or Pork Market Formula,147933,68.17,207.16,68.17,30645800.28,2089124205.0876,30369272.76,2096390898.6228,433,2010,205,68.59805118919513
2010-10-21,2010-10-20,Prod. Sold Negotiated,11564,66.11,195.31,66.11,2258564.84,149313721.5724,2634756.48,172813677.5232,434,2010,206,65.83001156678588
2010-10-21,2010-10-20,Prod. Sold Swine or Pork Market Formula,152817,67.12,207.66,67.12,31733978.22,2129984618.1264,30645800.28,2089124205.0876,434,2010,206,67.63584168888961
2010-10-22,2010-10-21,Prod. Sold Negotiated,12616,66.21,198.1,66.21,2499229.6,165473991.81599998,2258564.84,149313721.5724,435,2010,207,66.16252916307161
2010-10-22,2010-10-21,Prod. Sold Swine or Pork Market Formula,149515,66.48,207.73,66.48,31058750.95,2064785763.156,31733978.22,2129984618.1264,435,2010,207,66.80344104690553
2010-10-25,2010-10-22,Prod. Sold Negotiated,36847,65.49,207.48,65.49,7645015.56,500672069.0244,2499229.6,165473991.81599998,441,2010,208,65.66738582650737
2010-10-25,2010-10-22,Prod. Sold Swine or Pork Market Formula,237563,66.13,208.48,66.13,49527134.24,3275229387.291199,31058750.95,2064785763.156,441,2010,208,66.2648941294976
2010-10-26,2010-10-25,Prod. Sold Negotiated,15913,64.69,201.76,64.69,3210606.88,207694159.0672,7645015.56,500672069.0244,442,2010,209,65.25339583306288
2010-10-26,2010-10-25,Prod. Sold Swine or Pork Market Formula,152011,65.7,207.48,65.7,31539242.28,2072128217.796,49527134.24,3275229387.291199,442,2010,209,65.96270654539425
2010-10-27,2010-10-26,Prod. Sold Swine or Pork Market Formula,151503,65.69,207.83,65.69,31486868.49,2068372391.1081,31539242.28,2072128217.796,443,2010,210,65.69500415492797
2010-10-27,2010-10-26,Prod. Sold Negotiated,13482,63.81,199.86,63.81,2694512.52,171936843.9012,3210606.88,207694159.0672,443,2010,210,64.28845502571886
2010-10-28,2010-10-27,Prod. Sold Swine or Pork Market Formula,153736,65.16,207.76,65.16,31940191.36,2081222869.0176,31486868.49,2068372391.1081,444,2010,211,65.42310600458488
2010-10-28,2010-10-27,Prod. Sold Negotiated,12735,63.29,196.01,63.29,2496187.35,157983697.3815,2694512.52,171936843.9012,444,2010,211,63.55993402537064
2010-10-29,2010-10-28,Prod. Sold Swine or Pork Market Formula,150178,64.03,208.87,64.03,31367678.86,2008472477.4058,31940191.36,2081222869.0176,445,2010,212,64.60010946840221
2010-10-29,2010-10-28,Prod. Sold Negotiated,15116,63.35,200.6,63.35,3032269.6,192094279.16,2496187.35,157983697.3815,445,2010,212,63.32290903368615
2010-11-01,2010-10-29,Prod. Sold Swine or Pork Market Formula,236050,63.54,209.11,63.54,49360415.5,3136360800.87,31367678.86,2008472477.4058,451,2010,213,63.730394221036086
2010-11-01,2010-10-29,Prod. Sold Negotiated,32265,63.53,206.18,63.53,6652397.7,422626825.881,3032269.6,192094279.16,451,2010,213,63.473641995012045
2010-11-02,2010-11-01,Prod. Sold Swine or Pork Market Formula,147414,62.47,207.5,62.47,30588405.0,1910857660.35,49360415.5,3136360800.87,452,2010,214,63.130618183666634
2010-11-02,2010-11-01,Prod. Sold Negotiated,20340,61.96,206.16,61.96,4193294.4,259816521.024,6652397.7,422626825.881,452,2010,214,62.92298735873205
2010-11-03,2010-11-02,Prod. Sold Swine or Pork Market Formula,153030,61.77,207.98,61.77,31827179.4,1965964871.538,30588405.0,1910857660.35,453,2010,215,62.11305348104696
2010-11-03,2010-11-02,Prod. Sold Negotiated,13847,60.35,199.77,60.35000000000001,2766215.19,166941086.7165,4193294.4,259816521.024,453,2010,215,61.32006892464099
2010-11-04,2010-11-03,Prod. Sold Negotiated,13815,59.97,201.61,59.96999999999999,2785242.1500000004,167030971.7355,2766215.19,166941086.7165,454,2010,216,60.15934879758979
2010-11-04,2010-11-03,Prod. Sold Swine or Pork Market Formula,152558,61.93,208.02,61.93,31735115.16,1965355681.8588,31827179.4,1965964871.538,454,2010,216,61.84988412722903
2010-11-05,2010-11-04,Prod. Sold Negotiated,15043,60.32,200.7,60.32,3019130.1,182113927.632,2785242.1500000004,167030971.7355,455,2010,217,60.15205164822086
2010-11-05,2010-11-04,Prod. Sold Swine or Pork Market Formula,157317,62.25,207.6,62.25,32659009.2,2033023322.7,31735115.16,1965355681.8588,455,2010,217,62.092295598361936
2010-11-08,2010-11-05,Prod. Sold Swine or Pork Market Formula,248318,62.34,209.63,62.34,52054902.34,3245102611.8756,32659009.2,2033023322.7,461,2010,218,62.305303091610725
2010-11-08,2010-11-05,Prod. Sold Negotiated,47867,60.64,207.13,60.64,9914691.71,601226905.2944,3019130.1,182113927.632,461,2010,218,60.56530269504309
2010-11-09,2010-11-08,Prod. Sold Negotiated,14427,61.08,199.58,61.08,2879340.66,175870127.5128,9914691.71,601226905.2944,462,2010,219,60.73902350203293
2010-11-09,2010-11-08,Prod. Sold Swine or Pork Market Formula,149722,62.35,207.67,62.35,31092767.74,1938634068.589,52054902.34,3245102611.8756,462,2010,219,62.34373946350031
2010-11-10,2010-11-09,Prod. Sold Swine or Pork Market Formula,158737,63.13,207.31,63.13,32907767.47,2077467360.3811,31092767.74,1938634068.589,463,2010,220,62.7510600621132
2010-11-10,2010-11-09,Prod. Sold Negotiated,15464,60.44,197.05,60.44,3047181.2,184171631.728,2879340.66,175870127.5128,463,2010,220,60.75093752219789
2010-11-11,2010-11-10,Prod. Sold Swine or Pork Market Formula,139403,63.51,209.17,63.51,29158925.51,1851883359.1401,32907767.47,2077467360.3811,464,2010,221,63.308523958048966
2010-11-11,2010-11-10,Prod. Sold Negotiated,6769,59.72,203.89,59.72,1380131.41,82421447.8052,3047181.2,184171631.728,464,2010,221,60.21555354619515
2010-11-12,2010-11-11,Prod. Sold Swine or Pork Market Formula,160992,64.01,208.92,64.01,33634448.64,2152941057.4464,29158925.51,1851883359.1401,465,2010,222,63.77781845294422
2010-11-12,2010-11-11,Prod. Sold Negotiated,15622,61.49,200.07,61.49,3125493.54,192186597.7746,1380131.41,82421447.8052,465,2010,222,60.94782602351312
2010-11-15,2010-11-12,Prod. Sold Swine or Pork Market Formula,255741,64.95,209.49,64.95,53575182.09,3479708076.7455006,33634448.64,2152941057.4464,471,2010,223,64.58746685478484
2010-11-15,2010-11-12,Prod. Sold Negotiated,39687,62.64,205.33,62.64,8148931.710000002,510449082.3144001,3125493.54,192186597.7746,471,2010,223,62.32119726803813
2010-11-16,2010-11-15,Prod. Sold Swine or Pork Market Formula,154533,65.04,207.66,65.04,32090322.78,2087154593.6112003,53575182.09,3479708076.7455006,472,2010,224,64.98371402590323
2010-11-16,2010-11-15,Prod. Sold Negotiated,16040,64.75,201.5,64.75,3232060.0,209275885.0,8148931.710000002,510449082.3144001,472,2010,224,63.239213739344684
2010-11-17,2010-11-16,Prod. Sold Swine or Pork Market Formula,146792,64.76,207.81,64.76,30504845.52,1975493795.8752,32090322.78,2087154593.6112003,473,2010,225,64.90354606948793
2010-11-17,2010-11-16,Prod. Sold Negotiated,19255,64.74,201.55,64.74,3880845.25,251245921.485,3232060.0,209275885.0,473,2010,225,64.74454393793592
2010-11-18,2010-11-17,Prod. Sold Swine or Pork Market Formula,149633,64.83,208.15,64.83,31146108.95,2019202243.2285,30504845.52,1975493795.8752,474,2010,226,64.79536405308308
2010-11-18,2010-11-17,Prod. Sold Negotiated,15315,64.09,202.81,64.09,3106035.15,199065792.7635,3880845.25,251245921.485,474,2010,226,64.45104087490891
2010-11-19,2010-11-18,Prod. Sold Swine or Pork Market Formula,148077,64.14,207.68,64.14,30752631.36,1972473775.4304,31146108.95,2019202243.2285,475,2010,227,64.48719309420305
2010-11-19,2010-11-18,Prod. Sold Negotiated,14327,63.48,201.07,63.48,2880729.89,182868733.4172,3106035.15,199065792.7635,475,2010,227,63.7964783366043
2010-11-22,2010-11-19,Prod. Sold Swine or Pork Market Formula,230119,63.53,209.41,63.53,48189219.79,3061461133.2587,30752631.36,1972473775.4304,481,2010,228,63.767631938652606
2010-11-22,2010-11-19,Prod. Sold Negotiated,34399,63.38,206.38,63.38,7099265.62,449951454.9956,2880729.89,182868733.4172,481,2010,228,63.4088650419443
2010-11-23,2010-11-22,Prod. Sold Negotiated,10925,62.87,202.5,62.87,2212312.5,139088086.875,7099265.62,449951454.9956,482,2010,229,63.25883048818796
2010-11-23,2010-11-22,Prod. Sold Swine or Pork Market Formula,152360,63.26,208.1,63.26,31706116.0,2005728898.16,48189219.79,3061461133.2587,482,2010,229,63.42285167606653
2010-11-24,2010-11-23,Prod. Sold Negotiated,11011,61.1,197.17,61.1,2171038.87,132650474.957,2212312.5,139088086.875,483,2010,230,61.99333315868768
2010-11-24,2010-11-23,Prod. Sold Swine or Pork Market Formula,153027,63.95,207.88,63.95,31811252.76,2034329614.002,31706116.0,2005728898.16,483,2010,230,63.60557105926942
2010-11-26,2010-11-24,Prod. Sold Negotiated,11581,62.49,199.07,62.49,2305429.67,144066300.0783,2171038.87,132650474.957,485,2010,231,61.815865020085695
2010-11-26,2010-11-24,Prod. Sold Swine or Pork Market Formula,150016,64.74,208.25,64.74,31240832.0,2022531463.68,31811252.76,2034329614.002,485,2010,231,64.34142650673553
2010-11-29,2010-11-26,Prod. Sold Negotiated,33785,62.91,207.04,62.91,6994846.4,440045787.0239999,2305429.67,144066300.0783,491,2010,232,62.805886911946246
2010-11-29,2010-11-26,Prod. Sold Swine or Pork Market Formula,296469,65.63,210.06,65.63,62276278.14,4087192134.3282,31240832.0,2022531463.68,491,2010,232,65.33268178263448
2010-11-30,2010-11-29,Prod. Sold Negotiated,15499,64.98,202.62,64.98,3140407.38,204063671.5524,6994846.4,440045787.0239999,492,2010,233,63.55138929499997
2010-11-30,2010-11-29,Prod. Sold Swine or Pork Market Formula,145524,66.19,207.5,66.19,30196230.0,1998688463.7,62276278.14,4087192134.3282,492,2010,233,65.81286395751697
2010-12-01,2010-11-30,Prod. Sold Negotiated,18255,65.57,204.72,65.57,3737163.6,245045817.252,3140407.38,204063671.5524,493,2010,234,65.30059669473596
2010-12-01,2010-11-30,Prod. Sold Swine or Pork Market Formula,161011,67.15,208.95,67.15,33643248.45,2259144133.4175,30196230.0,1998688463.7,493,2010,234,66.6959176436928
2010-12-02,2010-12-01,Prod. Sold Swine or Pork Market Formula,154712,67.77,208.59,67.77,32271376.08,2187031156.9416,33643248.45,2259144133.4175,494,2010,235,67.4535480109652
2010-12-02,2010-12-01,Prod. Sold Negotiated,13751,67.31,200.66,67.31,2759275.66,185726844.6746,3737163.6,245045817.252,494,2010,235,66.3090417205871
2010-12-03,2010-12-02,Prod. Sold Swine or Pork Market Formula,151398,68.56,208.86,68.56,31620986.28,2167934819.3568,32271376.08,2187031156.9416,495,2010,236,68.16097911297203
2010-12-03,2010-12-02,Prod. Sold Negotiated,14494,67.54,202.04,67.54,2928367.76,197781958.5104,2759275.66,185726844.6746,495,2010,236,67.42841891888504
2010-12-06,2010-12-03,Prod. Sold Negotiated,35035,66.77,208.17,66.77,7293235.949999998,486969364.3815,2928367.76,197781958.5104,501,2010,237,66.99059583204092
2010-12-06,2010-12-03,Prod. Sold Swine or Pork Market Formula,223312,68.56,209.62,68.56,46810661.44,3209338948.3264,31620986.28,2167934819.3568,501,2010,237,68.56
2010-12-07,2010-12-06,Prod. Sold Swine or Pork Market Formula,150632,68.48,208.44,68.48,31397734.08,2150116829.7984,46810661.44,3209338948.3264,502,2010,238,68.52788300399594
2010-12-07,2010-12-06,Prod. Sold Negotiated,19560,67.86,203.58,67.86,3982024.8,270220202.92800003,7293235.949999998,486969364.3815,502,2010,238,67.15494959258481
2010-12-08,2010-12-07,Prod. Sold Swine or Pork Market Formula,162763,68.5,207.82,68.5,33825406.66,2317040356.21,31397734.08,2150116829.7984,503,2010,239,68.49037221031561
2010-12-08,2010-12-07,Prod. Sold Negotiated,17939,67.4,203.34,67.4,3647716.26,245856075.924,3982024.8,270220202.92800003,503,2010,239,67.64007779472401
2010-12-09,2010-12-08,Prod. Sold Swine or Pork Market Formula,161575,68.58,208.7,68.58,33720702.5,2312565777.45,33825406.66,2317040356.21,504,2010,240,68.5399379954456
2010-12-09,2010-12-08,Prod. Sold Negotiated,13426,67.28,199.96,67.28,2684662.96,180624123.9488,3647716.26,245856075.924,504,2010,240,67.3491250375242
2010-12-10,2010-12-09,Prod. Sold Swine or Pork Market Formula,159297,68.91,209.83,68.91,33425289.51,2303336700.1341,33720702.5,2312565777.45,505,2010,241,68.74427407218374
2010-12-10,2010-12-09,Prod. Sold Negotiated,18564,67.65,201.98,67.65,3749556.72,253657512.108,2684662.96,180624123.9488,505,2010,241,67.49561837416158
2010-12-13,2010-12-10,Prod. Sold Swine or Pork Market Formula,219023,69.46,208.97,69.46,45769236.31,3179131154.0926,33425289.51,2303336700.1341,511,2010,242,69.22786388907379
2010-12-13,2010-12-10,Prod. Sold Negotiated,28574,67.48,206.45,67.48,5899102.3,398071423.204,3749556.72,253657512.108,511,2010,242,67.54606354738817
2010-12-14,2010-12-13,Prod. Sold Swine or Pork Market Formula,163400,69.11,207.97,69.11,33982298.0,2348516614.78,45769236.31,3179131154.0926,512,2010,243,69.31086425730986
2010-12-14,2010-12-13,Prod. Sold Negotiated,17487,68.03,203.08,68.03,3551259.9600000004,241592215.0788,5899102.3,398071423.204,512,2010,243,67.68667916469903
2010-12-15,2010-12-14,Prod. Sold Negotiated,16639,67.9,202.79,67.9,3374222.81,229109728.799,3551259.9600000004,241592215.0788,513,2010,244,67.96666160470427
2010-12-15,2010-12-14,Prod. Sold Swine or Pork Market Formula,167066,68.95,207.93,68.95,34738033.38,2395187401.551,33982298.0,2348516614.78,513,2010,244,69.0291202191668
2010-12-16,2010-12-15,Prod. Sold Swine or Pork Market Formula,166690,69.15,208.56,69.15,34764866.4,2403990511.56,34738033.38,2395187401.551,514,2010,245,69.05003860705105
2010-12-16,2010-12-15,Prod. Sold Negotiated,9918,67.31,202.92,67.31,2012560.56,135465451.2936,3374222.81,229109728.799,514,2010,245,67.67956961532686
2010-12-17,2010-12-16,Prod. Sold Negotiated,14508,68.11,201.52,68.11,2923652.16,199129948.6176,2012560.56,135465451.2936,515,2010,246,67.78382920078047
2010-12-17,2010-12-16,Prod. Sold Swine or Pork Market Formula,157419,69.3,208.26,69.3,32784080.94,2271936809.142,34764866.4,2403990511.56,515,2010,246,69.22280072206377
2010-12-20,2010-12-17,Prod. Sold Negotiated,30442,68.41,202.16,68.41,6154154.72,421005724.3952,2923652.16,199129948.6176,521,2010,247,68.31338022612793
2010-12-20,2010-12-17,Prod. Sold Swine or Pork Market Formula,241309,69.43,208.77,69.43,50378079.93,3497750089.5399003,32784080.94,2271936809.142,521,2010,247,69.37875156588508
2010-12-21,2010-12-20,Prod. Sold Negotiated,8360,68.63,195.92,68.63,1637891.2,112408473.056,6154154.72,421005724.3952,522,2010,248,68.45624408886952
2010-12-21,2010-12-20,Prod. Sold Swine or Pork Market Formula,153008,69.2,207.38,69.2,31730799.04,2195771293.568,50378079.93,3497750089.5399003,522,2010,248,69.34111699647165
2010-12-22,2010-12-21,Prod. Sold Negotiated,11716,67.89,197.07,67.89,2308872.12,156749328.2268,1637891.2,112408473.056,523,2010,249,68.19709707923401
2010-12-22,2010-12-21,Prod. Sold Swine or Pork Market Formula,166661,69.44,207.47,69.44,34577157.67,2401037828.6048,31730799.04,2195771293.568,523,2010,249,69.32515116213118
2010-12-23,2010-12-22,Prod. Sold Negotiated,11081,67.4,200.43,67.4,2220964.83,149693029.54200003,2308872.12,156749328.2268,524,2010,250,67.64975453891337
2010-12-23,2010-12-22,Prod. Sold Swine or Pork Market Formula,159035,69.46,207.46,69.45999999999998,32993401.1,2291721640.406,34577157.67,2401037828.6048,524,2010,250,69.44976561440382
2010-12-27,2010-12-23,Prod. Sold Negotiated,10420,68.25,197.89,68.25,2062013.8,140732441.85,2220964.83,149693029.54200003,531,2010,251,67.8092272881595
2010-12-27,2010-12-23,Prod. Sold Swine or Pork Market Formula,155546,69.64,209.09,69.64,32523113.14,2264909599.0696,32993401.1,2291721640.406,531,2010,251,69.54935396568496
2010-12-28,2010-12-27,Prod. Sold Swine or Pork Market Formula,153577,70.06,209.19,70.06,32126772.63,2250801690.4578,32523113.14,2264909599.0696,532,2010,252,69.84871258075543
2010-12-28,2010-12-27,Prod. Sold Negotiated,14444,69.63,200.69,69.63,2898766.36,201841101.6468,2062013.8,140732441.85,532,2010,252,69.05638477170493
2010-12-29,2010-12-28,Prod. Sold Swine or Pork Market Formula,168020,70.73,208.12,70.73,34968322.4,2473309443.352,32126772.63,2250801690.4578,533,2010,253,70.40918761196366
2010-12-29,2010-12-28,Prod. Sold Negotiated,13576,69.43,200.24,69.43,2718458.24,188742555.60320005,2898766.36,201841101.6468,533,2010,253,69.53320991473262
2010-12-30,2010-12-29,Prod. Sold Swine or Pork Market Formula,170842,71.86,208.46,71.86,35613723.32,2559202157.7752,34968322.4,2473309443.352,534,2010,254,71.30016634954514
2010-12-30,2010-12-29,Prod. Sold Negotiated,12806,69.91,201.62,69.91,2581945.72,180503825.2852,2718458.24,188742555.60320005,534,2010,254,69.66381877210733
2011-01-03,2010-12-30,Prod. Sold Swine or Pork Market Formula,167894,72.46,209.51,72.46,35175471.94,2548814696.7723994,35613723.32,2559202157.7752,21,2011,1,72.15814271918876
2011-01-03,2010-12-30,Prod. Sold Negotiated,11849,71.54,199.4,71.54,2362690.6,169026885.52400002,2581945.72,180503825.2852,21,2011,1,70.68886126072059
2011-01-04,2011-01-03,Prod. Sold Swine or Pork Market Formula,151956,72.56,209.96,72.56,31904681.76,2315003708.5056,35175471.94,2548814696.7723994,22,2011,2,72.5075620284096
2011-01-04,2011-01-03,Prod. Sold Negotiated,18086,72.39,207.31,72.39,3749408.66,271419692.8974,2362690.6,169026885.52400002,22,2011,2,72.06142434627282
2011-01-05,2011-01-04,Prod. Sold Swine or Pork Market Formula,153189,72.29,209.06,72.29,32025692.34,2315137299.2586,31904681.76,2315003708.5056,23,2011,3,72.42474446531041
2011-01-05,2011-01-04,Prod. Sold Negotiated,15048,71.77,205.28,71.77,3089053.44,221701365.3888,3749408.66,271419692.8974,23,2011,3,72.10993511043954
2011-01-06,2011-01-05,Prod. Sold Negotiated,16621,72.14,204.11,72.14,3392512.31,244735838.0434,3089053.44,221701365.3888,24,2011,4,71.96366147056365
2011-01-06,2011-01-05,Prod. Sold Swine or Pork Market Formula,155564,73.1,209.65,73.1,32613992.6,2384082859.06,32025692.34,2315137299.2586,24,2011,4,72.69868599577057
2011-01-07,2011-01-06,Prod. Sold Negotiated,16995,71.93,205.55,71.93,3493322.25,251274669.44250005,3392512.31,244735838.0434,25,2011,5,72.03346277984059
2011-01-07,2011-01-06,Prod. Sold Swine or Pork Market Formula,149092,73.25,210.7,73.25,31413684.4,2301052382.3,32613992.6,2384082859.06,25,2011,5,73.17359399685857
2011-01-10,2011-01-07,Prod. Sold Swine or Pork Market Formula,187340,73.03,211.79,73.03,39676738.6,2897592219.958,31413684.4,2301052382.3,31,2011,6,73.1272143683545
2011-01-10,2011-01-07,Prod. Sold Negotiated,29147,71.63,209.77,71.63,6114166.19,437957724.1897,3493322.25,251274669.44250005,31,2011,6,71.73908123195201
2011-01-11,2011-01-10,Prod. Sold Negotiated,15521,72.7,203.63,72.7,3160541.23,229771347.421,6114166.19,437957724.1897,32,2011,7,71.9946238056855
2011-01-11,2011-01-10,Prod. Sold Swine or Pork Market Formula,141853,73.1,210.57,73.1,29869986.21,2183495991.951,39676738.6,2897592219.958,32,2011,7,73.06006466573965
2011-01-12,2011-01-11,Prod. Sold Negotiated,13247,72.56,199.98,72.56,2649135.06,192221239.9536,3160541.23,229771347.421,33,2011,8,72.6361618634349
2011-01-12,2011-01-11,Prod. Sold Swine or Pork Market Formula,151123,73.53,209.77,73.53,31701071.71,2330979802.8363,29869986.21,2183495991.951,33,2011,8,73.32139396813697
2011-01-13,2011-01-12,Prod. Sold Swine or Pork Market Formula,166444,73.72,210.25,73.72,34994851.0,2579820415.72,31701071.71,2330979802.8363,34,2011,9,73.6296915766337
2011-01-13,2011-01-12,Prod. Sold Negotiated,12085,72.67,197.91,72.67,2391742.35,173807916.57450002,2649135.06,192221239.9536,34,2011,9,72.61219163988756
2011-01-14,2011-01-13,Prod. Sold Swine or Pork Market Formula,159089,74.49,209.88,74.49,33389599.32,2487191253.3468,34994851.0,2579820415.72,35,2011,10,74.09596253762503
2011-01-14,2011-01-13,Prod. Sold Negotiated,15657,72.9,205.43,72.9,3216417.51,234476836.47900003,2391742.35,173807916.57450002,35,2011,10,72.80191065265034
2011-01-17,2011-01-14,Prod. Sold Swine or Pork Market Formula,172776,74.54,211.48,74.54,36538668.48,2723592348.4992,33389599.32,2487191253.3468,41,2011,11,74.51612582123764
2011-01-17,2011-01-14,Prod. Sold Negotiated,23315,73.55,206.44,73.55,4813148.6,354007079.53,3216417.51,234476836.47900003,41,2011,11,73.28962834942025
2011-01-18,2011-01-17,Prod. Sold Negotiated,15506,74.6,204.27,74.6,3167410.62,236288832.252,4813148.6,354007079.53,42,2011,12,73.96673535141062
2011-01-18,2011-01-17,Prod. Sold Swine or Pork Market Formula,135575,75.24,209.12,75.24,28351444.0,2133162646.56,36538668.48,2723592348.4992,42,2011,12,74.84584028970694
2011-01-19,2011-01-18,Prod. Sold Swine or Pork Market Formula,156313,75.79,208.9,75.79,32653785.7,2474830418.203,28351444.0,2133162646.56,43,2011,13,75.53439414003222
2011-01-19,2011-01-18,Prod. Sold Negotiated,12923,74.42,201.31,74.42,2601529.13,193605797.8546,3167410.62,236288832.252,43,2011,13,74.51882819656765
2011-01-20,2011-01-19,Prod. Sold Swine or Pork Market Formula,159483,76.1,209.39,76.1,33394145.37,2541294462.657,32653785.7,2474830418.203,44,2011,14,75.94673746167354
2011-01-20,2011-01-19,Prod. Sold Negotiated,13845,74.19,202.15,74.19,2798766.75,207640505.1825,2601529.13,193605797.8546,44,2011,14,74.30079979934358
2011-01-21,2011-01-20,Prod. Sold Swine or Pork Market Formula,157554,76.46,209.33,76.46,32980778.82,2521710348.5772,33394145.37,2541294462.657,45,2011,15,76.27887900468576
2011-01-21,2011-01-20,Prod. Sold Negotiated,14344,74.8,202.11,74.8,2899065.8400000003,216850124.832,2798766.75,207640505.1825,45,2011,15,74.5003689226503
2011-01-24,2011-01-21,Prod. Sold Negotiated,27417,75.43,206.15,75.43,5652014.55,426331457.5065,2899065.8400000003,216850124.832,51,2011,16,75.21641161164432
2011-01-24,2011-01-21,Prod. Sold Swine or Pork Market Formula,201421,76.73,210.19,76.73,42336679.99,3248493455.6327004,32980778.82,2521710348.5772,51,2011,16,76.61176963984056
2011-01-25,2011-01-24,Prod. Sold Negotiated,19024,76.62,204.56,76.62,3891549.44,298170518.0928,5652014.55,426331457.5065,52,2011,17,75.91524260312525
2011-01-25,2011-01-24,Prod. Sold Swine or Pork Market Formula,152931,76.96,209.01,76.96,31964108.31,2459957775.5376,42336679.99,3248493455.6327004,52,2011,17,76.82894571887469
2011-01-26,2011-01-25,Prod. Sold Swine or Pork Market Formula,155331,77.45,208.24,77.45,32346127.44,2505207570.228,31964108.31,2459957775.5376,53,2011,18,77.20645536221036
2011-01-26,2011-01-25,Prod. Sold Negotiated,17179,76.54,202.16,76.54,3472906.64,265816274.22560003,3891549.44,298170518.0928,53,2011,18,76.58227385591252
2011-01-27,2011-01-26,Prod. Sold Negotiated,11853,76.23,203.15,76.23,2407936.95,183557033.69850004,3472906.64,265816274.22560003,54,2011,19,76.4130691535872
2011-01-27,2011-01-26,Prod. Sold Swine or Pork Market Formula,160040,78.16,208.9,78.16,33432356.0,2613072944.96,32346127.44,2505207570.228,54,2011,19,77.81086226861177
2011-01-28,2011-01-27,Prod. Sold Swine or Pork Market Formula,166862,78.69,208.73,78.69,34829105.26,2740702292.9094,33432356.0,2613072944.96,55,2011,20,78.4304223649343
2011-01-28,2011-01-27,Prod. Sold Negotiated,13862,77.42,202.66,77.42,2809272.92,217493909.4664,2407936.95,183557033.69850004,55,2011,20,76.8707706145814
2011-01-31,2011-01-28,Prod. Sold Negotiated,26347,78.51,205.6,78.51,5416943.2,425284210.632,2809272.92,217493909.4664,61,2011,21,78.13776233469538
2011-01-31,2011-01-28,Prod. Sold Swine or Pork Market Formula,191622,79.7,209.55,79.7,40154390.1,3200304890.9700003,34829105.26,2740702292.9094,61,2011,21,79.2308648103998
2011-02-01,2011-01-31,Prod. Sold Swine or Pork Market Formula,148526,80.59,209.27,80.59,31082036.020000003,2504901282.8518004,40154390.1,3200304890.9700003,62,2011,22,80.08832678117794
2011-02-01,2011-01-31,Prod. Sold Negotiated,18478,80.54,204.97,80.54,3787435.66,305040068.05640006,5416943.2,425284210.632,62,2011,22,79.34530833603692
2011-02-02,2011-02-01,Prod. Sold Swine or Pork Market Formula,123642,81.45,207.97,81.45,25713826.74,2094391187.973,31082036.020000003,2504901282.8518004,63,2011,23,80.97935742713948
2011-02-02,2011-02-01,Prod. Sold Negotiated,4712,79.11,205.59,79.11,968740.08,76637027.7288,3787435.66,305040068.05640006,63,2011,23,80.24873693695768
2011-02-03,2011-02-02,Prod. Sold Negotiated,8867,80.59,209.33,80.59,1856129.11,149585444.9749,968740.08,76637027.7288,64,2011,24,80.08245957176517
2011-02-03,2011-02-02,Prod. Sold Swine or Pork Market Formula,114183,81.72,207.75,81.72,23721518.25,1938522471.39,25713826.74,2094391187.973,64,2011,24,81.57955932498896
2011-02-04,2011-02-03,Prod. Sold Negotiated,15805,82.2,198.88,82.2,3143298.4,258379128.48,1856129.11,149585444.9749,65,2011,25,81.60225798631491
2011-02-04,2011-02-03,Prod. Sold Swine or Pork Market Formula,152507,81.8,209.3,81.8,31919715.1,2611032695.18,23721518.25,1938522471.39,65,2011,25,81.76589361260086
2011-02-07,2011-02-04,Prod. Sold Swine or Pork Market Formula,219866,82.23,210.8,82.23,46347752.8,3811175712.744,31919715.1,2611032695.18,71,2011,26,82.05463368419511
2011-02-07,2011-02-04,Prod. Sold Negotiated,22328,81.95,209.7,81.95,4682181.6,383704782.12,3143298.4,258379128.48,71,2011,26,82.05041870913989
2011-02-08,2011-02-07,Prod. Sold Swine or Pork Market Formula,162831,83.52,209.38,83.52,34093554.78,2847493695.2256,46347752.8,3811175712.744,72,2011,27,82.77674255042983
2011-02-08,2011-02-07,Prod. Sold Negotiated,17179,82.88,204.69,82.88,3516369.51,291436704.9888,4682181.6,383704782.12,72,2011,27,82.34887824085298
2011-02-09,2011-02-08,Prod. Sold Negotiated,14627,84.16,200.75,84.16,2936370.25,247124920.24,3516369.51,291436704.9888,73,2011,28,83.4624741210391
2011-02-09,2011-02-08,Prod. Sold Swine or Pork Market Formula,155683,84.12,209.09,84.12,32551758.47,2738253922.4964,34093554.78,2847493695.2256,73,2011,28,83.8130596936162
2011-02-10,2011-02-09,Prod. Sold Negotiated,13448,84.84,200.52,84.84,2696592.96,228778946.7264,2936370.25,247124920.24,74,2011,29,84.48552728367633
2011-02-10,2011-02-09,Prod. Sold Swine or Pork Market Formula,155215,84.96,208.98,84.96,32436830.7,2755833136.272,32551758.47,2738253922.4964,74,2011,29,84.53925725940482
2011-02-11,2011-02-10,Prod. Sold Negotiated,15775,85.66,202.13,85.66,3188600.75,273135540.245,2696592.96,228778946.7264,75,2011,30,85.28427638984206
2011-02-11,2011-02-10,Prod. Sold Swine or Pork Market Formula,162208,86.01,209.28,86.01,33946890.24,2919772029.5424004,32436830.7,2755833136.272,75,2011,30,85.49694240466297
2011-02-14,2011-02-11,Prod. Sold Negotiated,24485,85.17,204.01,85.17,4995184.85,425439893.6745,3188600.75,273135540.245,81,2011,31,85.3609158479787
2011-02-14,2011-02-11,Prod. Sold Swine or Pork Market Formula,189024,85.87,209.84,85.87,39664796.16,3406016046.2592006,33946890.24,2919772029.5424004,81,2011,31,85.93456263761945
2011-02-15,2011-02-14,Prod. Sold Swine or Pork Market Formula,158610,85.44,209.26,85.44,33190728.6,2835815851.584,39664796.16,3406016046.2592006,82,2011,32,85.67410527073939
2011-02-15,2011-02-14,Prod. Sold Negotiated,17909,85.8,201.95,85.8,3616722.55,310314794.79,4995184.85,425439893.6745,82,2011,32,85.43457962222166
2011-02-16,2011-02-15,Prod. Sold Swine or Pork Market Formula,161721,84.92,208.76,84.92,33760875.96,2866973586.5232,33190728.6,2835815851.584,83,2011,33,85.17778588855974
2011-02-16,2011-02-15,Prod. Sold Negotiated,16333,84.69,203.22,84.69,3319192.26,281102392.4994,3616722.55,310314794.79,83,2011,33,85.26880786319806
2011-02-17,2011-02-16,Prod. Sold Negotiated,12965,84.28,201.44,84.28,2611669.6,220111513.888,3319192.26,281102392.4994,84,2011,34,84.50945549208932
2011-02-17,2011-02-16,Prod. Sold Swine or Pork Market Formula,155713,84.03,208.48,84.03,32463046.24,2727869775.5472,33760875.96,2866973586.5232,84,2011,34,84.4837209305371
2011-02-18,2011-02-17,Prod. Sold Swine or Pork Market Formula,146230,83.56,209.67,83.56,30660044.1,2561953284.996,32463046.24,2727869775.5472,85,2011,35,83.80171236944544
2011-02-18,2011-02-17,Prod. Sold Negotiated,16327,84.33,202.89,84.33,3312585.03,279350295.5799,2611669.6,220111513.888,85,2011,35,84.30795782116813
2011-02-21,2011-02-18,Prod. Sold Swine or Pork Market Formula,183938,82.83,209.82,82.83,38593871.16,3196730348.1828,30660044.1,2561953284.996,91,2011,36,83.15318508071309
2011-02-21,2011-02-18,Prod. Sold Negotiated,20675,83.79,210.85,83.79,4359323.75,365267737.0125001,3312585.03,279350295.5799,91,2011,36,84.02316178118062
2011-02-22,2011-02-21,Prod. Sold Negotiated,10226,80.79,206.69,80.79,2113611.94,170758708.6326,4359323.75,365267737.0125001,92,2011,37,82.81040803065666
2011-02-22,2011-02-21,Prod. Sold Swine or Pork Market Formula,147546,83.0,208.97,83.0,30832687.62,2559113072.46,38593871.16,3196730348.1828,92,2011,37,82.90549786403801
2011-02-23,2011-02-22,Prod. Sold Swine or Pork Market Formula,164363,83.21,208.91,83.21,34337074.33,2857187954.9992995,30832687.62,2559113072.46,93,2011,38,83.11064618610747
2011-02-23,2011-02-22,Prod. Sold Negotiated,11020,81.76,197.8,81.76,2179756.0,178216850.56,2113611.94,170758708.6326,93,2011,38,81.28247195897214
2011-02-24,2011-02-23,Prod. Sold Negotiated,10907,82.02,198.07,82.02,2160349.49,177191865.16979998,2179756.0,178216850.56,94,2011,39,81.88941871313823
2011-02-24,2011-02-23,Prod. Sold Swine or Pork Market Formula,158938,83.65,209.35,83.65,33273670.3,2783342520.5950003,34337074.33,2857187954.9992995,94,2011,39,83.42653976763782
2011-02-25,2011-02-24,Prod. Sold Negotiated,13745,82.38,200.81,82.38,2760133.45,227379793.611,2160349.49,177191865.16979998,95,2011,40,82.22194116189742
2011-02-25,2011-02-24,Prod. Sold Swine or Pork Market Formula,157747,83.75,209.7,83.75,33079545.9,2770411969.125,33273670.3,2783342520.5950003,95,2011,40,83.6998537189219
2011-02-28,2011-02-25,Prod. Sold Negotiated,16511,82.96,204.33,82.96,3373692.6300000004,279881540.5848,2760133.45,227379793.611,101,2011,41,82.6990083481141
2011-02-28,2011-02-25,Prod. Sold Swine or Pork Market Formula,183954,84.24,210.08,84.24,38645056.32,3255459544.3968,33079545.9,2770411969.125,101,2011,41,84.01401091132881
2011-03-01,2011-02-28,Prod. Sold Negotiated,16996,83.81,202.72,83.81,3445429.12,288761414.5472,3373692.6300000004,279881540.5848,102,2011,42,83.38947095819194
2011-03-01,2011-02-28,Prod. Sold Swine or Pork Market Formula,155211,84.45,209.11,84.45,32456172.21,2740923743.1345,38645056.32,3255459544.3968,102,2011,42,84.33586045564914
2011-03-02,2011-03-01,Prod. Sold Swine or Pork Market Formula,153119,84.09,209.11,84.09,32018714.090000004,2692453667.8281,32456172.21,2740923743.1345,103,2011,43,84.2712212888788
2011-03-02,2011-03-01,Prod. Sold Negotiated,17278,83.9,200.43,83.9,3463029.54,290548178.406,3445429.12,288761414.5472,103,2011,43,83.8551146448056
2011-03-03,2011-03-02,Prod. Sold Negotiated,10933,84.25,196.48,84.25,2148115.84,180978759.52,3463029.54,290548178.406,104,2011,44,84.03399056575503
2011-03-03,2011-03-02,Prod. Sold Swine or Pork Market Formula,157947,84.31,208.69,84.31,32961959.43,2779022799.5433,32018714.090000004,2692453667.8281,104,2011,44,84.2015967361029
2011-03-04,2011-03-03,Prod. Sold Negotiated,14936,83.88,199.34,83.88,2977342.24,249739467.0912,2148115.84,180978759.52,105,2011,45,84.03506962468414
2011-03-04,2011-03-03,Prod. Sold Swine or Pork Market Formula,161958,84.43,209.27,84.43,33892950.660000004,2861581824.2238007,32961959.43,2779022799.5433,105,2011,45,84.37083553285353
2011-03-07,2011-03-04,Prod. Sold Swine or Pork Market Formula,169287,84.45,210.37,84.45,35612906.19,3007509927.7455,33892950.660000004,2861581824.2238007,111,2011,46,84.44024745476254
2011-03-07,2011-03-04,Prod. Sold Negotiated,15869,83.98,204.64,83.97999999999999,3247432.16,272719352.7968,2977342.24,249739467.0912,111,2011,46,83.93216947557168
2011-03-08,2011-03-07,Prod. Sold Swine or Pork Market Formula,148030,84.57,209.03,84.57,30942710.9,2616825060.813,35612906.19,3007509927.7455,112,2011,47,84.50578981114364
2011-03-08,2011-03-07,Prod. Sold Negotiated,15430,84.03,201.3,84.03,3106059.0,261002137.77,3247432.16,272719352.7968,112,2011,47,84.0044437185933
2011-03-09,2011-03-08,Prod. Sold Swine or Pork Market Formula,157544,85.14,208.96,85.14,32920394.24,2802842365.5936003,30942710.9,2616825060.813,113,2011,48,84.86382574924387
2011-03-09,2011-03-08,Prod. Sold Negotiated,15366,84.24,201.89,84.24,3102241.74,261332844.1776,3106059.0,261002137.77,113,2011,48,84.13493543929057
2011-03-10,2011-03-09,Prod. Sold Swine or Pork Market Formula,153474,85.97,208.79,85.97,32043836.46,2754808620.4662,32920394.24,2802842365.5936003,114,2011,49,85.54940043428853
2011-03-10,2011-03-09,Prod. Sold Negotiated,15124,84.0,203.1,84.0,3071684.4,258021489.6,3102241.74,261332844.1776,114,2011,49,84.12059393013729
2011-03-11,2011-03-10,Prod. Sold Negotiated,13451,84.84,201.0,84.84,2703651.0,229377750.84,3071684.4,258021489.6,115,2011,50,84.39323548897262
2011-03-11,2011-03-10,Prod. Sold Swine or Pork Market Formula,155856,85.97,210.01,85.97,32731318.56,2813911456.6032,32043836.46,2754808620.4662,115,2011,50,85.97
2011-03-14,2011-03-11,Prod. Sold Negotiated,22853,84.67,205.15,84.67,4688292.95,396957764.0765,2703651.0,229377750.84,121,2011,51,84.73217859241208
2011-03-14,2011-03-11,Prod. Sold Swine or Pork Market Formula,183162,85.18,210.28,85.18,38515305.36,3280733710.5648003,32731318.56,2813911456.6032,121,2011,51,85.54293286951301
2011-03-15,2011-03-14,Prod. Sold Negotiated,17846,85.29,200.1,85.29,3570984.6,304569276.53400004,4688292.95,396957764.0765,122,2011,52,84.9380634521115
2011-03-15,2011-03-14,Prod. Sold Swine or Pork Market Formula,147017,84.78,208.61,84.78,30669216.37,2600136163.8486,38515305.36,3280733710.5648003,122,2011,52,85.00268163107529
2011-03-16,2011-03-15,Prod. Sold Negotiated,16886,84.58,202.19,84.58,3414180.34,288771373.1572,3570984.6,304569276.53400004,123,2011,53,84.94296910492139
2011-03-16,2011-03-15,Prod. Sold Swine or Pork Market Formula,151669,84.62,208.58,84.62,31635120.020000003,2676963856.092401,30669216.37,2600136163.8486,123,2011,53,84.69875976061255
2011-03-17,2011-03-16,Prod. Sold Swine or Pork Market Formula,149259,84.42,208.93,84.42,31184682.87,2632610927.8854003,31635120.020000003,2676963856.092401,124,2011,54,84.52071703050515
2011-03-17,2011-03-16,Prod. Sold Negotiated,13321,84.35,199.48,84.35,2657273.08,224140984.298,3414180.34,288771373.1572,124,2011,54,84.4793366553078
2011-03-18,2011-03-17,Prod. Sold Negotiated,15719,83.85,203.43,83.85,3197716.17,268128500.8545,2657273.08,224140984.298,125,2011,55,84.07692382227685
2011-03-18,2011-03-17,Prod. Sold Swine or Pork Market Formula,153854,83.95,208.68,83.95,32106252.720000003,2695319915.8440003,31184682.87,2632610927.8854003,125,2011,55,84.1815782001367
2011-03-21,2011-03-18,Prod. Sold Negotiated,26120,84.82,208.79,84.82,5453594.8,462573910.93599993,3197716.17,268128500.8545,131,2011,56,84.46146651349652
2011-03-21,2011-03-18,Prod. Sold Swine or Pork Market Formula,167543,83.69,209.36,83.69,35076802.480000004,2935577599.5512004,32106252.720000003,2695319915.8440003,131,2011,56,83.81425195136407
2011-03-22,2011-03-21,Prod. Sold Negotiated,15876,83.75,201.55,83.75,3199807.8000000003,267983903.25000003,5453594.8,462573910.93599993,132,2011,57,84.42434126270746
2011-03-22,2011-03-21,Prod. Sold Swine or Pork Market Formula,147624,83.99,209.08,83.99,30865225.92,2592370325.0208,35076802.480000004,2935577599.5512004,132,2011,57,83.83041982026745
2011-03-23,2011-03-22,Prod. Sold Swine or Pork Market Formula,158853,84.52,208.69,84.52,33151032.57,2801925272.8164,30865225.92,2592370325.0208,133,2011,58,84.26446226437686
2011-03-23,2011-03-22,Prod. Sold Negotiated,13860,84.94,200.68,84.94,2781424.8000000003,236254222.512,3199807.8000000003,267983903.25000003,133,2011,58,84.30338016983323
2011-03-24,2011-03-23,Prod. Sold Swine or Pork Market Formula,152516,84.69,208.77,84.69,31840765.32,2696594414.9508,33151032.57,2801925272.8164,134,2011,59,84.6032863573579
2011-03-24,2011-03-23,Prod. Sold Negotiated,9627,84.56,196.4,84.56,1890742.8,159881211.168,2781424.8000000003,236254222.512,134,2011,59,84.78622078540161
2011-03-25,2011-03-24,Prod. Sold Negotiated,14303,84.51,202.57,84.51,2897358.71,244855784.5821,1890742.8,159881211.168,135,2011,60,84.52974418040273
2011-03-25,2011-03-24,Prod. Sold Swine or Pork Market Formula,158102,84.81,209.22,84.81,33078100.44,2805353698.3164,31840765.32,2696594414.9508,135,2011,60,84.7511435829374
2011-03-28,2011-03-25,Prod. Sold Negotiated,22963,86.51,204.34,86.51,4692259.42,405927362.4242,2897358.71,244855784.5821,141,2011,61,85.74649420553916
2011-03-28,2011-03-25,Prod. Sold Swine or Pork Market Formula,171695,85.62,209.3,85.62,35935763.5,3076820070.8700004,33078100.44,2805353698.3164,141,2011,61,85.23176987018589
2011-03-29,2011-03-28,Prod. Sold Negotiated,14129,86.8,199.02,86.8,2811953.58,244077570.744,4692259.42,405927362.4242,142,2011,62,86.61866782941797
2011-03-29,2011-03-28,Prod. Sold Swine or Pork Market Formula,151104,86.56,209.12,86.56,31598868.48,2735198055.6288,35935763.5,3076820070.8700004,142,2011,62,86.05981784604965
2011-03-30,2011-03-29,Prod. Sold Negotiated,15536,88.21,201.57,88.21,3131591.52,276237687.9792,2811953.58,244077570.744,143,2011,63,87.54291419832921
2011-03-30,2011-03-29,Prod. Sold Swine or Pork Market Formula,153546,87.79,208.43,87.79,32003592.78,2809595410.1562004,31598868.48,2735198055.6288,143,2011,63,87.17891345617085
2011-03-31,2011-03-30,Prod. Sold Negotiated,12374,88.56,200.61,88.56,2482348.14,219836751.2784,3131591.52,276237687.9792,144,2011,64,88.36476152249915
2011-03-31,2011-03-30,Prod. Sold Swine or Pork Market Formula,164338,88.19,209.24,88.19,34386083.120000005,3032508670.3528004,32003592.78,2809595410.1562004,144,2011,64,87.99717729167284
2011-04-01,2011-03-31,Prod. Sold Negotiated,21442,88.99,204.72,88.99,4389606.24,390631059.2976,2482348.14,219836751.2784,145,2011,65,88.834671596874
2011-04-01,2011-03-31,Prod. Sold Swine or Pork Market Formula,157762,89.01,208.78,89.01,32937550.36,2931771357.5436,34386083.120000005,3032508670.3528004,145,2011,65,88.59117845545612
2011-04-04,2011-04-01,Prod. Sold Swine or Pork Market Formula,163047,89.75,210.08,89.75,34252913.760000005,3074199009.9600005,32937550.36,2931771357.5436,151,2011,66,89.38724335609784
2011-04-04,2011-04-01,Prod. Sold Negotiated,23346,91.39,207.49,91.39,4844061.54,442698784.1406,4389606.24,390631059.2976,151,2011,66,90.2490606433969
2011-04-05,2011-04-04,Prod. Sold Negotiated,17165,92.19,204.72,92.19,3514018.8,323957393.172,4844061.54,442698784.1406,152,2011,67,91.72634697509977
2011-04-05,2011-04-04,Prod. Sold Swine or Pork Market Formula,140275,90.26,208.8,90.26,29289420.0,2643663049.2000003,34252913.760000005,3074199009.9600005,152,2011,67,89.9850811390784
2011-04-06,2011-04-05,Prod. Sold Negotiated,14116,92.97,201.56,92.97,2845220.96,264520192.6512,3514018.8,323957393.172,153,2011,68,92.53898390885642
2011-04-06,2011-04-05,Prod. Sold Swine or Pork Market Formula,149305,90.79,207.43,90.79,30970336.15,2811796819.0585003,29289420.0,2643663049.2000003,153,2011,68,90.53239204418023
2011-04-07,2011-04-06,Prod. Sold Swine or Pork Market Formula,156264,90.89,208.98,90.89,32656050.72,2968108449.9408,30970336.15,2811796819.0585003,154,2011,69,90.84132469770242
2011-04-07,2011-04-06,Prod. Sold Negotiated,13108,93.5,199.26,93.5,2611900.08,244212657.48,2845220.96,264520192.6512,154,2011,69,93.2236698439073
2011-04-08,2011-04-07,Prod. Sold Negotiated,16248,94.13,200.06,94.13,3250574.88,305976613.4544,2611900.08,244212657.48,155,2011,70,93.8493170015007
2011-04-08,2011-04-07,Prod. Sold Swine or Pork Market Formula,154355,91.09,208.92,91.09,32247846.6,2937456346.794,32656050.72,2968108449.9408,155,2011,70,90.9893710637776
2011-04-11,2011-04-08,Prod. Sold Swine or Pork Market Formula,147327,91.43,209.52,91.43,30867953.040000003,2822256946.4472003,32247846.6,2937456346.794,161,2011,71,91.25628330930546
2011-04-11,2011-04-08,Prod. Sold Negotiated,19116,95.22,204.89,95.22,3916677.24,372946006.7928,3250574.88,305976613.4544,161,2011,71,94.72565062315681
2011-04-12,2011-04-11,Prod. Sold Swine or Pork Market Formula,144535,92.02,207.8,92.02,30034373.0,2763763003.46,30867953.040000003,2822256946.4472003,162,2011,72,91.72096228702925
2011-04-12,2011-04-11,Prod. Sold Negotiated,18800,94.71,203.76,94.71,3830688.0,362804460.48,3916677.24,372946006.7928,162,2011,72,94.9678302855901
2011-04-13,2011-04-12,Prod. Sold Swine or Pork Market Formula,153720,92.55,207.38,92.55,31878453.6,2950350880.68,30034373.0,2763763003.46,163,2011,73,92.29289305521709
2011-04-13,2011-04-12,Prod. Sold Negotiated,15782,95.61,201.93,95.61,3186859.26,304695613.84860003,3830688.0,362804460.48,163,2011,73,95.11871450205238
2011-04-14,2011-04-13,Prod. Sold Swine or Pork Market Formula,161371,93.42,207.71,93.42,33518370.41,3131286163.7022,31878453.6,2950350880.68,164,2011,74,92.99590823328424
2011-04-14,2011-04-13,Prod. Sold Negotiated,13213,95.85,198.5,95.85,2622780.5,251393510.925,3186859.26,304695613.84860003,164,2011,74,95.7183487696318
2011-04-15,2011-04-14,Prod. Sold Swine or Pork Market Formula,149876,93.9,209.31,93.9,31370545.56,2945694228.084,33518370.41,3131286163.7022,165,2011,75,93.65205599359622
2011-04-15,2011-04-14,Prod. Sold Negotiated,17404,95.18,201.52,95.18000000000002,3507254.08,333820443.33440006,2622780.5,251393510.925,165,2011,75,95.46666444080647
2011-04-18,2011-04-15,Prod. Sold Swine or Pork Market Formula,153598,93.8,208.5,93.8,32025183.0,3003962165.4,31370545.56,2945694228.084,171,2011,76,93.84948368963107
2011-04-18,2011-04-15,Prod. Sold Negotiated,14872,95.26,200.34,95.26,2979456.48,283823024.2848,3507254.08,333820443.33440006,171,2011,76,95.21674536056376
2011-04-19,2011-04-18,Prod. Sold Swine or Pork Market Formula,141177,94.22,208.62,94.22,29452345.74,2775000015.6228004,32025183.0,3003962165.4,172,2011,77,94.00121149083779
2011-04-19,2011-04-18,Prod. Sold Negotiated,14892,96.55,200.17,96.55,2980931.64,287808949.84199995,2979456.48,283823024.2848,172,2011,77,95.9051596335978
2011-04-20,2011-04-19,Prod. Sold Swine or Pork Market Formula,151777,94.43,207.57,94.43,31504351.89,2974955948.9727,29452345.74,2775000015.6228004,173,2011,78,94.32853465089364
2011-04-20,2011-04-19,Prod. Sold Negotiated,14038,95.66,202.3,95.66,2839887.4000000004,271663628.684,2980931.64,287808949.84199995,173,2011,78,96.1157827930002
2011-04-21,2011-04-20,Prod. Sold Swine or Pork Market Formula,153319,94.76,208.23,94.76,31925615.37,3025271312.4612,31504351.89,2974955948.9727,174,2011,79,94.59609583020774
2011-04-21,2011-04-20,Prod. Sold Negotiated,16567,95.98,200.42,95.98,3320358.14,318687974.2772,2839887.4000000004,271663628.684,174,2011,79,95.83247926205229
2011-04-22,2011-04-21,Prod. Sold Negotiated,15026,95.03,208.77,95.03,3136978.02,298107021.2406,3320358.14,318687974.2772,175,2011,80,95.5184893948281
2011-04-22,2011-04-21,Prod. Sold Swine or Pork Market Formula,156782,95.09,208.62,95.09,32707860.84,3110190487.2756,31925615.37,3025271312.4612,175,2011,80,94.9269969605554
2011-04-25,2011-04-22,Prod. Sold Swine or Pork Market Formula,100375,94.47,210.73,94.47,21152023.75,1998231683.6625,32707860.84,3110190487.2756,181,2011,81,94.846511644523
2011-04-25,2011-04-22,Prod. Sold Negotiated,13909,95.84,211.65,95.84,2943839.85,282137611.22400004,3136978.02,298107021.2406,181,2011,81,95.42213644109687
2011-04-26,2011-04-25,Prod. Sold Negotiated,15907,96.39,203.59,96.39,3238506.13,312159605.8707,2943839.85,282137611.22400004,182,2011,82,96.12810719705145
2011-04-26,2011-04-25,Prod. Sold Swine or Pork Market Formula,90848,94.21,210.22,94.21,19098066.56,1799228850.6175995,21152023.75,1998231683.6625,182,2011,82,94.34663388411411
2011-04-27,2011-04-26,Prod. Sold Negotiated,15766,95.43,200.55,95.43,3161871.3000000003,301737378.15900004,3238506.13,312159605.8707,183,2011,83,95.91574727331354
2011-04-27,2011-04-26,Prod. Sold Swine or Pork Market Formula,143759,93.78,208.3,93.78,29944999.700000003,2808242071.866,19098066.56,1799228850.6175995,183,2011,83,93.94744810728723
2011-04-28,2011-04-27,Prod. Sold Negotiated,15516,95.59,204.86,95.59,3178607.76,303843115.77840006,3161871.3000000003,301737378.15900004,184,2011,84,95.51021116965885
2011-04-28,2011-04-27,Prod. Sold Swine or Pork Market Formula,149711,94.0,208.09,94.0,31153361.99,2928416027.0600004,29944999.700000003,2808242071.866,184,2011,84,93.89217550599103
2011-04-29,2011-04-28,Prod. Sold Negotiated,17175,96.14,203.11,96.14,3488414.2500000005,335376145.99500006,3178607.76,303843115.77840006,185,2011,85,95.87777883658134
2011-04-29,2011-04-28,Prod. Sold Swine or Pork Market Formula,150730,94.04,208.65,94.04,31449814.5,2957540555.5800004,31153361.99,2928416027.0600004,185,2011,85,94.02009470845624
2011-05-02,2011-04-29,Prod. Sold Negotiated,19962,95.38,205.96,95.38,4111373.52,392142806.3376,3488414.2500000005,335376145.99500006,191,2011,86,95.72885116666883
2011-05-02,2011-04-29,Prod. Sold Swine or Pork Market Formula,158787,93.94,207.73,93.94,32984823.51,3098594320.5294,31449814.5,2957540555.5800004,191,2011,86,93.9888088634798
2011-05-03,2011-05-02,Prod. Sold Swine or Pork Market Formula,133386,93.7,207.93,93.7,27734950.98,2598764906.826,32984823.51,3098594320.5294,192,2011,87,93.83037528068724
2011-05-03,2011-05-02,Prod. Sold Negotiated,16540,94.84,204.56,94.84,3383422.4,320883780.416,4111373.52,392142806.3376,192,2011,87,95.13622443686232
2011-05-04,2011-05-03,Prod. Sold Negotiated,15837,93.34,201.34,93.34,3188621.58,297625938.27720004,3383422.4,320883780.416,193,2011,88,94.11223062040433
2011-05-04,2011-05-03,Prod. Sold Swine or Pork Market Formula,142187,92.68,207.74,92.68,29537927.380000003,2737575109.5784006,27734950.98,2598764906.826,193,2011,88,93.1739449667918
2011-05-05,2011-05-04,Prod. Sold Negotiated,14266,93.97,199.67,93.97,2848492.22,267672813.9134,3188621.58,297625938.27720004,194,2011,89,93.63725298512676
2011-05-05,2011-05-04,Prod. Sold Swine or Pork Market Formula,143166,91.91,208.32,91.91,29824341.12,2741155192.3391995,29537927.380000003,2737575109.5784006,194,2011,89,92.2931424347033
2011-05-06,2011-05-05,Prod. Sold Negotiated,12370,92.1,199.78,92.1,2471278.6,227604759.06,2848492.22,267672813.9134,195,2011,90,93.1012988588482
2011-05-06,2011-05-05,Prod. Sold Swine or Pork Market Formula,135263,92.28,207.81,92.28,28109004.03,2593898891.8884,29824341.12,2741155192.3391995,195,2011,90,92.08952237116937
2011-05-09,2011-05-06,Prod. Sold Negotiated,12380,91.98,201.71,91.98,2497169.8000000003,229689678.20400003,2471278.6,227604759.06,201,2011,91,92.03968733256846
2011-05-09,2011-05-06,Prod. Sold Swine or Pork Market Formula,135785,91.82,208.33,91.82,28288089.05,2597412336.571,28109004.03,2593898891.8884,201,2011,91,92.04926965110522
2011-05-10,2011-05-09,Prod. Sold Swine or Pork Market Formula,134178,91.69,206.43,91.69,27698364.54,2539663044.6726,28288089.05,2597412336.571,202,2011,92,91.75568466728451
2011-05-10,2011-05-09,Prod. Sold Negotiated,16246,91.91,201.31,91.91,3270482.26,300590024.5166,2497169.8000000003,229689678.20400003,202,2011,92,91.94030728694823
2011-05-11,2011-05-10,Prod. Sold Swine or Pork Market Formula,151413,91.75,206.5,91.75,31266784.5,2868727477.875,27698364.54,2539663044.6726,203,2011,93,91.72181552324624
2011-05-11,2011-05-10,Prod. Sold Negotiated,14382,91.26,201.39,91.26,2896390.98,264324640.8348,3270482.26,300590024.5166,203,2011,93,91.60471496109427
2011-05-12,2011-05-11,Prod. Sold Negotiated,14108,91.73,198.92,91.73,2806363.36,257427711.0128,2896390.98,264324640.8348,204,2011,94,91.49129012764033
2011-05-12,2011-05-11,Prod. Sold Swine or Pork Market Formula,148501,91.84,207.04,91.84,30745647.04,2823680224.1536,31266784.5,2868727477.875,204,2011,94,91.79462183089555
2011-05-13,2011-05-12,Prod. Sold Negotiated,18332,91.76,198.77,91.76,3643851.64,334359826.4864,2806363.36,257427711.0128,205,2011,95,91.74694758224338
2011-05-13,2011-05-12,Prod. Sold Swine or Pork Market Formula,155985,92.4,207.15,92.4,32312292.75,2985655850.1000004,30745647.04,2823680224.1536,205,2011,95,92.12695647209952
2011-05-16,2011-05-13,Prod. Sold Swine or Pork Market Formula,143887,92.84,207.59,92.84,29869502.33,2773084596.3172,32312292.75,2985655850.1000004,211,2011,96,92.61135737571249
2011-05-16,2011-05-13,Prod. Sold Negotiated,14883,91.98,201.78,91.98,3003091.74,276224378.24520004,3643851.64,334359826.4864,211,2011,96,91.85939609005666
2011-05-17,2011-05-16,Prod. Sold Swine or Pork Market Formula,126572,93.91,206.15,93.91,26092817.8,2450376519.598,29869502.33,2773084596.3172,212,2011,97,93.33889488107613
2011-05-17,2011-05-16,Prod. Sold Negotiated,15659,93.1,201.52,93.1,3155601.68,293786516.408,3003091.74,276224378.24520004,212,2011,97,92.55386748139186
2011-05-18,2011-05-17,Prod. Sold Swine or Pork Market Formula,139168,94.42,206.36,94.42,28718708.48,2711620454.6816,26092817.8,2450376519.598,213,2011,98,94.1772164473213
2011-05-18,2011-05-17,Prod. Sold Negotiated,16047,93.96,199.74,93.96,3205227.7800000003,301163202.2088,3155601.68,293786516.408,213,2011,98,93.53335478621682
2011-05-19,2011-05-18,Prod. Sold Swine or Pork Market Formula,142926,94.62,206.55,94.62,29521365.3,2793311584.6860003,28718708.48,2711620454.6816,214,2011,99,94.52137818647523
2011-05-19,2011-05-18,Prod. Sold Negotiated,15514,93.71,199.17,93.71,3089923.38,289556719.9398,3205227.7800000003,301163202.2088,214,2011,99,93.83728954788116
2011-05-20,2011-05-19,Prod. Sold Negotiated,18387,94.9,202.13,94.90000000000002,3716564.31,352701953.01900005,3089923.38,289556719.9398,215,2011,100,94.35977881843492
2011-05-20,2011-05-19,Prod. Sold Swine or Pork Market Formula,139512,95.98,207.52,95.98,28951530.24,2778767872.4352,29521365.3,2793311584.6860003,215,2011,100,95.2933732058722
2011-05-23,2011-05-20,Prod. Sold Negotiated,21376,95.57,203.1,95.57,4341465.6,414913867.392,3716564.31,352701953.01900005,221,2011,101,95.26097929450351
2011-05-23,2011-05-20,Prod. Sold Swine or Pork Market Formula,134702,96.16,206.61,96.16,27830780.220000003,2676207825.9552,28951530.24,2778767872.4352,221,2011,101,96.06822361046979
2011-05-24,2011-05-23,Prod. Sold Negotiated,17216,96.18,202.72,96.18,3490027.52,335670846.8736,4341465.6,414913867.392,222,2011,102,95.84184047212699
2011-05-24,2011-05-23,Prod. Sold Swine or Pork Market Formula,129483,94.96,205.17,94.96,26566027.11,2522709934.3656,27830780.220000003,2676207825.9552,222,2011,102,95.57395030155715
2011-05-25,2011-05-24,Prod. Sold Negotiated,20237,95.71,203.1,95.71,4110134.7,393380992.137,3490027.52,335670846.8736,223,2011,103,95.92582604251308
2011-05-25,2011-05-24,Prod. Sold Swine or Pork Market Formula,143160,94.12,204.81,94.12,29320599.6,2759654834.352,26566027.11,2522709934.3656,223,2011,103,94.51929879626115
2011-05-26,2011-05-25,Prod. Sold Negotiated,19282,94.8,200.84,94.8,3872596.88,367122184.224,4110134.7,393380992.137,224,2011,104,95.2685391885618
2011-05-26,2011-05-25,Prod. Sold Swine or Pork Market Formula,143971,93.69,206.14,93.69,29678181.94,2780548865.9586,29320599.6,2759654834.352,224,2011,104,93.90369691879911
2011-05-27,2011-05-26,Prod. Sold Negotiated,21950,95.24,202.92,95.24,4454094.0,424207912.56,3872596.88,367122184.224,225,2011,105,95.0353637703433
2011-05-27,2011-05-26,Prod. Sold Swine or Pork Market Formula,147130,93.52,206.52,93.52,30385287.6,2841632096.352,29678181.94,2780548865.9586,225,2011,105,93.6039993255208
2011-05-31,2011-05-27,Prod. Sold Negotiated,20410,94.75,203.0,94.75,4143230.0,392571042.5,4454094.0,424207912.56,232,2011,106,95.0038587658206
2011-05-31,2011-05-27,Prod. Sold Swine or Pork Market Formula,131690,92.58,205.8,92.58,27101802.0,2509084829.16,30385287.6,2841632096.352,232,2011,106,93.07684495323625
2011-06-01,2011-05-31,Prod. Sold Negotiated,11991,92.83,198.05,92.83,2374817.5500000003,220454313.16650003,4143230.0,392571042.5,233,2011,107,94.05045774274846
2011-06-01,2011-05-31,Prod. Sold Swine or Pork Market Formula,144734,91.46,205.4,91.46,29728363.6,2718956134.856,27101802.0,2509084829.16,233,2011,107,91.99411806774674
2011-06-02,2011-06-01,Prod. Sold Negotiated,10411,91.13,197.17,91.13,2052736.87,187065910.9631,2374817.5500000003,220454313.16650003,234,2011,108,92.04183291090976
2011-06-02,2011-06-01,Prod. Sold Swine or Pork Market Formula,147652,91.36,205.48,91.36,30339532.96,2771819731.2256,29728363.6,2718956134.856,234,2011,108,91.409491267886
2011-06-03,2011-06-02,Prod. Sold Negotiated,10528,91.21,195.48,91.21,2058013.44,187711405.8624,2052736.87,187065910.9631,235,2011,109,91.1700513441061
2011-06-03,2011-06-02,Prod. Sold Swine or Pork Market Formula,141549,91.77,206.35,91.77,29208636.15,2680476539.4855,30339532.96,2771819731.2256,235,2011,109,91.56110678464988
2011-06-06,2011-06-03,Prod. Sold Swine or Pork Market Formula,159984,91.68,206.26,91.68,32998299.84,3025284129.3312,29208636.15,2680476539.4855,241,2011,110,91.7222585875942
2011-06-06,2011-06-03,Prod. Sold Negotiated,23602,93.43,202.36,93.43,4776100.720000001,446231090.2696001,2058013.44,187711405.8624,241,2011,110,92.76147300003545
2011-06-07,2011-06-06,Prod. Sold Negotiated,10122,90.72,195.74,90.72,1981280.28,179741747.0016,4776100.720000001,446231090.2696001,242,2011,111,92.6354215148147
2011-06-07,2011-06-06,Prod. Sold Swine or Pork Market Formula,127073,90.8,204.98,90.8,26047423.54,2365106057.432,32998299.84,3025284129.3312,242,2011,111,91.29179690241607
2011-06-08,2011-06-07,Prod. Sold Swine or Pork Market Formula,140850,90.57,203.99,90.57,28731991.5,2602256470.155,26047423.54,2365106057.432,243,2011,112,90.67936420934441
2011-06-08,2011-06-07,Prod. Sold Negotiated,12587,89.39,197.56,89.39,2486687.72,222285015.2908,1981280.28,179741747.0016,243,2011,112,89.97977655444265
2011-06-09,2011-06-08,Prod. Sold Negotiated,12153,90.08,198.27,90.08,2409575.31,217054543.9248,2486687.72,222285015.2908,244,2011,113,89.7295665130147
2011-06-09,2011-06-08,Prod. Sold Swine or Pork Market Formula,143228,90.59,204.62,90.59,29307313.36,2654949517.2824,28731991.5,2602256470.155,244,2011,113,90.58009912624925
2011-06-10,2011-06-09,Prod. Sold Negotiated,12318,89.97,198.7,89.97,2447586.6,220209366.40199995,2409575.31,217054543.9248,245,2011,114,90.0245695797281
2011-06-10,2011-06-09,Prod. Sold Swine or Pork Market Formula,141390,90.67,205.13,90.66999999999999,29003330.7,2629731994.569,29307313.36,2654949517.2824,245,2011,114,90.62979147363924
2011-06-13,2011-06-10,Prod. Sold Swine or Pork Market Formula,140629,91.37,205.78,91.37,28938635.62,2644123136.5994,29003330.7,2629731994.569,251,2011,115,91.01960920763587
2011-06-13,2011-06-10,Prod. Sold Negotiated,14551,90.91,198.75,90.91,2892011.25,262912742.7375,2447586.6,220209366.40199995,251,2011,115,90.4791189732575
2011-06-14,2011-06-13,Prod. Sold Swine or Pork Market Formula,133177,91.27,204.34,91.27,27213388.18,2483765939.1886,28938635.62,2644123136.5994,252,2011,116,91.32153622908243
2011-06-14,2011-06-13,Prod. Sold Negotiated,17078,93.19,201.87,93.19,3447535.86,321275866.7934,2892011.25,262912742.7375,252,2011,116,92.14989641916236
2011-06-15,2011-06-14,Prod. Sold Swine or Pork Market Formula,140750,91.56,203.42,91.56,28631365.0,2621487779.4,27213388.18,2483765939.1886,253,2011,117,91.41868175391944
2011-06-15,2011-06-14,Prod. Sold Negotiated,16951,93.36,199.89,93.35999999999999,3388335.39,316334992.01039994,3447535.86,321275866.7934,253,2011,117,93.2742638773075
2011-06-16,2011-06-15,Prod. Sold Swine or Pork Market Formula,148277,93.3,204.39,93.3,30306336.03,2827581151.5989995,28631365.0,2621487779.4,254,2011,118,92.45472483267302
2011-06-16,2011-06-15,Prod. Sold Negotiated,11766,92.57,204.96,92.57,2411559.36,223238049.9552,3388335.39,316334992.01039994,254,2011,118,93.03152302299966
2011-06-17,2011-06-16,Prod. Sold Swine or Pork Market Formula,138065,94.1,204.64,94.1,28253621.6,2658665792.5599995,30306336.03,2827581151.5989995,255,2011,119,93.68597871642616
2011-06-17,2011-06-16,Prod. Sold Negotiated,14150,94.58,202.26,94.58,2861979.0,270685973.82,2411559.36,223238049.9552,255,2011,119,93.6608383323109
2011-06-20,2011-06-17,Prod. Sold Negotiated,17963,96.47,204.15,96.47,3667146.45,353769618.03150004,2861979.0,270685973.82,261,2011,120,95.64153677756336
2011-06-20,2011-06-17,Prod. Sold Swine or Pork Market Formula,124925,94.77,204.34,94.77,25527174.5,2419210327.365,28253621.6,2658665792.5599995,261,2011,120,94.4180169903621
2011-06-21,2011-06-20,Prod. Sold Negotiated,18195,98.38,203.4,98.38,3700863.0,364090901.94,3667146.45,353769618.03150004,262,2011,121,97.42937014983065
2011-06-21,2011-06-20,Prod. Sold Swine or Pork Market Formula,122899,96.19,203.05,96.19,24954641.950000003,2400387009.1705003,25527174.5,2419210327.365,262,2011,121,95.47194763304717
2011-06-22,2011-06-21,Prod. Sold Swine or Pork Market Formula,134452,98.22,203.11,98.22,27308545.720000003,2682245360.6184,24954641.950000003,2400387009.1705003,263,2011,122,97.25071501343616
2011-06-22,2011-06-21,Prod. Sold Negotiated,25368,98.65,200.83,98.65,5094655.44,502587759.1560001,3700863.0,364090901.94,263,2011,122,98.53639293785619
2011-06-23,2011-06-22,Prod. Sold Swine or Pork Market Formula,140258,100.09,203.06,100.09,28480789.48,2850642219.0532,27308545.720000003,2682245360.6184,264,2011,123,99.17464619065044
2011-06-23,2011-06-22,Prod. Sold Negotiated,23109,99.54,199.81,99.54,4617409.29,459616920.72660005,5094655.44,502587759.1560001,264,2011,123,99.07313291584703
2011-06-24,2011-06-23,Prod. Sold Negotiated,22196,101.57,197.04,101.57,4373499.84,444216378.7488,4617409.29,459616920.72660005,265,2011,124,100.52746462085533
2011-06-24,2011-06-23,Prod. Sold Swine or Pork Market Formula,136291,102.05,203.71,102.05,27763839.61,2833299832.2005,28480789.48,2850642219.0532,265,2011,124,101.05750794726592
2011-06-27,2011-06-24,Prod. Sold Negotiated,29663,102.11,201.39,102.11,5973831.57,609987941.6127,4373499.84,444216378.7488,271,2011,125,101.8817585510678
2011-06-27,2011-06-24,Prod. Sold Swine or Pork Market Formula,119859,102.28,203.6,102.28,24403292.4,2495968746.672,27763839.61,2833299832.2005,271,2011,125,102.15759183101964
2011-06-28,2011-06-27,Prod. Sold Negotiated,23339,104.62,199.85,104.62,4664299.15,487978977.073,5973831.57,609987941.6127,272,2011,126,103.21051203304825
2011-06-28,2011-06-27,Prod. Sold Swine or Pork Market Formula,121353,102.04,202.27,102.04,24546071.31,2504681116.4724,24403292.4,2495968746.672,272,2011,126,102.15964997565032
2011-06-29,2011-06-28,Prod. Sold Negotiated,26427,104.42,198.29,104.42,5240209.83,547182710.4486,4664299.15,487978977.073,273,2011,127,104.51418536869257
2011-06-29,2011-06-28,Prod. Sold Swine or Pork Market Formula,137843,102.22,202.88,102.22,27965587.84,2858642389.0048,24546071.31,2504681116.4724,273,2011,127,102.1358607267925
2011-06-30,2011-06-29,Prod. Sold Negotiated,25768,104.38,199.54,104.38,5141746.72,536695522.6336,5240209.83,547182710.4486,274,2011,128,104.40018968122152
2011-06-30,2011-06-29,Prod. Sold Swine or Pork Market Formula,135435,102.34,202.23,102.34,27389020.05,2802992311.917,27965587.84,2858642389.0048,274,2011,128,102.279375046293
2011-07-01,2011-06-30,Prod. Sold Swine or Pork Market Formula,140280,101.48,203.17,101.48,28500687.6,2892249777.648,27389020.05,2802992311.917,275,2011,129,101.90144713639418
2011-07-01,2011-06-30,Prod. Sold Negotiated,26906,103.76,199.61,103.76,5370706.66,557264523.0416,5141746.72,536695522.6336,275,2011,129,104.06324823817674
2011-07-05,2011-07-01,Prod. Sold Swine or Pork Market Formula,117951,100.41,202.72,100.41,23911026.72,2400906192.9552,28500687.6,2892249777.648,282,2011,130,100.99184961372964
2011-07-05,2011-07-01,Prod. Sold Negotiated,24912,103.62,199.85,103.62,4978663.2,515889080.784,5370706.66,557264523.0416,282,2011,130,103.69265166310328
2011-07-06,2011-07-05,Prod. Sold Negotiated,14367,99.91,194.54,99.91,2794956.18,279244071.9438,4978663.2,515889080.784,283,2011,131,102.28609272709208
2011-07-06,2011-07-05,Prod. Sold Swine or Pork Market Formula,140550,99.44,202.62,99.44,28478241.0,2831876285.04,23911026.72,2400906192.9552,283,2011,131,99.88271845986397
2011-07-07,2011-07-06,Prod. Sold Swine or Pork Market Formula,135520,99.14,202.54,99.14,27448220.8,2721216610.112,28478241.0,2831876285.04,284,2011,132,99.29276261048935
2011-07-07,2011-07-06,Prod. Sold Negotiated,11191,98.65,194.36,98.65,2175082.76,214571914.27400005,2794956.18,279244071.9438,284,2011,132,99.35857488830864
2011-07-08,2011-07-07,Prod. Sold Negotiated,13164,99.17,193.88,99.17,2552236.32,253105275.8544,2175082.76,214571914.27400005,285,2011,133,98.93074324240452
2011-07-08,2011-07-07,Prod. Sold Swine or Pork Market Formula,136037,97.94,203.44,97.94,27675367.28,2710525471.4032,27448220.8,2721216610.112,285,2011,133,98.53752759403464
2011-07-11,2011-07-08,Prod. Sold Negotiated,11189,99.34,197.96,99.34,2214974.44,220035560.8696,2552236.32,253105275.8544,291,2011,134,99.24898657595747
2011-07-11,2011-07-08,Prod. Sold Swine or Pork Market Formula,153261,96.93,204.31,96.93,31312754.91,3035145333.4263,27675367.28,2710525471.4032,291,2011,134,97.40386015887684
2011-07-12,2011-07-11,Prod. Sold Negotiated,10046,96.64,191.7,96.64,1925818.2,186111070.848,2214974.44,220035560.8696,292,2011,135,98.0842720290384
2011-07-12,2011-07-11,Prod. Sold Swine or Pork Market Formula,130277,95.81,202.48,95.81,26378486.96,2527322835.6376,31312754.91,3035145333.4263,292,2011,135,96.4178961790808
2011-07-13,2011-07-12,Prod. Sold Negotiated,12061,95.64,193.68,95.64,2335974.48,223412599.2672,1925818.2,186111070.848,293,2011,136,96.09187984132537
2011-07-13,2011-07-12,Prod. Sold Swine or Pork Market Formula,143177,95.7,201.76,95.7,28887391.52,2764523368.464,26378486.96,2527322835.6376,293,2011,136,95.75250316552285
2011-07-14,2011-07-13,Prod. Sold Negotiated,11465,95.62,193.22,95.62,2215267.3,211823859.226,2335974.48,223412599.2672,294,2011,137,95.63026521812253
2011-07-14,2011-07-13,Prod. Sold Swine or Pork Market Formula,139938,95.35,202.64,95.35,28357036.32,2703843413.1119995,28887391.52,2764523368.464,294,2011,137,95.52662133090509
2011-07-15,2011-07-14,Prod. Sold Negotiated,13694,94.44,194.58,94.44,2664578.52,251642795.4288,2215267.3,211823859.226,295,2011,138,94.97567582059384
2011-07-15,2011-07-14,Prod. Sold Swine or Pork Market Formula,143262,95.16,204.0,95.16,29225448.0,2781093631.68,28357036.32,2703843413.1119995,295,2011,138,95.25356728811592
2011-07-18,2011-07-15,Prod. Sold Swine or Pork Market Formula,151854,95.12,203.09,95.12,30840028.86,2933503545.1632,29225448.0,2781093631.68,301,2011,139,95.13946239306024
2011-07-18,2011-07-15,Prod. Sold Negotiated,12236,94.2,197.48,94.2,2416365.28,227621609.376,2664578.52,251642795.4288,301,2011,139,94.32586221575606
2011-07-19,2011-07-18,Prod. Sold Negotiated,14536,95.58,195.94,95.57999999999998,2848183.84,272229411.4272,2416365.28,227621609.376,302,2011,140,94.94659645291712
2011-07-19,2011-07-18,Prod. Sold Swine or Pork Market Formula,131789,95.17,200.82,95.17,26465866.98,2518756560.4866,30840028.86,2933503545.1632,302,2011,140,95.14309174875642
2011-07-20,2011-07-19,Prod. Sold Swine or Pork Market Formula,141807,95.46,199.8,95.46,28333038.6,2704671864.756,26465866.98,2518756560.4866,303,2011,141,95.31994060751823
2011-07-20,2011-07-19,Prod. Sold Negotiated,18205,96.0,195.92,96.0,3566723.6,342405465.6,2848183.84,272229411.4272,303,2011,141,95.81352229568569
2011-07-21,2011-07-20,Prod. Sold Swine or Pork Market Formula,141601,96.03,199.28,96.02999999999999,28218247.28,2709798286.2984,28333038.6,2704671864.756,304,2011,142,95.74442148926072
2011-07-21,2011-07-20,Prod. Sold Negotiated,17084,96.41,195.08,96.41,3332746.72,321310111.2752,3566723.6,342405465.6,304,2011,142,96.19804797931212
2011-07-22,2011-07-21,Prod. Sold Negotiated,22290,97.03,198.37,97.03,4421667.3,429034378.119,3332746.72,321310111.2752,305,2011,143,96.76353202949048
2011-07-22,2011-07-21,Prod. Sold Swine or Pork Market Formula,142805,96.85,200.99,96.85,28702376.950000003,2779825207.6075,28218247.28,2709798286.2984,305,2011,143,96.44348719233818
2011-07-25,2011-07-22,Prod. Sold Swine or Pork Market Formula,132448,98.25,200.31,98.25,26530658.88,2606637234.96,28702376.950000003,2779825207.6075,311,2011,144,97.52247656902877
2011-07-25,2011-07-22,Prod. Sold Negotiated,17862,97.77,197.33,97.77,3524708.4600000004,344610746.13420004,4421667.3,429034378.119,311,2011,144,97.35823570633664
2011-07-26,2011-07-25,Prod. Sold Swine or Pork Market Formula,117382,99.11,200.75,99.11,23564436.5,2335471301.515,26530658.88,2606637234.96,312,2011,145,98.65453891216846
2011-07-26,2011-07-25,Prod. Sold Negotiated,20312,99.61,194.28,99.61,3946215.36,393082512.0096,3524708.4600000004,344610746.13420004,312,2011,145,98.74190607712555
2011-07-27,2011-07-26,Prod. Sold Swine or Pork Market Formula,136319,99.35,199.43,99.35,27186098.17,2700938853.1895,23564436.5,2335471301.515,313,2011,146,99.2385634447642
2011-07-27,2011-07-26,Prod. Sold Negotiated,20172,100.27,195.01,100.27,3933741.72,394436282.2644,3946215.36,393082512.0096,313,2011,146,99.93947762390603
2011-07-28,2011-07-27,Prod. Sold Negotiated,20271,101.79,195.66,101.79,3966223.86,403721926.7094,3933741.72,394436282.2644,314,2011,147,101.03312487771623
2011-07-28,2011-07-27,Prod. Sold Swine or Pork Market Formula,135993,101.02,199.9,101.02,27185000.7,2746228770.714,27186098.17,2700938853.1895,314,2011,147,100.18498314568824
2011-07-29,2011-07-28,Prod. Sold Negotiated,26776,102.27,197.26,102.26999999999998,5281833.76,540173138.6351999,3966223.86,403721926.7094,315,2011,148,102.0641419127101
2011-07-29,2011-07-28,Prod. Sold Swine or Pork Market Formula,129143,101.83,199.3,101.83,25738199.9,2620920895.8170004,27185000.7,2746228770.714,315,2011,148,101.41392821451922
2011-08-01,2011-07-29,Prod. Sold Negotiated,28943,102.83,195.91,102.82999999999998,5670223.13,583069044.4578999,5281833.76,540173138.6351999,321,2011,149,102.55992955247513
2011-08-01,2011-07-29,Prod. Sold Swine or Pork Market Formula,109589,102.6,201.37,102.59999999999998,22067936.93,2264170329.018,25738199.9,2620920895.8170004,321,2011,149,102.18544205331892
2011-08-02,2011-08-01,Prod. Sold Negotiated,25783,106.29,196.15,106.29000000000002,5057335.45,537544184.9805001,5670223.13,583069044.4578999,322,2011,150,104.46116151046924
2011-08-02,2011-08-01,Prod. Sold Swine or Pork Market Formula,119920,103.52,198.71,103.52,23829303.2,2466809467.264,22067936.93,2264170329.018,322,2011,150,103.0776530981363
2011-08-03,2011-08-02,Prod. Sold Negotiated,21995,106.11,196.69,106.11,4326196.55,459052715.9205,5057335.45,537544184.9805001,323,2011,151,106.20701255145715
2011-08-03,2011-08-02,Prod. Sold Swine or Pork Market Formula,128421,104.67,198.78,104.67,25527526.38,2671966186.1946,23829303.2,2466809467.264,323,2011,151,104.11478405697468
2011-08-04,2011-08-03,Prod. Sold Negotiated,26265,107.29,195.92,107.29,5145838.8,552097044.852,4326196.55,459052715.9205,324,2011,152,106.75105438373392
2011-08-04,2011-08-03,Prod. Sold Swine or Pork Market Formula,130626,105.77,198.63,105.77,25946242.38,2744334056.5326,25527526.38,2671966186.1946,324,2011,152,105.22447400308054
2011-08-05,2011-08-04,Prod. Sold Swine or Pork Market Formula,130570,107.06,200.25,107.06,26146642.5,2799259546.05,25946242.38,2744334056.5326,325,2011,153,106.41748130004122
2011-08-05,2011-08-04,Prod. Sold Negotiated,19737,107.33,195.01,107.33,3848912.37,413103764.6721,5145838.8,552097044.852,325,2011,153,107.30711625945956
2011-08-08,2011-08-05,Prod. Sold Negotiated,33152,107.56,196.36,107.56,6509726.720000001,700186206.0032,3848912.37,413103764.6721,331,2011,154,107.47453994705208
2011-08-08,2011-08-05,Prod. Sold Swine or Pork Market Formula,135044,107.31,200.06,107.31,27016902.64,2899183822.2984,26146642.5,2799259546.05,331,2011,154,107.18704618629576
2011-08-09,2011-08-08,Prod. Sold Swine or Pork Market Formula,125413,107.56,198.81,107.56,24933358.53,2681832043.4868,27016902.64,2899183822.2984,332,2011,155,107.42998668518916
2011-08-09,2011-08-08,Prod. Sold Negotiated,18559,107.06,193.56,107.06,3592280.04,384589501.0824,6509726.720000001,700186206.0032,332,2011,155,107.3821996814423
2011-08-10,2011-08-09,Prod. Sold Negotiated,15423,107.13,191.63,107.13,2955509.49,316623731.6637,3592280.04,384589501.0824,333,2011,156,107.09159626059332
2011-08-10,2011-08-09,Prod. Sold Swine or Pork Market Formula,138202,107.84,198.95,107.84000000000002,27495287.9,2965091847.136,24933358.53,2681832043.4868,333,2011,156,107.70684110951214
2011-08-11,2011-08-10,Prod. Sold Negotiated,14911,108.09,193.64,108.09000000000002,2887366.04,312095395.2636,2955509.49,316623731.6637,334,2011,157,107.6044019249029
2011-08-11,2011-08-10,Prod. Sold Swine or Pork Market Formula,141637,107.88,199.09,107.88,28198510.33,3042055294.4004,27495287.9,2965091847.136,334,2011,157,107.860252531683
2011-08-12,2011-08-11,Prod. Sold Negotiated,18106,107.62,192.2,107.62,3479973.2,374514715.784,2887366.04,312095395.2636,335,2011,158,107.833128590711
2011-08-12,2011-08-11,Prod. Sold Swine or Pork Market Formula,141350,107.64,200.63,107.64,28359050.5,3052568195.82,28198510.33,3042055294.4004,335,2011,158,107.75965937674614
2011-08-15,2011-08-12,Prod. Sold Negotiated,21626,108.19,190.21,108.19,4113481.46,445037559.1574,3479973.2,374514715.784,341,2011,159,107.92877703722274
2011-08-15,2011-08-12,Prod. Sold Swine or Pork Market Formula,141570,106.88,200.17,106.88,28338066.9,3028772590.272,28359050.5,3052568195.82,341,2011,159,107.26014063797888
2011-08-16,2011-08-15,Prod. Sold Negotiated,16298,107.0,191.74,107.0,3124978.52,334372701.64,4113481.46,445037559.1574,342,2011,160,107.6762547490661
2011-08-16,2011-08-15,Prod. Sold Swine or Pork Market Formula,134177,106.54,199.12,106.54000000000002,26717324.24,2846463724.5296006,28338066.9,3028772590.272,342,2011,160,106.71500452810334
2011-08-17,2011-08-16,Prod. Sold Swine or Pork Market Formula,145748,106.32,199.55,106.32,29084013.4,3092212304.688,26717324.24,2846463724.5296006,343,2011,161,106.42533459557406
2011-08-17,2011-08-16,Prod. Sold Negotiated,17570,107.13,192.7,107.13,3385739.0,362714219.07,3124978.52,334372701.64,343,2011,161,107.06760331233048
2011-08-18,2011-08-17,Prod. Sold Negotiated,16559,105.84,191.63,105.84000000000002,3173201.17,335851611.83280003,3385739.0,362714219.07,344,2011,162,106.505900770063
2011-08-18,2011-08-17,Prod. Sold Swine or Pork Market Formula,157526,105.65,200.31,105.65,31554033.06,3333683592.789,29084013.4,3092212304.688,344,2011,162,105.97135416814352
2011-08-19,2011-08-18,Prod. Sold Negotiated,18166,105.31,191.2,105.31,3473339.2,365777351.152,3173201.17,335851611.83280003,345,2011,163,105.56303338676632
2011-08-19,2011-08-18,Prod. Sold Swine or Pork Market Formula,140800,104.35,200.6,104.35,28244480.0,2947311488.0,31554033.06,3333683592.789,345,2011,163,105.0359742973348
2011-08-22,2011-08-19,Prod. Sold Negotiated,23568,105.84,196.34,105.84,4627341.12,489757784.1408,3473339.2,365777351.152,351,2011,164,105.6127512130734
2011-08-22,2011-08-19,Prod. Sold Swine or Pork Market Formula,143592,103.91,200.25,103.91,28754298.0,2987859105.18,28244480.0,2947311488.0,351,2011,164,104.12803223921748
2011-08-23,2011-08-22,Prod. Sold Swine or Pork Market Formula,143095,102.9,199.89,102.9,28603259.55,2943275407.695,28754298.0,2987859105.18,352,2011,165,103.40632980587928
2011-08-23,2011-08-22,Prod. Sold Negotiated,18191,104.78,193.08,104.78,3512318.2800000003,368020709.3784,4627341.12,489757784.1408,352,2011,165,105.38260280512476
2011-08-24,2011-08-23,Prod. Sold Swine or Pork Market Formula,149988,102.01,200.01,102.01,29999099.88,3060208178.7588,28603259.55,2943275407.695,353,2011,166,102.44440061538664
2011-08-24,2011-08-23,Prod. Sold Negotiated,15670,103.47,194.33,103.47,3045151.1,315081784.31700003,3512318.2800000003,368020709.3784,353,2011,166,104.17166350464908
2011-08-25,2011-08-24,Prod. Sold Negotiated,17873,103.56,193.01,103.56,3449667.73,357247590.1188,3045151.1,315081784.31700003,354,2011,167,103.51780273381392
2011-08-25,2011-08-24,Prod. Sold Swine or Pork Market Formula,154742,101.14,199.83,101.14,30922093.860000003,3127460573.0004005,29999099.88,3060208178.7588,354,2011,167,101.56840947941676
2011-08-26,2011-08-25,Prod. Sold Negotiated,21673,102.24,193.47,102.24,4193075.31,428700019.6944,3449667.73,357247590.1188,355,2011,168,102.83580197577858
2011-08-26,2011-08-25,Prod. Sold Swine or Pork Market Formula,154429,99.83,201.29,99.83,31085013.41,3103216888.7203,30922093.860000003,3127460573.0004005,355,2011,168,100.4832790310668
2011-08-29,2011-08-26,Prod. Sold Swine or Pork Market Formula,165237,98.82,201.0,98.82,33212637.0,3282072788.34,31085013.41,3103216888.7203,361,2011,169,99.30828943738848
2011-08-29,2011-08-26,Prod. Sold Negotiated,34278,102.44,195.57,102.43999999999998,6703748.46,686731992.2423999,4193075.31,428700019.6944,361,2011,169,102.36304041253666
2011-08-30,2011-08-29,Prod. Sold Negotiated,18807,98.6,194.5,98.6,3657961.5,360675003.9,6703748.46,686731992.2423999,362,2011,170,101.08437701747827
2011-08-30,2011-08-29,Prod. Sold Swine or Pork Market Formula,149156,96.9,200.58,96.9,29917710.48,2899026145.512,33212637.0,3282072788.34,362,2011,170,97.9101047370316
2011-08-31,2011-08-30,Prod. Sold Swine or Pork Market Formula,150083,95.28,200.74,95.27999999999999,30127661.42,2870563580.0976,29917710.48,2899026145.512,363,2011,171,96.08716780401187
2011-08-31,2011-08-30,Prod. Sold Negotiated,14326,97.54,192.32,97.54,2755176.32,268739898.2528,3657961.5,360675003.9,363,2011,171,98.1446087420588
2011-09-01,2011-08-31,Prod. Sold Negotiated,13277,95.1,190.11,95.1,2524090.47,240041003.697,2755176.32,268739898.2528,364,2011,172,96.37340225228512
2011-09-01,2011-08-31,Prod. Sold Swine or Pork Market Formula,149784,93.33,200.59,93.33,30045172.56,2804115955.0248,30127661.42,2870563580.0976,364,2011,172,94.30633659382782
2011-09-02,2011-09-01,Prod. Sold Negotiated,14848,94.71,189.3,94.71,2810726.4000000004,266203897.344,2524090.47,240041003.697,365,2011,173,94.89452278818332
2011-09-02,2011-09-01,Prod. Sold Swine or Pork Market Formula,143506,91.41,201.03,91.41,28849011.18,2637088111.9638,30045172.56,2804115955.0248,365,2011,173,92.38949793429296
2011-09-06,2011-09-02,Prod. Sold Negotiated,16176,93.31,193.74,93.31,3133938.24,292427777.17440003,2810726.4000000004,266203897.344,372,2011,174,93.97194095012902
2011-09-06,2011-09-02,Prod. Sold Swine or Pork Market Formula,168360,89.84,200.56,89.84,33766281.6,3033562738.944,28849011.18,2637088111.9638,372,2011,174,90.56335280315209
2011-09-07,2011-09-06,Prod. Sold Swine or Pork Market Formula,147442,88.15,201.28,88.15,29677125.76,2616038635.7440004,33766281.6,3033562738.944,373,2011,175,89.04946328986075
2011-09-07,2011-09-06,Prod. Sold Negotiated,10878,85.49,192.8,85.49,2097278.4,179296330.41599998,3133938.24,292427777.17440003,373,2011,175,90.17483695540467
2011-09-08,2011-09-07,Prod. Sold Swine or Pork Market Formula,152418,87.53,201.51,87.53,30713751.18,2688374640.7854,29677125.76,2616038635.7440004,374,2011,176,87.83467876777945
2011-09-08,2011-09-07,Prod. Sold Negotiated,9965,84.27,190.16,84.26999999999998,1894944.4,159686964.58799997,2097278.4,179296330.41599998,374,2011,176,84.91091604506641
2011-09-09,2011-09-08,Prod. Sold Negotiated,9510,84.74,188.61,84.74,1793681.1,151996536.414,1894944.4,159686964.58799997,375,2011,177,84.49854857913876
2011-09-09,2011-09-08,Prod. Sold Swine or Pork Market Formula,156122,86.95,203.16,86.95,31717745.52,2757857972.964,30713751.18,2688374640.7854,375,2011,177,87.23533635466086
2011-09-12,2011-09-09,Prod. Sold Swine or Pork Market Formula,276323,86.3,203.12,86.3,56126727.76,4843736605.688,31717745.52,2757857972.964,381,2011,178,86.5346935876351
2011-09-12,2011-09-09,Prod. Sold Negotiated,18790,84.73,196.78,84.73,3697496.2,313288853.026,1793681.1,151996536.414,381,2011,178,84.73326647821041
2011-09-13,2011-09-12,Prod. Sold Swine or Pork Market Formula,135054,86.01,201.58,86.00999999999999,27224185.32,2341552179.3732,56126727.76,4843736605.688,382,2011,179,86.20527981696826
2011-09-13,2011-09-12,Prod. Sold Negotiated,14005,84.89,194.74,84.89,2727333.7,231523357.793,3697496.2,313288853.026,382,2011,179,84.7979198358232
2011-09-14,2011-09-13,Prod. Sold Swine or Pork Market Formula,149971,86.63,202.14,86.62999999999998,30315137.94,2626200399.7421994,27224185.32,2341552179.3732,383,2011,180,86.3366528776828
2011-09-14,2011-09-13,Prod. Sold Negotiated,13474,85.15,193.72,85.15,2610183.28,222257106.292,2727333.7,231523357.793,383,2011,180,85.01714669673987
2011-09-15,2011-09-14,Prod. Sold Negotiated,12140,85.44,193.79,85.44,2352610.6,201007049.664,2610183.28,222257106.292,384,2011,181,85.28747439254921
2011-09-15,2011-09-14,Prod. Sold Swine or Pork Market Formula,145794,87.51,203.58,87.51,29680742.520000003,2597361777.9252005,30315137.94,2626200399.7421994,384,2011,181,87.0653474474804
2011-09-16,2011-09-15,Prod. Sold Negotiated,14419,86.93,193.81,86.93,2794546.39,242929917.68270004,2352610.6,201007049.664,385,2011,182,86.24896582894006
2011-09-16,2011-09-15,Prod. Sold Swine or Pork Market Formula,152945,88.11,203.65,88.11,31147249.25,2744384131.4175,29680742.520000003,2597361777.9252005,385,2011,182,87.81723272306382
2011-09-19,2011-09-16,Prod. Sold Negotiated,25523,88.03,199.81,88.03,5099750.63,448931047.9589,2794546.39,242929917.68270004,391,2011,183,87.64060484281094
2011-09-19,2011-09-16,Prod. Sold Swine or Pork Market Formula,208322,88.9,203.63,88.9,42420608.86,3771192127.654,31147249.25,2744384131.4175,391,2011,183,88.56552883909292
2011-09-20,2011-09-19,Prod. Sold Negotiated,20587,90.0,197.83,90.0,4072726.21,366545358.9,5099750.63,448931047.9589,392,2011,184,88.9047114627438
2011-09-20,2011-09-19,Prod. Sold Swine or Pork Market Formula,133057,89.38,202.23,89.38000000000001,26908117.11,2405047507.2918,42420608.86,3771192127.654,392,2011,184,89.08629934463804
2011-09-21,2011-09-20,Prod. Sold Swine or Pork Market Formula,140151,90.33,202.88,90.32999999999998,28433834.88,2568428304.7104,26908117.11,2405047507.2918,393,2011,185,89.86809523633862
2011-09-21,2011-09-20,Prod. Sold Negotiated,13411,90.18,195.34,90.18,2619704.74,236244973.45320004,4072726.21,366545358.9,393,2011,185,90.0704597263271
2011-09-22,2011-09-21,Prod. Sold Swine or Pork Market Formula,138810,90.79,203.28,90.79,28217296.8,2561848376.472,28433834.88,2568428304.7104,394,2011,186,90.55912086913494
2011-09-22,2011-09-21,Prod. Sold Negotiated,14584,90.05,195.46,90.05,2850588.64,256695507.032,2619704.74,236244973.45320004,394,2011,186,90.11225655418136
2011-09-23,2011-09-22,Prod. Sold Swine or Pork Market Formula,138400,91.04,203.86,91.04,28214224.000000004,2568622952.9600005,28217296.8,2561848376.472,395,2011,187,90.91499319352032
2011-09-23,2011-09-22,Prod. Sold Negotiated,14288,91.22,197.7,91.22,2824737.6,257672563.87199995,2850588.64,256695507.032,395,2011,187,90.63233533232088
2011-09-26,2011-09-23,Prod. Sold Swine or Pork Market Formula,208721,90.57,204.26,90.57,42633351.46,3861302641.7322,28214224.000000004,2568622952.9600005,401,2011,188,90.75717204073534
2011-09-26,2011-09-23,Prod. Sold Negotiated,34984,92.42,201.08,92.42,7034582.720000001,650136134.9824001,2824737.6,257672563.87199995,401,2011,188,92.0761948481252
2011-09-27,2011-09-26,Prod. Sold Swine or Pork Market Formula,129878,91.29,204.14,91.29,26513294.92,2420398693.2468,42633351.46,3861302641.7322,402,2011,189,90.84607372651874
2011-09-27,2011-09-26,Prod. Sold Negotiated,24936,94.36,200.23,94.36,4992935.279999999,471133373.02079993,7034582.720000001,650136134.9824001,402,2011,189,93.22534441463318
2011-09-28,2011-09-27,Prod. Sold Swine or Pork Market Formula,142728,91.02,203.41,91.02,29032302.48,2642520171.7296,26513294.92,2420398693.2468,403,2011,190,91.14887771422909
2011-09-28,2011-09-27,Prod. Sold Negotiated,14707,92.28,195.54,92.28,2875806.78,265379449.6584,4992935.279999999,471133373.02079993,403,2011,190,93.59981774255796
2011-09-29,2011-09-28,Prod. Sold Negotiated,15932,91.98,196.06,91.98,3123627.92,287311296.0816,2875806.78,265379449.6584,404,2011,191,92.12380388772296
2011-09-29,2011-09-28,Prod. Sold Swine or Pork Market Formula,144847,90.86,204.34,90.86,29598035.98,2689277549.1428,29032302.48,2642520171.7296,404,2011,191,90.93922806722274
2011-09-30,2011-09-29,Prod. Sold Negotiated,15829,91.49,197.18,91.49,3121162.22,285555131.5078,3123627.92,287311296.0816,405,2011,192,91.73509673607703
2011-09-30,2011-09-29,Prod. Sold Swine or Pork Market Formula,149941,91.16,203.98,91.16,30584965.18,2788125425.8088,29598035.98,2689277549.1428,405,2011,192,91.01245982049991
2011-10-03,2011-09-30,Prod. Sold Swine or Pork Market Formula,194866,91.19,205.58,91.19,40060552.28,3653121762.4132,30584965.18,2788125425.8088,411,2011,193,91.1770119295832
2011-10-03,2011-09-30,Prod. Sold Negotiated,25108,92.94,200.98,92.94,5046205.84,468994370.7696,3121162.22,285555131.5078,411,2011,193,92.3858820533429
2011-10-04,2011-10-03,Prod. Sold Swine or Pork Market Formula,134627,91.59,205.4,91.59,27652385.8,2532682015.422,40060552.28,3653121762.4132,412,2011,194,91.35335067763462
2011-10-04,2011-10-03,Prod. Sold Negotiated,19802,92.28,199.03,92.28,3941192.06,363693203.2968,5046205.84,468994370.7696,412,2011,194,92.65057398497956
2011-10-05,2011-10-04,Prod. Sold Negotiated,16844,93.07,196.93,93.07,3317088.92,308721465.7844,3941192.06,363693203.2968,413,2011,195,92.64103593316663
2011-10-05,2011-10-04,Prod. Sold Swine or Pork Market Formula,138678,92.21,205.0,92.20999999999998,28428990.0,2621437167.9,27652385.8,2532682015.422,413,2011,195,91.9042928208976
2011-10-06,2011-10-05,Prod. Sold Swine or Pork Market Formula,146394,93.25,204.9,93.25,29996130.6,2797139178.4500003,28428990.0,2621437167.9,414,2011,196,92.74394799195332
2011-10-06,2011-10-05,Prod. Sold Negotiated,11341,93.5,196.04,93.5,2223289.64,207877581.34,3317088.92,308721465.7844,414,2011,196,93.24255401139952
2011-10-07,2011-10-06,Prod. Sold Swine or Pork Market Formula,140833,93.75,205.4,93.75,28927098.2,2711915456.25,29996130.6,2797139178.4500003,415,2011,197,93.49546429981108
2011-10-07,2011-10-06,Prod. Sold Negotiated,13634,93.64,194.66,93.64,2653994.44,248520039.3616,2223289.64,207877581.34,415,2011,197,93.57618158292716
2011-10-10,2011-10-07,Prod. Sold Swine or Pork Market Formula,222589,93.68,206.21,93.68,45900077.690000005,4299919277.999201,28927098.2,2711915456.25,421,2011,198,93.70706098218884
2011-10-10,2011-10-07,Prod. Sold Negotiated,32507,94.54,201.13,94.54,6538132.91,618115085.3114,2653994.44,248520039.3616,421,2011,198,94.28014774762669
2011-10-11,2011-10-10,Prod. Sold Negotiated,14886,94.64,199.7,94.64,2972734.2,281339564.688,6538132.91,618115085.3114,422,2011,199,94.57125618480016
2011-10-11,2011-10-10,Prod. Sold Swine or Pork Market Formula,143836,93.7,204.14,93.7,29362681.04,2751283213.448,45900077.690000005,4299919277.999201,422,2011,199,93.68780271186851
2011-10-12,2011-10-11,Prod. Sold Swine or Pork Market Formula,151228,93.49,205.17,93.49,31027448.76,2900756184.5724,29362681.04,2751283213.448,423,2011,200,93.59210547715033
2011-10-12,2011-10-11,Prod. Sold Negotiated,15034,95.9,197.11,95.9,2963351.74,284185431.86600006,2972734.2,281339564.688,423,2011,200,95.26900423446365
2011-10-13,2011-10-12,Prod. Sold Swine or Pork Market Formula,159220,93.46,206.43,93.46,32867784.6,3071823148.716,31027448.76,2900756184.5724,424,2011,201,93.47456796405385
2011-10-13,2011-10-12,Prod. Sold Negotiated,13551,96.04,195.92,96.04,2654911.92,254977740.7968,2963351.74,284185431.86600006,424,2011,201,95.96615703557069
2011-10-14,2011-10-13,Prod. Sold Swine or Pork Market Formula,155805,93.56,207.38,93.56,32310840.9,3023002274.604,32867784.6,3071823148.716,425,2011,202,93.50957275587224
2011-10-14,2011-10-13,Prod. Sold Negotiated,13410,93.98,195.25,93.98,2618302.5,246068068.95,2654911.92,254977740.7968,425,2011,202,95.01715080017551
2011-10-17,2011-10-14,Prod. Sold Swine or Pork Market Formula,225747,93.51,207.55,93.51000000000002,46853789.85,4381297888.873501,32310840.9,3023002274.604,431,2011,203,93.53040737169738
2011-10-17,2011-10-14,Prod. Sold Negotiated,18855,93.35,199.22,93.35,3756293.1,350649960.885,2618302.5,246068068.95,431,2011,203,93.60876630903458
2011-10-18,2011-10-17,Prod. Sold Negotiated,14098,93.54,198.66,93.54,2800708.68,261978289.9272,3756293.1,350649960.885,432,2011,204,93.4311551783962
2011-10-18,2011-10-17,Prod. Sold Swine or Pork Market Formula,151740,93.48,206.58,93.48,31346449.200000003,2930266071.216001,46853789.85,4381297888.873501,432,2011,204,93.49797454474019
2011-10-19,2011-10-18,Prod. Sold Swine or Pork Market Formula,154658,93.47,207.57,93.47,32102361.06,3000607688.2782,31346449.200000003,2930266071.216001,433,2011,205,93.47494043136057
2011-10-19,2011-10-18,Prod. Sold Negotiated,12175,94.26,197.92,94.26,2409676.0,227136059.76,2800708.68,261978289.9272,433,2011,205,93.87298246224691
2011-10-20,2011-10-19,Prod. Sold Negotiated,12107,94.03,196.23,94.03,2375756.61,223392394.0383,2409676.0,227136059.76,434,2011,206,94.14581512585549
2011-10-20,2011-10-19,Prod. Sold Swine or Pork Market Formula,153504,93.72,205.73,93.72,31580377.92,2959713018.6624,32102361.06,3000607688.2782,434,2011,206,93.5939754226413
2011-10-21,2011-10-20,Prod. Sold Negotiated,15693,93.94,198.92,93.94,3121651.56,293247947.54639995,2375756.61,223392394.0383,435,2011,207,93.9788943458968
2011-10-21,2011-10-20,Prod. Sold Swine or Pork Market Formula,154898,94.15,207.12,94.15,32082473.76,3020564904.504,31580377.92,2959713018.6624,435,2011,207,93.93669566085639
2011-10-24,2011-10-21,Prod. Sold Swine or Pork Market Formula,234411,94.05,207.03,94.05,48530109.33,4564256782.4865,32082473.76,3020564904.504,441,2011,208,94.08979834478717
2011-10-24,2011-10-21,Prod. Sold Negotiated,27233,94.25,202.98,94.25,5527754.34,520990846.545,3121651.56,293247947.54639995,441,2011,208,94.13811809796093
2011-10-25,2011-10-24,Prod. Sold Swine or Pork Market Formula,145434,93.91,205.88,93.90999999999998,29941951.92,2811848704.8071995,48530109.33,4564256782.4865,442,2011,209,93.99658132841132
2011-10-25,2011-10-24,Prod. Sold Negotiated,14170,93.52,200.09,93.52,2835275.3000000003,265154946.056,5527754.34,520990846.545,442,2011,209,94.00251182189997
2011-10-26,2011-10-25,Prod. Sold Swine or Pork Market Formula,151264,93.27,205.97,93.27,31155846.08,2905905763.8816,29941951.92,2811848704.8071995,443,2011,210,93.58364222371482
2011-10-26,2011-10-25,Prod. Sold Negotiated,13156,94.0,196.25,94.0,2581865.0,242695310.0,2835275.3000000003,265154946.056,443,2011,210,93.74877295609271
2011-10-27,2011-10-26,Prod. Sold Swine or Pork Market Formula,154676,92.24,206.52,92.24,31943687.520000003,2946485736.8448,31155846.08,2905905763.8816,444,2011,211,92.74856986781914
2011-10-27,2011-10-26,Prod. Sold Negotiated,12276,93.75,199.16,93.75,2444888.16,229208265.0,2581865.0,242695310.0,444,2011,211,93.87840619570031
2011-10-28,2011-10-27,Prod. Sold Swine or Pork Market Formula,149755,91.38,207.06,91.38,31008270.3,2833535740.014,31943687.520000003,2946485736.8448,445,2011,212,91.8163894661664
2011-10-28,2011-10-27,Prod. Sold Negotiated,12959,92.19,201.24,92.19,2607869.16,240419457.8604,2444888.16,229208265.0,445,2011,212,92.94484043425224
2011-10-31,2011-10-28,Prod. Sold Swine or Pork Market Formula,218646,90.8,207.44,90.8,45355926.24,4118318102.592,31008270.3,2833535740.014,451,2011,213,91.0355134682073
2011-10-31,2011-10-28,Prod. Sold Negotiated,23841,91.92,203.23,91.92,4845206.43,445371375.0456,2607869.16,240419457.8604,451,2011,213,92.01447437701354
2011-11-01,2011-10-31,Prod. Sold Negotiated,15318,90.65,200.22,90.65,3066969.96,278020826.874,4845206.43,445371375.0456,452,2011,214,91.42771422966216
2011-11-01,2011-10-31,Prod. Sold Swine or Pork Market Formula,148275,90.51,207.5,90.51,30767062.5,2784726826.875,45355926.24,4118318102.592,452,2011,214,90.68278904608599
2011-11-02,2011-11-01,Prod. Sold Negotiated,14058,90.91,199.27,90.91,2801337.66,254669606.6706,3066969.96,278020826.874,453,2011,215,90.77411547566416
2011-11-02,2011-11-01,Prod. Sold Swine or Pork Market Formula,152948,90.33,207.49,90.32999999999998,31735180.52,2866638856.3716,30767062.5,2784726826.875,453,2011,215,90.41860596008094
2011-11-03,2011-11-02,Prod. Sold Negotiated,13395,90.37,196.45,90.37,2631447.75,237803933.1675,2801337.66,254669606.6706,454,2011,216,90.64844323348673
2011-11-03,2011-11-02,Prod. Sold Swine or Pork Market Formula,160630,90.09,206.64,90.09,33192583.2,2990319820.488,31735180.52,2866638856.3716,454,2011,216,90.20730641698435
2011-11-04,2011-11-03,Prod. Sold Swine or Pork Market Formula,154171,89.79,208.27,89.79,32109194.17,2883084544.5243006,33192583.2,2990319820.488,455,2011,217,89.94248857475317
2011-11-04,2011-11-03,Prod. Sold Negotiated,13563,89.39,201.16,89.39,2728333.08,243885694.0212,2631447.75,237803933.1675,455,2011,217,89.87114258339926
2011-11-07,2011-11-04,Prod. Sold Swine or Pork Market Formula,253774,89.22,208.55,89.22,52924567.7,4721929930.194,32109194.17,2883084544.5243006,461,2011,218,89.4352349875439
2011-11-07,2011-11-04,Prod. Sold Negotiated,35565,89.85,205.59,89.85000000000002,7311808.35,656965980.2475001,2728333.08,243885694.0212,461,2011,218,89.72499845240726
2011-11-08,2011-11-07,Prod. Sold Swine or Pork Market Formula,157315,88.65,207.7,88.65,32674325.5,2896578955.5750003,52924567.7,4721929930.194,462,2011,219,89.0024228230208
2011-11-08,2011-11-07,Prod. Sold Negotiated,20529,90.32,200.51,90.32,4116269.79,371781487.4328,7311808.35,656965980.2475001,462,2011,219,90.0192889020883
2011-11-09,2011-11-08,Prod. Sold Swine or Pork Market Formula,158033,88.13,207.77,88.13,32834516.41,2893705931.2133,32674325.5,2896578955.5750003,463,2011,220,88.38936421351094
2011-11-09,2011-11-08,Prod. Sold Negotiated,12667,88.7,198.59,88.7,2515539.5300000003,223128356.311,4116269.79,371781487.4328,463,2011,220,89.7055109756684
2011-11-10,2011-11-09,Prod. Sold Swine or Pork Market Formula,161058,87.47,209.02,87.47,33664343.160000004,2944620096.2052,32834516.41,2893705931.2133,464,2011,221,87.7958819921233
2011-11-10,2011-11-09,Prod. Sold Negotiated,11509,87.53,196.62,87.53,2262899.58,198071600.2374,2515539.5300000003,223128356.311,464,2011,221,88.14592942430525
2011-11-11,2011-11-10,Prod. Sold Negotiated,9540,86.81,208.24,86.81,1986609.6,172457579.37600002,2262899.58,198071600.2374,465,2011,222,87.19340608964161
2011-11-11,2011-11-10,Prod. Sold Swine or Pork Market Formula,141829,86.63,209.58,86.62999999999998,29724521.82,2575035325.2666,33664343.160000004,2944620096.2052,465,2011,222,87.07610434755885
2011-11-14,2011-11-11,Prod. Sold Swine or Pork Market Formula,223857,86.03,209.64,86.03,46929381.48,4037334688.7244,29724521.82,2575035325.2666,471,2011,223,86.26266542634104
2011-11-14,2011-11-11,Prod. Sold Negotiated,22740,86.45,204.2,86.45,4643508.0,401431266.6,1986609.6,172457579.37600002,471,2011,223,86.55786829120498
2011-11-15,2011-11-14,Prod. Sold Swine or Pork Market Formula,154787,85.17,208.23,85.17,32231297.01,2745139566.3417,46929381.48,4037334688.7244,472,2011,224,85.67983984526985
2011-11-15,2011-11-14,Prod. Sold Negotiated,15351,85.38,200.57,85.38,3078950.07,262880756.9766,4643508.0,401431266.6,472,2011,224,86.02339016346384
2011-11-16,2011-11-15,Prod. Sold Negotiated,14578,84.58,200.31,84.58,2920119.18,246983680.2444,3078950.07,262880756.9766,473,2011,225,84.99059036883095
2011-11-16,2011-11-15,Prod. Sold Swine or Pork Market Formula,159926,84.66,209.33,84.66,33477309.58,2834189029.0428,32231297.01,2745139566.3417,473,2011,225,84.91016451159386
2011-11-17,2011-11-16,Prod. Sold Negotiated,11133,84.61,195.89,84.61,2180843.37,184521157.5357,2920119.18,246983680.2444,474,2011,226,84.59282606967973
2011-11-17,2011-11-16,Prod. Sold Swine or Pork Market Formula,145887,84.28,208.06,84.28,30353249.22,2558171844.2616,33477309.58,2834189029.0428,474,2011,226,84.47929917393107
2011-11-18,2011-11-17,Prod. Sold Negotiated,12508,82.42,199.46,82.42,2494845.68,205625180.94560003,2180843.37,184521157.5357,475,2011,227,83.44146377340897
2011-11-18,2011-11-17,Prod. Sold Swine or Pork Market Formula,152857,83.59,209.9,83.59,32084684.3,2681958760.637,30353249.22,2558171844.2616,475,2011,227,83.92543297769603
2011-11-21,2011-11-18,Prod. Sold Negotiated,28490,82.95,205.39,82.95,5851561.1,485386993.245,2494845.68,205625180.94560003,481,2011,228,82.79157635192567
2011-11-21,2011-11-18,Prod. Sold Swine or Pork Market Formula,240368,83.34,209.78,83.34,50424399.04,4202369415.9936,32084684.3,2681958760.637,481,2011,228,83.43721561251562
2011-11-22,2011-11-21,Prod. Sold Negotiated,11829,82.36,197.99,82.36,2342023.71,192889072.7556,5851561.1,485386993.245,482,2011,229,82.78135660142145
2011-11-22,2011-11-21,Prod. Sold Swine or Pork Market Formula,146704,83.35,208.55,83.35,30595119.200000003,2550103185.32,50424399.04,4202369415.9936,482,2011,229,83.34377626525863
2011-11-23,2011-11-22,Prod. Sold Negotiated,10046,82.23,193.62,82.23,1945106.52,159946109.1396,2342023.71,192889072.7556,483,2011,230,82.30101792247164
2011-11-23,2011-11-22,Prod. Sold Swine or Pork Market Formula,157147,83.82,207.9,83.82,32670861.3,2738471594.166,30595119.200000003,2550103185.32,483,2011,230,83.59271029532216
2011-11-25,2011-11-23,Prod. Sold Negotiated,11306,82.5,197.4,82.5,2231804.4,184123863.0,1945106.52,159946109.1396,485,2011,231,82.37426622916824
2011-11-25,2011-11-23,Prod. Sold Swine or Pork Market Formula,150555,83.71,208.61,83.71,31407278.55,2629103287.4205,32670861.3,2738471594.166,485,2011,231,83.7660845672395
2011-11-28,2011-11-25,Prod. Sold Negotiated,28461,82.58,208.09,82.58,5922449.49,489075878.8842,2231804.4,184123863.0,491,2011,232,82.55810414608025
2011-11-28,2011-11-25,Prod. Sold Swine or Pork Market Formula,290175,84.05,210.85,84.05,61183398.75,5142464664.9375,31407278.55,2629103287.4205,491,2011,232,83.9346700875467
2011-11-29,2011-11-28,Prod. Sold Negotiated,14860,83.66,202.91,83.66,3015242.6,252255195.916,5922449.49,489075878.8842,492,2011,233,82.94435155465285
2011-11-29,2011-11-28,Prod. Sold Swine or Pork Market Formula,143640,84.55,208.92,84.55,30009268.8,2537283677.0399995,61183398.75,5142464664.9375,492,2011,233,84.21453772877926
2011-11-30,2011-11-29,Prod. Sold Swine or Pork Market Formula,155245,85.52,209.98,85.52,32598345.1,2787810472.952,30009268.8,2537283677.0399995,493,2011,234,85.05505669801606
2011-11-30,2011-11-29,Prod. Sold Negotiated,10042,84.35,197.96,84.35,1987914.32,167680572.892,3015242.6,252255195.916,493,2011,234,83.93415907650564
2011-12-01,2011-11-30,Prod. Sold Negotiated,10094,85.46,197.21,85.46,1990637.74,170119901.2604,1987914.32,167680572.892,494,2011,235,84.90537991160532
2011-12-01,2011-11-30,Prod. Sold Swine or Pork Market Formula,154893,86.36,209.71,86.35999999999999,32482611.03,2805198288.5508,32598345.1,2787810472.952,494,2011,235,85.93925311009103
2011-12-02,2011-12-01,Prod. Sold Swine or Pork Market Formula,142627,86.46,210.57,86.46,30032967.39,2596650360.5394,32482611.03,2805198288.5508,495,2011,236,86.40804077343448
2011-12-02,2011-12-01,Prod. Sold Negotiated,12626,84.86,199.37,84.86,2517245.62,213613463.3132,1990637.74,170119901.2604,495,2011,236,85.1249542032516
2011-12-05,2011-12-02,Prod. Sold Swine or Pork Market Formula,227271,86.28,210.9,86.28,47931453.9,4135525842.492,30032967.39,2596650360.5394,501,2011,237,86.34933847568871
2011-12-05,2011-12-02,Prod. Sold Negotiated,26841,85.0,207.78,85.0,5577022.98,474046953.3,2517245.62,213613463.3132,501,2011,237,84.95646124384851
2011-12-06,2011-12-05,Prod. Sold Negotiated,14721,86.95,203.62,86.95,2997490.02,260631757.239,5577022.98,474046953.3,502,2011,238,85.68168367567931
2011-12-06,2011-12-05,Prod. Sold Swine or Pork Market Formula,139957,86.39,208.56,86.39,29189431.92,2521675023.5688,47931453.9,4135525842.492,502,2011,238,86.32163382561107
2011-12-07,2011-12-06,Prod. Sold Negotiated,11829,86.45,199.35,86.45,2358111.15,203858708.9175,2997490.02,260631757.239,503,2011,239,86.72984626980728
2011-12-07,2011-12-06,Prod. Sold Swine or Pork Market Formula,144535,86.22,209.19,86.22,30235276.65,2606885552.763,29189431.92,2521675023.5688,503,2011,239,86.3035040431129
2011-12-08,2011-12-07,Prod. Sold Negotiated,14410,86.25,200.46,86.25,2888628.6,249144216.75,2358111.15,203858708.9175,504,2011,240,86.33988862655137
2011-12-08,2011-12-07,Prod. Sold Swine or Pork Market Formula,151083,86.38,209.66,86.38,31676061.78,2736178216.5564,30235276.65,2606885552.763,504,2011,240,86.30186173992233
2011-12-09,2011-12-08,Prod. Sold Negotiated,11233,86.05,198.51,86.05,2229862.83,191879696.5215,2888628.6,249144216.75,505,2011,241,86.16287031108696
2011-12-09,2011-12-08,Prod. Sold Swine or Pork Market Formula,158556,85.92,210.07,85.92,33307858.92,2861811238.4064,31676061.78,2736178216.5564,505,2011,241,86.14422451987879
2011-12-12,2011-12-09,Prod. Sold Negotiated,35942,86.13,209.31,86.13,7523020.02,647957714.3226,2229862.83,191879696.5215,511,2011,242,86.11170909779766
2011-12-12,2011-12-09,Prod. Sold Swine or Pork Market Formula,230194,85.94,210.83,85.94,48531801.02,4170822979.6588,33307858.92,2861811238.4064,511,2011,242,85.93186021570851
2011-12-13,2011-12-12,Prod. Sold Negotiated,17280,85.24,205.19,85.24,3545683.2,302234035.968,7523020.02,647957714.3226,512,2011,243,85.84490264168451
2011-12-13,2011-12-12,Prod. Sold Swine or Pork Market Formula,153377,85.85,208.17,85.85000000000002,31928490.09,2741060874.2265,48531801.02,4170822979.6588,512,2011,243,85.90428593448446
2011-12-14,2011-12-13,Prod. Sold Negotiated,13878,85.72,199.58,85.72,2769771.24,237424790.6928,3545683.2,302234035.968,513,2011,244,85.45051378136456
2011-12-14,2011-12-13,Prod. Sold Swine or Pork Market Formula,158054,85.51,208.53,85.51,32959000.62,2818324143.0162,31928490.09,2741060874.2265,513,2011,244,85.67730014540271
2011-12-15,2011-12-14,Prod. Sold Negotiated,13248,85.98,199.69,85.98,2645493.12,227459498.45760003,2769771.24,237424790.6928,514,2011,245,85.84701655274314
2011-12-15,2011-12-14,Prod. Sold Swine or Pork Market Formula,162591,85.54,209.39,85.54,34044929.489999995,2912203268.5746,32959000.62,2818324143.0162,514,2011,245,85.52524310414361
2011-12-16,2011-12-15,Prod. Sold Swine or Pork Market Formula,162552,85.16,210.14,85.16,34158677.28,2908952957.1648,34044929.489999995,2912203268.5746,515,2011,246,85.34968312408796
2011-12-16,2011-12-15,Prod. Sold Negotiated,12937,85.02,200.03,85.02,2587788.11,220013745.1122,2645493.12,227459498.45760003,515,2011,246,85.50529274151009
2011-12-19,2011-12-16,Prod. Sold Swine or Pork Market Formula,239345,84.58,209.39,84.58,50116449.55,4238849302.939,34158677.28,2908952957.1648,521,2011,247,84.81508754679616
2011-12-19,2011-12-16,Prod. Sold Negotiated,34387,85.36,207.8,85.36000000000001,7145618.600000001,609950003.6960001,2587788.11,220013745.1122,521,2011,247,85.26960534336902
2011-12-20,2011-12-19,Prod. Sold Negotiated,17100,84.67,202.96,84.67,3470616.0,293857056.72,7145618.600000001,609950003.6960001,522,2011,248,85.13442802177714
2011-12-20,2011-12-19,Prod. Sold Swine or Pork Market Formula,146519,84.34,208.48,84.34,30546281.12,2576273349.6608,50116449.55,4238849302.939,522,2011,248,84.48911406782406
2011-12-21,2011-12-20,Prod. Sold Swine or Pork Market Formula,146748,83.7,208.5,83.7,30596958.0,2560965384.6,30546281.12,2576273349.6608,523,2011,249,84.0197347768644
2011-12-21,2011-12-20,Prod. Sold Negotiated,15461,84.4,199.89,84.4,3090499.29,260838140.076,3470616.0,293857056.72,523,2011,249,84.54282119404736
2011-12-22,2011-12-21,Prod. Sold Swine or Pork Market Formula,154620,83.34,209.98,83.34,32467107.6,2705808747.384,30596958.0,2560965384.6,524,2011,250,83.51466214357103
2011-12-22,2011-12-21,Prod. Sold Negotiated,13735,83.59,197.46,83.59,2712113.1,226705534.029,3090499.29,260838140.076,524,2011,250,84.02140989896449
2011-12-23,2011-12-22,Prod. Sold Negotiated,12097,82.51,195.52,82.51,2365205.44,195153100.8544,2712113.1,226705534.029,525,2011,251,83.08689548625405
2011-12-23,2011-12-22,Prod. Sold Swine or Pork Market Formula,146714,82.83,209.58,82.83,30748320.12,2546883355.5396,32467107.6,2705808747.384,525,2011,251,83.09193328864815
2011-12-27,2011-12-26,Prod. Sold Negotiated,13681,82.35,205.0,82.35,2804605.0,230959221.75,2804605.0,230959221.75,532,2011,252,82.35
2011-12-27,2011-12-23,Prod. Sold Swine or Pork Market Formula,160867,82.38,209.23,82.38,33658202.41,2772762714.5357995,30748320.12,2546883355.5396,532,2011,252,82.59483451536377
2011-12-27,2011-12-26,Prod. Sold Swine or Pork Market Formula,160867,82.38,209.23,82.38,33658202.41,2772762714.5357995,33658202.41,2772762714.5357995,532,2011,252,82.38
2011-12-27,2011-12-23,Prod. Sold Negotiated,13681,82.35,205.0,82.35,2804605.0,230959221.75,2365205.44,195153100.8544,532,2011,252,82.42320053119782
2011-12-28,2011-12-27,Prod. Sold Swine or Pork Market Formula,152967,81.99,208.83,81.99,31944098.610000003,2619096645.0339003,33658202.41,2772762714.5357995,533,2011,253,82.19009509934565
2011-12-28,2011-12-27,Prod. Sold Negotiated,11120,80.46,202.05,80.46,2246796.0,180777206.16,2804605.0,230959221.75,533,2011,253,81.50935312995344
2011-12-29,2011-12-28,Prod. Sold Swine or Pork Market Formula,158895,81.71,210.05,81.71,33375894.75,2727144360.0225,31944098.610000003,2619096645.0339003,534,2011,254,81.84693123882461
2011-12-29,2011-12-28,Prod. Sold Negotiated,10332,80.6,200.45,80.6,2071049.4,166926581.64,2246796.0,180777206.16,534,2011,254,80.52715083314467
2011-12-30,2011-12-29,Prod. Sold Negotiated,11048,80.01,200.65,80.01,2216781.2,177364663.81200004,2071049.4,166926581.64,535,2011,255,80.29497374546467
2011-12-30,2011-12-29,Prod. Sold Swine or Pork Market Formula,155394,81.53,210.4,81.53,32694897.6,2665615001.328,33375894.75,2727144360.0225,535,2011,255,81.62092763748275
2012-01-03,2011-12-30,Prod. Sold Swine or Pork Market Formula,248519,81.44,211.37,81.44,52529461.03,4277999306.2832,32694897.6,2665615001.328,22,2012,1,81.47452699241511
2012-01-03,2011-12-30,Prod. Sold Negotiated,21037,80.39,209.92,80.39,4416087.04,355009237.1456,2216781.2,177364663.81200004,22,2012,1,80.26299960959274
2012-01-04,2012-01-03,Prod. Sold Swine or Pork Market Formula,149459,81.83,210.81,81.83,31507451.79,2578254779.9757,52529461.03,4277999306.2832,23,2012,2,81.5862203427727
2012-01-04,2012-01-03,Prod. Sold Negotiated,10553,80.61,202.92,80.61,2141414.76,172619443.80359998,4416087.04,355009237.1456,23,2012,2,80.46184309841898
2012-01-05,2012-01-04,Prod. Sold Swine or Pork Market Formula,159633,82.3,211.22,82.3,33717682.26,2774965249.998,31507451.79,2578254779.9757,24,2012,3,82.07296325171293
2012-01-05,2012-01-04,Prod. Sold Negotiated,11269,82.05,197.39,82.05,2224387.91,182511028.0155,2141414.76,172619443.80359998,24,2012,3,81.34368377650472
2012-01-06,2012-01-05,Prod. Sold Swine or Pork Market Formula,159013,82.48,212.48,82.48,33787082.24,2786758543.1552005,33717682.26,2774965249.998,25,2012,4,82.39009252677565
2012-01-06,2012-01-05,Prod. Sold Negotiated,12581,82.16,199.24,82.16,2506638.44,205945414.2304,2224387.91,182511028.0155,25,2012,4,82.10828127091281
2012-01-09,2012-01-06,Prod. Sold Swine or Pork Market Formula,291481,83.03,212.13,83.03,61831864.53,5133899711.9259,33787082.24,2786758543.1552005,31,2012,5,82.83565676720222
2012-01-09,2012-01-06,Prod. Sold Negotiated,29398,82.47,207.93,82.47,6112726.140000001,504116524.76580006,2506638.44,205945414.2304,31,2012,5,82.37984742446062
2012-01-10,2012-01-09,Prod. Sold Swine or Pork Market Formula,161154,83.63,211.08,83.63,34016386.32,2844790387.9416,61831864.53,5133899711.9259,32,2012,6,83.24293901152083
2012-01-10,2012-01-09,Prod. Sold Negotiated,12897,84.27,202.66,84.27,2613706.02,220257006.3054,6112726.140000001,504116524.76580006,32,2012,6,83.00912879281469
2012-01-11,2012-01-10,Prod. Sold Swine or Pork Market Formula,153687,83.85,210.38,83.85,32332671.06,2711094468.381,34016386.32,2844790387.9416,33,2012,7,83.7372085710647
2012-01-11,2012-01-10,Prod. Sold Negotiated,11896,84.73,198.47,84.73,2360999.12,200047455.4376,2613706.02,220257006.3054,33,2012,7,84.48831637547065
2012-01-12,2012-01-11,Prod. Sold Swine or Pork Market Formula,167623,84.38,211.06,84.38,35378510.38,2985238705.8644,32332671.06,2711094468.381,34,2012,8,84.1269204450821
2012-01-12,2012-01-11,Prod. Sold Negotiated,12738,84.48,199.86,84.48,2545816.68,215070593.1264,2360999.12,200047455.4376,34,2012,8,84.60029181531533
2012-01-13,2012-01-12,Prod. Sold Negotiated,15414,84.43,204.8,84.43,3156787.2,266527543.29600003,2545816.68,215070593.1264,35,2012,9,84.45232152831909
2012-01-13,2012-01-12,Prod. Sold Swine or Pork Market Formula,163913,84.54,211.63,84.54,34688908.19,2932600298.3826,35378510.38,2985238705.8644,35,2012,9,84.45921264153404
2012-01-16,2012-01-13,Prod. Sold Swine or Pork Market Formula,205941,84.45,212.42,84.45,43745987.22,3694348620.729,34688908.19,2932600298.3826,41,2012,10,84.48980373430447
2012-01-16,2012-01-13,Prod. Sold Negotiated,25482,84.78,208.91,84.78,5323444.62,451321634.8836,3156787.2,266527543.29600003,41,2012,10,84.64971163719909
2012-01-17,2012-01-16,Prod. Sold Swine or Pork Market Formula,126481,84.62,209.04,84.62,26439588.24,2237317956.8688,43745987.22,3694348620.729,42,2012,11,84.51404065181971
2012-01-17,2012-01-16,Prod. Sold Negotiated,18828,85.84,206.32,85.84,3884592.96,333453459.6864,5323444.62,451321634.8836,42,2012,11,85.22718198658785
2012-01-18,2012-01-17,Prod. Sold Swine or Pork Market Formula,147253,84.75,208.89,84.75,30759679.17,2606882809.6575,26439588.24,2237317956.8688,43,2012,12,84.68990925711405
2012-01-18,2012-01-17,Prod. Sold Negotiated,14441,84.99,204.32,84.99,2950585.12,250770229.3488,3884592.96,333453459.6864,43,2012,12,85.4730750534008
2012-01-19,2012-01-18,Prod. Sold Negotiated,15123,85.8,199.6,85.8,3018550.8,258991658.64,2950585.12,250770229.3488,44,2012,13,85.39961140452637
2012-01-19,2012-01-18,Prod. Sold Swine or Pork Market Formula,146034,85.08,209.27,85.08,30560535.18,2600090333.1144,30759679.17,2606882809.6575,44,2012,13,84.91446414475719
2012-01-20,2012-01-19,Prod. Sold Swine or Pork Market Formula,145444,85.36,209.61,85.36,30486516.840000004,2602329077.4624004,30560535.18,2600090333.1144,45,2012,14,85.21983025277622
2012-01-20,2012-01-19,Prod. Sold Negotiated,15343,85.82,202.07,85.82,3100360.01,266072896.0582,3018550.8,258991658.64,45,2012,14,85.81013369897444
2012-01-23,2012-01-20,Prod. Sold Negotiated,21580,85.32,205.82,85.32,4441595.6,378956936.592,3100360.01,266072896.0582,51,2012,15,85.52554085507272
2012-01-23,2012-01-20,Prod. Sold Swine or Pork Market Formula,200918,85.39,210.34,85.39,42261092.12,3608674656.1268,30486516.840000004,2602329077.4624004,51,2012,15,85.37742782727467
2012-01-24,2012-01-23,Prod. Sold Negotiated,15146,85.66,200.24,85.66,3032835.04,259792649.5264,4441595.6,378956936.592,52,2012,16,85.45795885777328
2012-01-24,2012-01-23,Prod. Sold Swine or Pork Market Formula,140218,86.11,208.66,86.11,29257887.88,2519396725.3468,42261092.12,3608674656.1268,52,2012,16,85.68454669618609
2012-01-25,2012-01-24,Prod. Sold Negotiated,14541,85.82,200.37,85.82,2913580.17,250043450.1894,3032835.04,259792649.5264,53,2012,17,85.73839560655233
2012-01-25,2012-01-24,Prod. Sold Swine or Pork Market Formula,151323,86.55,208.13,86.55,31494855.99,2725879785.9345,29257887.88,2519396725.3468,53,2012,17,86.3381005885965
2012-01-26,2012-01-25,Prod. Sold Negotiated,13614,87.06,200.05,87.06,2723480.7,237106229.742,2913580.17,250043450.1894,54,2012,18,86.41909164472088
2012-01-26,2012-01-25,Prod. Sold Swine or Pork Market Formula,153742,87.03,208.14,87.03,31999859.88,2784947805.3564,31494855.99,2725879785.9345,54,2012,18,86.7919088349627
2012-01-27,2012-01-26,Prod. Sold Negotiated,16484,86.98,201.19,86.98,3316415.96,288461860.2008,2723480.7,237106229.742,55,2012,19,87.01607320923932
2012-01-27,2012-01-26,Prod. Sold Swine or Pork Market Formula,149134,87.75,209.34,87.75,31219711.56,2739529689.39,31999859.88,2784947805.3564,55,2012,19,87.38555749289654
2012-01-30,2012-01-27,Prod. Sold Negotiated,24862,87.55,208.87,87.55,5192925.94,454640666.04700005,3316415.96,288461860.2008,61,2012,20,87.32784920156988
2012-01-30,2012-01-27,Prod. Sold Swine or Pork Market Formula,169189,87.77,209.83,87.77,35500927.870000005,3115916439.1499004,31219711.56,2739529689.39,61,2012,20,87.76064166296163
2012-01-31,2012-01-30,Prod. Sold Swine or Pork Market Formula,145069,87.82,208.21,87.82,30204816.49,2652586984.1518,35500927.870000005,3115916439.1499004,62,2012,21,87.79298491310327
2012-01-31,2012-01-30,Prod. Sold Negotiated,18439,87.93,201.89,87.93000000000002,3722649.71,327332589.00030005,5192925.94,454640666.04700005,62,2012,21,87.7086669156691
2012-02-01,2012-01-31,Prod. Sold Swine or Pork Market Formula,148247,88.07,208.77,88.07,30949526.19,2725724771.5533,30204816.49,2652586984.1518,63,2012,22,87.9465221930025
2012-02-01,2012-01-31,Prod. Sold Negotiated,18210,87.92,201.74,87.92,3673685.4,322990420.36800003,3722649.71,327332589.00030005,63,2012,22,87.9250331003864
2012-02-02,2012-02-01,Prod. Sold Swine or Pork Market Formula,145485,88.19,208.57,88.19,30343806.45,2676020290.8255,30949526.19,2725724771.5533,64,2012,23,88.12940706137462
2012-02-02,2012-02-01,Prod. Sold Negotiated,14587,87.42,196.84,87.42,2871305.08,251009490.0936,3673685.4,322990420.36800003,64,2012,23,87.70064864351033
2012-02-03,2012-02-02,Prod. Sold Swine or Pork Market Formula,145999,88.06,209.37,88.06,30567810.63,2691801404.0778,30343806.45,2676020290.8255,65,2012,24,88.12476096067715
2012-02-03,2012-02-02,Prod. Sold Negotiated,12839,87.51,198.66,87.51,2550595.74,223202633.2074,2871305.08,251009490.0936,65,2012,24,87.46233821757734
2012-02-06,2012-02-03,Prod. Sold Swine or Pork Market Formula,174318,87.67,210.74,87.67,36735775.32,3220625422.3044,30567810.63,2691801404.0778,71,2012,25,87.84712943489454
2012-02-06,2012-02-03,Prod. Sold Negotiated,13417,88.43,202.38,88.43,2715332.46,240116849.4378,2550595.74,223202633.2074,71,2012,25,87.98439041481805
2012-02-07,2012-02-06,Prod. Sold Negotiated,15769,87.65,201.79,87.64999999999998,3182026.51,278904623.6015,2715332.46,240116849.4378,72,2012,26,88.00913691697828
2012-02-07,2012-02-06,Prod. Sold Swine or Pork Market Formula,152157,87.69,209.42,87.69,31864718.94,2794217203.8486,36735775.32,3220625422.3044,72,2012,26,87.67928993858827
2012-02-08,2012-02-07,Prod. Sold Negotiated,13219,87.32,200.23,87.32,2646840.37,231122101.1084,3182026.51,278904623.6015,73,2012,27,87.50014972205025
2012-02-08,2012-02-07,Prod. Sold Swine or Pork Market Formula,160496,87.65,209.41,87.65,33609467.36,2945869814.104,31864718.94,2794217203.8486,73,2012,27,87.669467042351
2012-02-09,2012-02-08,Prod. Sold Swine or Pork Market Formula,162295,87.79,210.25,87.79,34122523.75,2995616360.0125003,33609467.36,2945869814.104,74,2012,28,87.72053023610722
2012-02-09,2012-02-08,Prod. Sold Negotiated,12423,87.65,200.64,87.65,2492550.72,218472070.608,2646840.37,231122101.1084,74,2012,28,87.48004653531822
2012-02-10,2012-02-09,Prod. Sold Swine or Pork Market Formula,172493,87.55,210.23,87.55,36263203.39,3174843456.7945,34122523.75,2995616360.0125003,75,2012,29,87.66635037432675
2012-02-10,2012-02-09,Prod. Sold Negotiated,10613,87.09,201.12,87.09,2134486.56,185892434.51040003,2492550.72,218472070.608,75,2012,29,87.3916678532575
2012-02-13,2012-02-10,Prod. Sold Negotiated,15701,87.03,203.95,87.03,3202218.95,278689115.2185,2134486.56,185892434.51040003,81,2012,30,87.05399780039576
2012-02-13,2012-02-10,Prod. Sold Swine or Pork Market Formula,184516,87.44,210.42,87.44,38825856.72,3394932911.5968,36263203.39,3174843456.7945,81,2012,30,87.4931229498286
2012-02-14,2012-02-13,Prod. Sold Swine or Pork Market Formula,156857,87.4,209.12,87.4,32801935.84,2866889192.4160004,38825856.72,3394932911.5968,82,2012,31,87.42168200656886
2012-02-14,2012-02-13,Prod. Sold Negotiated,12448,85.88,197.95,85.88,2464081.6,211615327.808,3202218.95,278689115.2185,82,2012,31,86.52990407056683
2012-02-15,2012-02-14,Prod. Sold Swine or Pork Market Formula,162851,87.17,209.09,87.17,34050515.59,2968183443.9803004,32801935.84,2866889192.4160004,83,2012,32,87.28285218539966
2012-02-15,2012-02-14,Prod. Sold Negotiated,12822,86.15,197.46,86.15,2531832.12,218117337.138,2464081.6,211615327.808,83,2012,32,86.01683076023977
2012-02-16,2012-02-15,Prod. Sold Swine or Pork Market Formula,166509,87.16,209.38,87.16,34863654.42,3038716119.2472,34050515.59,2968183443.9803004,84,2012,33,87.1649410035099
2012-02-16,2012-02-15,Prod. Sold Negotiated,11063,85.82,197.42,85.82,2184057.46,187435811.2172,2531832.12,218117337.138,84,2012,33,85.99716797338584
2012-02-17,2012-02-16,Prod. Sold Swine or Pork Market Formula,159744,87.2,208.89,87.2,33368924.16,2909770186.752,34863654.42,3038716119.2472,85,2012,34,87.17956187197052
2012-02-17,2012-02-16,Prod. Sold Negotiated,13184,86.15,198.0,86.15,2610432.0,224888716.8,2184057.46,187435811.2172,85,2012,34,85.99967347038448
2012-02-20,2012-02-17,Prod. Sold Swine or Pork Market Formula,170844,86.84,210.98,86.84,36044667.12,3130118892.7008,33368924.16,2909770186.752,91,2012,35,87.01306139152406
2012-02-20,2012-02-17,Prod. Sold Negotiated,12254,86.45,210.63,86.45,2581060.02,223132638.729,2610432.0,224888716.8,91,2012,35,86.29915134281573
2012-02-21,2012-02-20,Prod. Sold Negotiated,12944,86.16,207.47,86.16,2685491.68,231381963.1488,2581060.02,223132638.729,92,2012,36,86.30212476178674
2012-02-21,2012-02-20,Prod. Sold Swine or Pork Market Formula,138675,87.2,209.18,87.2,29008036.5,2529500782.8,36044667.12,3130118892.7008,92,2012,36,87.00052973295317
2012-02-22,2012-02-21,Prod. Sold Swine or Pork Market Formula,153905,87.41,208.66,87.41,32113817.3,2807068770.193,29008036.5,2529500782.8,93,2012,37,87.31033535820211
2012-02-22,2012-02-21,Prod. Sold Negotiated,11675,86.3,197.32,86.3,2303711.0,198810259.3,2685491.68,231381963.1488,93,2012,37,86.22464350331823
2012-02-23,2012-02-22,Prod. Sold Swine or Pork Market Formula,156644,87.78,209.01,87.78,32740162.44,2873931458.9832,32113817.3,2807068770.193,94,2012,38,87.59678668836305
2012-02-23,2012-02-22,Prod. Sold Negotiated,8364,86.87,194.67,86.87,1628219.88,141443460.9756,2303711.0,198810259.3,94,2012,38,86.53603805863443
2012-02-24,2012-02-23,Prod. Sold Negotiated,11966,86.79,199.36,86.79,2385541.76,207041169.35040003,1628219.88,141443460.9756,95,2012,39,86.82245274684523
2012-02-24,2012-02-23,Prod. Sold Swine or Pork Market Formula,150078,88.24,209.23,88.24,31400819.94,2770808351.5055995,32740162.44,2873931458.9832,95,2012,39,88.0051973174783
2012-02-27,2012-02-24,Prod. Sold Swine or Pork Market Formula,183441,88.19,210.05,88.19,38531782.05,3398117858.9895005,31400819.94,2770808351.5055995,101,2012,40,88.21245077334923
2012-02-27,2012-02-24,Prod. Sold Negotiated,12656,87.32,200.42,87.32,2536515.52,221488535.2064,2385541.76,207041169.35040003,101,2012,40,87.06312831792157
2012-02-28,2012-02-27,Prod. Sold Swine or Pork Market Formula,152114,87.78,208.49,87.78,31714247.860000003,2783876677.1508,38531782.05,3398117858.9895005,102,2012,41,88.00489570813811
2012-02-28,2012-02-27,Prod. Sold Negotiated,14118,87.5,199.29,87.5,2813576.22,246187919.25,2536515.52,221488535.2064,102,2012,41,87.41466075428454
2012-02-29,2012-02-28,Prod. Sold Negotiated,14461,87.53,198.68,87.53,2873111.48,251483447.8444,2813576.22,246187919.25,103,2012,42,87.51515703849888
2012-02-29,2012-02-28,Prod. Sold Swine or Pork Market Formula,154512,87.51,208.71,87.51,32248199.52,2822039939.9952,31714247.860000003,2783876677.1508,103,2012,42,87.64387303445923
2012-03-01,2012-02-29,Prod. Sold Negotiated,11913,87.12,199.42,87.12,2375690.46,206970152.8752,2873111.48,251483447.8444,104,2012,43,87.34442753989684
2012-03-01,2012-02-29,Prod. Sold Swine or Pork Market Formula,157077,87.63,209.95,87.63,32978316.15,2889889844.2245,32248199.52,2822039939.9952,104,2012,43,87.57067161333623
2012-03-02,2012-03-01,Prod. Sold Swine or Pork Market Formula,151680,87.95,210.37,87.95,31908921.6,2806389654.7200003,32978316.15,2889889844.2245,105,2012,44,87.78736306962766
2012-03-02,2012-03-01,Prod. Sold Negotiated,10905,86.79,198.98,86.79,2169876.9,188323616.151,2375690.46,206970152.8752,105,2012,44,86.96247084680755
2012-03-05,2012-03-02,Prod. Sold Swine or Pork Market Formula,177473,87.53,211.03,87.53,37452127.19,3278184692.9407,31908921.6,2806389654.7200003,111,2012,45,87.72321719186479
2012-03-05,2012-03-02,Prod. Sold Negotiated,16036,87.43,202.51,87.43,3247450.36,283924584.9748,2169876.9,188323616.151,111,2012,45,87.1736519616871
2012-03-06,2012-03-05,Prod. Sold Swine or Pork Market Formula,152336,87.24,209.57,87.24,31925055.52,2785141843.5648,37452127.19,3278184692.9407,112,2012,46,87.39655171427904
2012-03-06,2012-03-05,Prod. Sold Negotiated,14988,86.81,203.87,86.81,3055603.56,265256945.0436,3247450.36,283924584.9748,112,2012,46,87.1294355067805
2012-03-07,2012-03-06,Prod. Sold Swine or Pork Market Formula,154434,87.18,209.35,87.18,32330757.9,2818595473.722,31925055.52,2785141843.5648,113,2012,47,87.20981058412069
2012-03-07,2012-03-06,Prod. Sold Negotiated,10806,86.45,198.32,86.45,2143045.92,185266319.784,3055603.56,265256945.0436,113,2012,47,86.66159673985175
2012-03-08,2012-03-07,Prod. Sold Swine or Pork Market Formula,160177,87.81,209.35,87.81,33533054.95,2944537555.1595,32330757.9,2818595473.722,114,2012,48,87.50075010091827
2012-03-08,2012-03-07,Prod. Sold Negotiated,10283,86.84,195.58,86.84,2011149.14,174648191.3176,2143045.92,185266319.784,114,2012,48,86.63880869898294
2012-03-09,2012-03-08,Prod. Sold Negotiated,14979,87.04,201.73,87.04,3021713.67,263009957.8368,2011149.14,174648191.3176,115,2012,49,86.96007931803726
2012-03-09,2012-03-08,Prod. Sold Swine or Pork Market Formula,158346,87.59,210.34,87.59,33306497.64,2917316128.2876,33533054.95,2944537555.1595,115,2012,49,87.70037285264688
2012-03-12,2012-03-09,Prod. Sold Swine or Pork Market Formula,181690,87.4,210.88,87.4,38314787.2,3348712401.28,33306497.64,2917316128.2876,121,2012,50,87.48835689789338
2012-03-12,2012-03-09,Prod. Sold Negotiated,19071,87.18,205.54,87.18,3919853.34,341732814.1812,3021713.67,263009957.8368,121,2012,50,87.11905700064689
2012-03-13,2012-03-12,Prod. Sold Swine or Pork Market Formula,155378,87.15,210.09,87.15,32643364.02,2844869174.343,38314787.2,3348712401.28,122,2012,51,87.28499078872984
2012-03-13,2012-03-12,Prod. Sold Negotiated,17637,87.85,205.38,87.84999999999998,3622287.06,318217918.221,3919853.34,341732814.1812,122,2012,51,87.50178296895666
2012-03-14,2012-03-13,Prod. Sold Negotiated,14190,88.17,201.31,88.17,2856588.9,251865443.313,3622287.06,318217918.221,123,2012,52,87.99109059251073
2012-03-14,2012-03-13,Prod. Sold Swine or Pork Market Formula,159695,87.15,209.81,87.15,33505607.95,2920013732.8425,32643364.02,2844869174.343,123,2012,52,87.15
2012-03-15,2012-03-14,Prod. Sold Swine or Pork Market Formula,163951,87.68,209.39,87.68,34329699.89,3010028086.3552003,33505607.95,2920013732.8425,124,2012,53,87.41821933180601
2012-03-15,2012-03-14,Prod. Sold Negotiated,13522,88.41,200.76,88.41,2714676.72,240004568.8152,2856588.9,251865443.313,124,2012,53,88.286943340569
2012-03-16,2012-03-15,Prod. Sold Negotiated,15287,87.97,202.33,87.97,3093018.71,272092855.9187,2714676.72,240004568.8152,125,2012,54,88.1756681124547
2012-03-16,2012-03-15,Prod. Sold Swine or Pork Market Formula,166583,87.86,210.18,87.86,35012414.94,3076190776.6284,34329699.89,3010028086.3552003,125,2012,54,87.77088610442085
2012-03-19,2012-03-16,Prod. Sold Swine or Pork Market Formula,181295,88.01,210.99,88.01,38251432.05,3366508534.7205005,35012414.94,3076190776.6284,131,2012,55,87.93831577296619
2012-03-19,2012-03-16,Prod. Sold Negotiated,23778,88.56,206.18,88.56,4902548.04,434169654.4224,3093018.71,272092855.9187,131,2012,55,88.33176339139436
2012-03-20,2012-03-19,Prod. Sold Negotiated,17677,88.19,205.91,88.19,3639871.07,321000229.6633,4902548.04,434169654.4224,132,2012,56,88.4023453264751
2012-03-20,2012-03-19,Prod. Sold Swine or Pork Market Formula,139713,88.17,209.4,88.17,29255902.2,2579492896.974,38251432.05,3366508534.7205005,132,2012,56,88.07933978957996
2012-03-21,2012-03-20,Prod. Sold Swine or Pork Market Formula,148430,87.71,208.63,87.71,30966950.9,2716111263.439,29255902.2,2579492896.974,133,2012,57,87.93346525146615
2012-03-21,2012-03-20,Prod. Sold Negotiated,12749,87.81,199.4,87.81,2542150.6,223226244.186,3639871.07,321000229.6633,133,2012,57,88.03373765095522
2012-03-22,2012-03-21,Prod. Sold Swine or Pork Market Formula,145867,86.94,209.51,86.94,30560595.17,2656938144.0798,30966950.9,2716111263.439,134,2012,58,87.32754271405315
2012-03-22,2012-03-21,Prod. Sold Negotiated,10644,87.44,199.12,87.44,2119433.2800000003,185323246.0032,2542150.6,223226244.186,134,2012,58,87.64177599421421
2012-03-23,2012-03-22,Prod. Sold Swine or Pork Market Formula,153321,86.13,208.77,86.13,32008825.17,2756920111.8921,30560595.17,2656938144.0798,135,2012,59,86.52562588167169
2012-03-23,2012-03-22,Prod. Sold Negotiated,13359,86.35,202.38,86.35,2703594.42,233455378.167,2119433.2800000003,185323246.0032,135,2012,59,86.82899004917596
2012-03-26,2012-03-23,Prod. Sold Negotiated,18705,85.66,205.31,85.66,3840323.55,328962115.293,2703594.42,233455378.167,141,2012,60,85.94507083345971
2012-03-26,2012-03-23,Prod. Sold Swine or Pork Market Formula,184603,85.45,210.97,85.45,38945694.91,3327909630.0595,32008825.17,2756920111.8921,141,2012,60,85.75675989480385
2012-03-27,2012-03-26,Prod. Sold Swine or Pork Market Formula,150435,84.93,209.07,84.93,31451445.45,2671171262.0685,38945694.91,3327909630.0595,142,2012,61,85.21767875015428
2012-03-27,2012-03-26,Prod. Sold Negotiated,12661,84.32,203.3,84.32,2573981.3000000003,217038103.216,3840323.55,328962115.293,142,2012,61,85.122274553103
2012-03-28,2012-03-27,Prod. Sold Swine or Pork Market Formula,156544,83.87,209.33,83.87,32769355.520000003,2748365847.4624004,31451445.45,2671171262.0685,143,2012,62,84.38912358104308
2012-03-28,2012-03-27,Prod. Sold Negotiated,9672,82.16,194.52,82.15999999999998,1881397.44,154575613.6704,2573981.3000000003,217038103.216,143,2012,62,83.40788484491443
2012-03-29,2012-03-28,Prod. Sold Swine or Pork Market Formula,154022,83.7,209.22,83.7,32224482.84,2697189213.708,32769355.520000003,2748365847.4624004,144,2012,63,83.78571259336222
2012-03-29,2012-03-28,Prod. Sold Negotiated,9752,82.41,193.76,82.41,1889547.52,155717611.1232,1881397.44,154575613.6704,144,2012,63,82.2852701604003
2012-03-30,2012-03-29,Prod. Sold Swine or Pork Market Formula,155063,83.0,209.31,83.0,32456236.53,2693867631.99,32224482.84,2697189213.708,145,2012,64,83.34874593553859
2012-03-30,2012-03-29,Prod. Sold Negotiated,12047,82.15,197.35,82.15,2377475.45,195309608.2175,1889547.52,155717611.1232,145,2012,64,82.2651346872642
2012-04-02,2012-03-30,Prod. Sold Negotiated,14006,82.25,200.41,82.25,2806942.46,230871017.335,2377475.45,195309608.2175,151,2012,65,82.20414190192086
2012-04-02,2012-03-30,Prod. Sold Swine or Pork Market Formula,187462,82.67,211.21,82.67,39593849.02,3273223498.4834003,32456236.53,2693867631.99,151,2012,65,82.81865434195032
2012-04-03,2012-04-02,Prod. Sold Negotiated,11678,82.15,198.72,82.15,2320652.16,190641574.94400004,2806942.46,230871017.335,152,2012,66,82.20474189494333
2012-04-03,2012-04-02,Prod. Sold Swine or Pork Market Formula,141843,82.75,209.27,82.75,29683484.610000003,2456308351.4775004,39593849.02,3273223498.4834003,152,2012,66,82.70427786036748
2012-04-04,2012-04-03,Prod. Sold Negotiated,10526,81.69,199.31,81.69,2097937.06,171380478.4314,2320652.16,190641574.94400004,153,2012,67,81.9315929475336
2012-04-04,2012-04-03,Prod. Sold Swine or Pork Market Formula,153412,82.71,209.64,82.71,32161291.68,2660060434.8528,29683484.610000003,2456308351.4775004,153,2012,67,82.72919870125865
2012-04-05,2012-04-04,Prod. Sold Negotiated,11026,82.25,196.29,82.25,2164293.54,178013143.665,2097937.06,171380478.4314,154,2012,68,81.97435917624918
2012-04-05,2012-04-04,Prod. Sold Swine or Pork Market Formula,161551,82.5,210.39,82.5,33988714.89,2804068978.425,32161291.68,2660060434.8528,154,2012,68,82.60209932852618
2012-04-06,2012-04-05,Prod. Sold Negotiated,9786,81.89,208.5,81.89,2040381.0,167086800.09,2164293.54,178013143.665,155,2012,69,82.07530463344732
2012-04-06,2012-04-05,Prod. Sold Swine or Pork Market Formula,156526,82.91,211.22,82.91,33061421.72,2741122474.8052,33988714.89,2804068978.425,155,2012,69,82.70216488124467
2012-04-09,2012-04-06,Prod. Sold Swine or Pork Market Formula,127862,82.27,212.23,82.27,27136152.26,2232491246.4302,33061421.72,2741122474.8052,161,2012,70,82.62149771829392
2012-04-09,2012-04-06,Prod. Sold Negotiated,10567,83.17,207.27,83.17,2190222.0900000003,182160771.22530004,2040381.0,167086800.09,161,2012,70,82.55266776049655
2012-04-10,2012-04-09,Prod. Sold Swine or Pork Market Formula,104685,82.67,211.49,82.67,22139830.65,1830299799.8355,27136152.26,2232491246.4302,162,2012,71,82.4497210676888
2012-04-10,2012-04-09,Prod. Sold Negotiated,11758,82.9,203.23,82.9,2389578.34,198096044.386,2190222.0900000003,182160771.22530004,162,2012,71,83.0291235225942
2012-04-11,2012-04-10,Prod. Sold Swine or Pork Market Formula,156221,82.37,210.1,82.37,32822032.1,2703550784.077,22139830.65,1830299799.8355,163,2012,72,82.49084650815443
2012-04-11,2012-04-10,Prod. Sold Negotiated,14132,83.12,202.44,83.12,2860882.08,237796518.48960003,2389578.34,198096044.386,163,2012,72,83.01987406955827
2012-04-12,2012-04-11,Prod. Sold Swine or Pork Market Formula,170060,82.36,211.18,82.36,35913270.800000004,2957816983.0880003,32822032.1,2703550784.077,164,2012,73,82.36477513456917
2012-04-12,2012-04-11,Prod. Sold Negotiated,11585,83.75,203.18,83.75,2353840.3000000003,197134125.12500003,2860882.08,237796518.48960003,164,2012,73,83.40437168480673
2012-04-13,2012-04-12,Prod. Sold Swine or Pork Market Formula,168631,82.48,211.12,82.48,35601376.72,2936401551.8656,35913270.800000004,2957816983.0880003,165,2012,74,82.41973832430908
2012-04-13,2012-04-12,Prod. Sold Negotiated,13578,83.38,203.06,83.38,2757148.68,229891056.9384,2353840.3000000003,197134125.12500003,165,2012,74,83.55040164132774
2012-04-16,2012-04-13,Prod. Sold Swine or Pork Market Formula,211770,82.64,210.58,82.64,44594526.6,3685291678.224,35601376.72,2936401551.8656,171,2012,75,82.56897118132743
2012-04-16,2012-04-13,Prod. Sold Negotiated,15644,83.72,203.43,83.72,3182458.92,266435460.7824,2757148.68,229891056.9384,171,2012,75,83.56217298274048
2012-04-17,2012-04-16,Prod. Sold Swine or Pork Market Formula,143023,82.58,210.07,82.58,30044841.61,2481103020.1538,44594526.6,3685291678.224,172,2012,76,82.61584799362812
2012-04-17,2012-04-16,Prod. Sold Negotiated,12939,83.83,202.12,83.83,2615230.68,219234787.9044,3182458.92,266435460.7824,172,2012,76,83.76961896801097
2012-04-18,2012-04-17,Prod. Sold Negotiated,11471,83.25,201.45,83.25,2310832.95,192376843.0875,2615230.68,219234787.9044,173,2012,77,83.55792005713495
2012-04-18,2012-04-17,Prod. Sold Swine or Pork Market Formula,145131,82.44,208.74,82.44,30294644.94,2497490528.8536,30044841.61,2481103020.1538,173,2012,77,82.50971020248765
2012-04-19,2012-04-18,Prod. Sold Negotiated,11009,83.39,199.97,83.39,2201469.73,183580560.7847,2310832.95,192376843.0875,174,2012,78,83.31830343265005
2012-04-19,2012-04-18,Prod. Sold Swine or Pork Market Formula,149166,82.76,209.95,82.76,31317401.7,2591828164.692,30294644.94,2497490528.8536,174,2012,78,82.602655991653
2012-04-20,2012-04-19,Prod. Sold Swine or Pork Market Formula,149373,82.71,209.57,82.71,31304099.61,2589162078.7431,31317401.7,2591828164.692,175,2012,79,82.73500531051225
2012-04-20,2012-04-19,Prod. Sold Negotiated,14180,83.61,200.3,83.61,2840254.0,237473636.94,2201469.73,183580560.7847,175,2012,79,83.51393695360217
2012-04-23,2012-04-20,Prod. Sold Negotiated,14449,82.99,201.0,82.99,2904249.0,241023624.51,2840254.0,237473636.94,181,2012,80,83.29654653326841
2012-04-23,2012-04-20,Prod. Sold Swine or Pork Market Formula,153679,82.66,210.25,82.66,32311009.75,2670828065.935,31304099.61,2589162078.7431,181,2012,80,82.68460429599581
2012-04-24,2012-04-23,Prod. Sold Swine or Pork Market Formula,149621,82.62,208.71,82.62,31227398.91,2580007697.9442,32311009.75,2670828065.935,182,2012,81,82.64034108844173
2012-04-24,2012-04-23,Prod. Sold Negotiated,13758,82.48,203.23,82.48,2796038.34,230617242.2832,2904249.0,241023624.51,182,2012,81,82.73984075918531
2012-04-25,2012-04-24,Prod. Sold Swine or Pork Market Formula,158897,82.77,209.42,82.77,33276209.74,2754271880.1798,31227398.91,2580007697.9442,183,2012,82,82.69738220489465
2012-04-25,2012-04-24,Prod. Sold Negotiated,9033,82.91,197.52,82.91,1784198.16,147927869.4456,2796038.34,230617242.2832,183,2012,82,82.64750340485693
2012-04-26,2012-04-25,Prod. Sold Negotiated,10231,82.92,198.0,82.92,2025738.0,167974194.96,1784198.16,147927869.4456,184,2012,83,82.91531698672873
2012-04-26,2012-04-25,Prod. Sold Swine or Pork Market Formula,155173,82.87,209.48,82.87,32505640.04,2693742390.1148,33276209.74,2754271880.1798,184,2012,83,82.81941429915501
2012-04-27,2012-04-26,Prod. Sold Negotiated,10894,82.48,200.22,82.48,2181196.68,179905102.16640002,2025738.0,167974194.96,185,2012,84,82.69187034926817
2012-04-27,2012-04-26,Prod. Sold Swine or Pork Market Formula,156173,82.5,209.55,82.5,32726052.15,2699899302.375,32505640.04,2693742390.1148,185,2012,84,82.6843749013864
2012-04-30,2012-04-27,Prod. Sold Negotiated,10276,82.65,200.14,82.65,2056638.64,169981183.59600002,2181196.68,179905102.16640002,191,2012,85,82.56250168833837
2012-04-30,2012-04-27,Prod. Sold Swine or Pork Market Formula,163429,82.56,209.99,82.56,34318455.71,2833331703.4176,32726052.15,2699899302.375,191,2012,85,82.53071254317953
2012-05-01,2012-04-30,Prod. Sold Swine or Pork Market Formula,157220,82.43,208.81,82.43,32829108.2,2706103388.926,34318455.71,2833331703.4176,192,2012,86,82.49644171407738
2012-05-01,2012-04-30,Prod. Sold Negotiated,8822,82.59,197.91,82.59,1745962.02,144199003.23180002,2056638.64,169981183.59600002,192,2012,86,82.62245103270982
2012-05-02,2012-05-01,Prod. Sold Swine or Pork Market Formula,152966,82.06,208.42,82.06,31881173.72,2616169115.4632,32829108.2,2706103388.926,193,2012,87,82.24771004658915
2012-05-02,2012-05-01,Prod. Sold Negotiated,9427,81.83,198.08,81.83,1867300.16,152801172.09280002,1745962.02,144199003.23180002,193,2012,87,82.19723909561415
2012-05-03,2012-05-02,Prod. Sold Swine or Pork Market Formula,150577,81.39,209.96,81.39,31615146.92,2573156807.8188,31881173.72,2616169115.4632,194,2012,88,81.7264035297967
2012-05-03,2012-05-02,Prod. Sold Negotiated,11363,80.79,198.21,80.79,2252260.23,181960103.9817,1867300.16,152801172.09280002,194,2012,88,81.26140762182152
2012-05-04,2012-05-03,Prod. Sold Negotiated,8395,80.37,194.68,80.37,1634338.6,131351793.28200002,2252260.23,181960103.9817,195,2012,89,80.6133874289516
2012-05-04,2012-05-03,Prod. Sold Swine or Pork Market Formula,153263,80.5,209.54,80.5,32114729.02,2585235686.11,31615146.92,2573156807.8188,195,2012,89,80.94151161984517
2012-05-07,2012-05-04,Prod. Sold Swine or Pork Market Formula,159856,79.97,209.86,79.97,33547380.160000004,2682783991.3952003,32114729.02,2585235686.11,201,2012,90,80.22921808777022
2012-05-07,2012-05-04,Prod. Sold Negotiated,10199,81.05,197.45,81.05,2013792.55,163217886.17749998,1634338.6,131351793.28200002,201,2012,90,80.74536450245218
2012-05-08,2012-05-07,Prod. Sold Negotiated,9969,79.18,199.34,79.18,1987220.46,157348116.0228,2013792.55,163217886.17749998,202,2012,91,80.12120965342723
2012-05-08,2012-05-07,Prod. Sold Swine or Pork Market Formula,158599,79.95,209.72,79.95,33261382.28,2659247513.2860003,33547380.160000004,2682783991.3952003,202,2012,91,79.96004280843852
2012-05-09,2012-05-08,Prod. Sold Swine or Pork Market Formula,155876,79.66,209.43,79.66,32645110.68,2600509516.7688,33261382.28,2659247513.2860003,203,2012,92,79.8063558509638
2012-05-09,2012-05-08,Prod. Sold Negotiated,10414,78.28,198.24,78.28,2064471.36,161606818.06080002,1987220.46,157348116.0228,203,2012,92,78.72142015075569
2012-05-10,2012-05-09,Prod. Sold Swine or Pork Market Formula,158808,79.57,209.79,79.57,33316330.32,2650980403.5624,32645110.68,2600509516.7688,204,2012,93,79.61454208271769
2012-05-10,2012-05-09,Prod. Sold Negotiated,9057,78.85,197.59,78.85,1789572.63,141107801.8755,2064471.36,161606818.06080002,204,2012,93,78.54467170632893
2012-05-11,2012-05-10,Prod. Sold Swine or Pork Market Formula,167042,79.22,210.13,79.22,35100535.46,2780664419.1412,33316330.32,2650980403.5624,205,2012,94,79.39043627297245
2012-05-11,2012-05-10,Prod. Sold Negotiated,11114,78.53,199.53,78.53,2217576.42,174146276.2626,1789572.63,141107801.8755,205,2012,94,78.6729103920155
2012-05-14,2012-05-11,Prod. Sold Swine or Pork Market Formula,169882,79.21,210.35,79.21,35734678.7,2830543899.826999,35100535.46,2780664419.1412,211,2012,95,79.2149552381363
2012-05-14,2012-05-11,Prod. Sold Negotiated,12286,78.47,203.09,78.47,2495163.74,195795498.67780003,2217576.42,174146276.2626,211,2012,95,78.49823295592006
2012-05-15,2012-05-14,Prod. Sold Negotiated,9353,78.83,201.59,78.83,1885471.27,148631700.2141,2495163.74,195795498.67780003,212,2012,96,78.62494777712605
2012-05-15,2012-05-14,Prod. Sold Swine or Pork Market Formula,156888,79.62,208.96,79.62000000000003,32783316.48,2610207658.1376004,35734678.7,2830543899.826999,212,2012,96,79.40616977585945
2012-05-16,2012-05-15,Prod. Sold Swine or Pork Market Formula,160089,80.18,208.7,80.18,33410574.3,2678859847.374,32783316.48,2610207658.1376004,213,2012,97,79.9026532990814
2012-05-16,2012-05-15,Prod. Sold Negotiated,10256,79.99,198.69,79.99,2037764.64,163000793.55359998,1885471.27,148631700.2141,213,2012,97,79.43251461717476
2012-05-17,2012-05-16,Prod. Sold Negotiated,11691,81.19,198.3,81.19,2318325.3000000003,188224831.107,2037764.64,163000793.55359998,214,2012,98,80.62864392111241
2012-05-17,2012-05-16,Prod. Sold Swine or Pork Market Formula,147665,81.51,209.18,81.51,30888564.7,2517726908.697,33410574.3,2678859847.374,214,2012,98,80.81891665875963
2012-05-18,2012-05-17,Prod. Sold Negotiated,14305,81.82,202.77,81.82,2900624.85,237329125.227,2318325.3000000003,188224831.107,215,2012,99,81.54014583450275
2012-05-18,2012-05-17,Prod. Sold Swine or Pork Market Formula,144926,82.63,208.82,82.63,30263447.32,2500668652.0516,30888564.7,2517726908.697,215,2012,99,82.06427548299334
2012-05-21,2012-05-18,Prod. Sold Negotiated,20338,82.97,203.02,82.97,4129020.76,342584852.4572,2900624.85,237329125.227,221,2012,100,82.4954784149069
2012-05-21,2012-05-18,Prod. Sold Swine or Pork Market Formula,162644,83.91,209.28,83.91,34038136.32,2856140018.6112,30263447.32,2500668652.0516,221,2012,100,83.30756985167774
2012-05-22,2012-05-21,Prod. Sold Negotiated,17205,84.65,202.96,84.65,3491926.8000000003,295591603.62000006,4129020.76,342584852.4572,222,2012,101,83.73977790200145
2012-05-22,2012-05-21,Prod. Sold Swine or Pork Market Formula,143448,84.64,207.67,84.64000000000001,29789846.16,2521412578.9824,34038136.32,2856140018.6112,222,2012,101,84.2507061738731
2012-05-23,2012-05-22,Prod. Sold Negotiated,15602,84.95,200.29,84.95,3124924.58,265462343.071,3491926.8000000003,295591603.62000006,223,2012,102,84.79168028268454
2012-05-23,2012-05-22,Prod. Sold Swine or Pork Market Formula,144876,85.17,207.11,85.17,30005268.360000003,2555548706.2212005,29789846.16,2521412578.9824,223,2012,102,84.90595470814729
2012-05-24,2012-05-23,Prod. Sold Negotiated,15314,85.8,202.09,85.8,3094806.26,265534377.108,3124924.58,265462343.071,224,2012,103,85.37294198714876
2012-05-24,2012-05-23,Prod. Sold Swine or Pork Market Formula,148520,85.37,207.41,85.37,30804533.2,2629782999.284,30005268.360000003,2555548706.2212005,224,2012,103,85.27131436843979
2012-05-25,2012-05-24,Prod. Sold Swine or Pork Market Formula,151388,85.12,207.73,85.12,31447829.24,2676839224.9088,30804533.2,2629782999.284,225,2012,104,85.24370828990503
2012-05-25,2012-05-24,Prod. Sold Negotiated,16347,85.13,199.25,85.12999999999998,3257139.75,277280306.9175,3094806.26,265534377.108,225,2012,104,85.4564385734601
2012-05-29,2012-05-25,Prod. Sold Swine or Pork Market Formula,146188,84.84,207.52,84.84,30336933.76,2573785460.1984,31447829.24,2676839224.9088,232,2012,105,84.98251721232953
2012-05-29,2012-05-25,Prod. Sold Negotiated,17148,84.72,201.9,84.72,3462181.2,293315991.264,3257139.75,277280306.9175,232,2012,105,84.91874438316566
2012-05-30,2012-05-29,Prod. Sold Swine or Pork Market Formula,156150,84.14,206.64,84.14,32266836.0,2714931581.0399995,30336933.76,2573785460.1984,233,2012,106,84.47921046150113
2012-05-30,2012-05-29,Prod. Sold Negotiated,13079,85.1,198.75,85.1,2599451.25,221213301.375,3462181.2,293315991.264,233,2012,106,84.88295799574584
2012-05-31,2012-05-30,Prod. Sold Swine or Pork Market Formula,164826,83.88,207.49,83.88,34199746.74,2868674756.5512,32266836.0,2714931581.0399995,234,2012,107,84.0062194777309
2012-05-31,2012-05-30,Prod. Sold Negotiated,10240,84.25,201.7,84.25,2065408.0,174010624.0,2599451.25,221213301.375,234,2012,107,84.723654925923
2012-06-01,2012-05-31,Prod. Sold Swine or Pork Market Formula,159420,84.26,207.65,84.26,33103563.0,2789306218.38,34199746.74,2868674756.5512,235,2012,108,84.06690542840454
2012-06-01,2012-05-31,Prod. Sold Negotiated,12373,84.67,197.58,84.67,2444657.3400000003,206989136.97780004,2065408.0,174010624.0,235,2012,108,84.47765880434008
2012-06-04,2012-06-01,Prod. Sold Swine or Pork Market Formula,193006,85.15,209.63,85.15,40459847.78,3445156038.4670005,33103563.0,2789306218.38,241,2012,109,84.74949965944198
2012-06-04,2012-06-01,Prod. Sold Negotiated,15018,84.83,203.98,84.83,3063371.64,259865816.2212,2444657.3400000003,206989136.97780004,241,2012,109,84.75898636230487
2012-06-05,2012-06-04,Prod. Sold Negotiated,15137,86.01,199.55,86.01,3020588.35,259800803.98350003,3063371.64,259865816.2212,242,2012,110,85.41585103433593
2012-06-05,2012-06-04,Prod. Sold Swine or Pork Market Formula,142349,86.06,206.38,86.06,29377986.62,2528269528.5172,40459847.78,3445156038.4670005,242,2012,110,85.5328006417135
2012-06-06,2012-06-05,Prod. Sold Negotiated,14791,87.46,197.22,87.46,2917081.02,255127906.0092,3020588.35,259800803.98350003,243,2012,111,86.72236157074876
2012-06-06,2012-06-05,Prod. Sold Swine or Pork Market Formula,148110,87.3,206.36,87.3,30563979.6,2668235419.08,29377986.62,2528269528.5172,243,2012,111,86.69226712592146
2012-06-07,2012-06-06,Prod. Sold Swine or Pork Market Formula,146889,88.62,207.14,88.62,30426587.46,2696404180.7052,30563979.6,2668235419.08,244,2012,112,87.95851323218047
2012-06-07,2012-06-06,Prod. Sold Negotiated,15080,88.0,201.07,88.0,3032135.6,266827932.8,2917081.02,255127906.0092,244,2012,112,87.73522165161974
2012-06-08,2012-06-07,Prod. Sold Negotiated,18458,89.33,201.18,89.33000000000001,3713380.44,331716274.7052,3032135.6,266827932.8,245,2012,113,88.73215984602417
2012-06-08,2012-06-07,Prod. Sold Swine or Pork Market Formula,154909,89.68,207.92,89.68,32208679.28,2888474357.8304,30426587.46,2696404180.7052,245,2012,113,89.1650795025512
2012-06-11,2012-06-08,Prod. Sold Negotiated,17469,90.63,205.26,90.62999999999998,3585686.94,324970807.37219995,3713380.44,331716274.7052,251,2012,114,89.96862857805267
2012-06-11,2012-06-08,Prod. Sold Swine or Pork Market Formula,141694,90.46,207.28,90.45999999999998,29370332.32,2656840261.6672,32208679.28,2888474357.8304,251,2012,114,90.0520238213372
2012-06-12,2012-06-11,Prod. Sold Negotiated,18899,92.8,202.28,92.8,3822889.72,354764166.01600003,3585686.94,324970807.37219995,252,2012,115,91.74973879371315
2012-06-12,2012-06-11,Prod. Sold Swine or Pork Market Formula,140793,91.45,206.13,91.45,29021661.09,2654030906.6805,29370332.32,2656840261.6672,252,2012,115,90.9520442478708
2012-06-13,2012-06-12,Prod. Sold Negotiated,14964,92.99,195.67,92.99,2928005.88,272275266.7812,3822889.72,354764166.01600003,253,2012,116,92.8824070094048
2012-06-13,2012-06-12,Prod. Sold Swine or Pork Market Formula,148793,92.45,206.21,92.45,30682604.53,2836606788.7985,29021661.09,2654030906.6805,253,2012,116,91.96390975521389
2012-06-14,2012-06-13,Prod. Sold Swine or Pork Market Formula,156241,93.7,206.66,93.7,32288765.06,3025457286.122,30682604.53,2836606788.7985,254,2012,117,93.09094137681592
2012-06-14,2012-06-13,Prod. Sold Negotiated,16645,93.96,199.08,93.96,3313686.6,311353992.936,2928005.88,272275266.7812,254,2012,117,93.50496865830851
2012-06-15,2012-06-14,Prod. Sold Swine or Pork Market Formula,149745,94.64,207.54,94.64,31078077.3,2941229235.672,32288765.06,3025457286.122,255,2012,118,94.16102017354804
2012-06-15,2012-06-14,Prod. Sold Negotiated,17245,95.36,198.26,95.36,3418993.7,326035239.232,3313686.6,311353992.936,255,2012,118,94.67094882969566
2012-06-18,2012-06-15,Prod. Sold Swine or Pork Market Formula,152474,95.73,206.87,95.73,31542296.38,3019544032.4574,31078077.3,2941229235.672,261,2012,119,95.18904020902035
2012-06-18,2012-06-15,Prod. Sold Negotiated,14790,96.34,195.26,96.34,2887895.4,278219842.836,3418993.7,326035239.232,261,2012,119,95.80873747534264
2012-06-19,2012-06-18,Prod. Sold Swine or Pork Market Formula,137746,98.01,203.83,98.01,28076767.180000003,2751803951.3118005,31542296.38,3019544032.4574,262,2012,120,96.80373422774372
2012-06-19,2012-06-18,Prod. Sold Negotiated,20229,98.37,199.33,98.37,4032246.57,396652095.09090006,2887895.4,278219842.836,262,2012,120,97.52284575267176
2012-06-20,2012-06-19,Prod. Sold Swine or Pork Market Formula,140100,99.88,203.48,99.88,28507548.0,2847333894.24,28076767.180000003,2751803951.3118005,263,2012,121,98.95211822817716
2012-06-20,2012-06-19,Prod. Sold Negotiated,18971,99.84,196.92,99.84,3735769.32,372979208.9088,4032246.57,396652095.09090006,263,2012,121,99.07694769142653
2012-06-21,2012-06-20,Prod. Sold Negotiated,20905,100.9,199.54,100.9,4171383.7,420892615.33,3735769.32,372979208.9088,264,2012,122,100.3991983247088
2012-06-21,2012-06-20,Prod. Sold Swine or Pork Market Formula,143131,101.14,204.83,101.14,29317522.73,2965174248.9122,28507548.0,2847333894.24,264,2012,122,100.51882461661452
2012-06-22,2012-06-21,Prod. Sold Negotiated,20904,102.65,199.37,102.65,4167630.48,427807268.772,4171383.7,420892615.33,265,2012,123,101.77460618036748
2012-06-22,2012-06-21,Prod. Sold Swine or Pork Market Formula,144011,101.6,206.3,101.6,29709469.3,3018482080.88,29317522.73,2965174248.9122,265,2012,123,101.37152722861184
2012-06-25,2012-06-22,Prod. Sold Negotiated,21756,103.28,200.57,103.28,4363600.92,450672703.0176,4167630.48,427807268.772,271,2012,124,102.97223584740652
2012-06-25,2012-06-22,Prod. Sold Swine or Pork Market Formula,135275,102.16,206.26,102.16,27901821.5,2850450084.44,29709469.3,3018482080.88,271,2012,124,101.8712145453266
2012-06-26,2012-06-25,Prod. Sold Negotiated,21413,103.53,201.01,103.53,4304227.13,445616634.7689,4363600.92,450672703.0176,272,2012,125,103.40414376200044
2012-06-26,2012-06-25,Prod. Sold Swine or Pork Market Formula,134567,103.25,202.64,103.25,27268656.88,2815488822.86,27901821.5,2850450084.44,272,2012,125,102.69874530132722
2012-06-27,2012-06-26,Prod. Sold Swine or Pork Market Formula,154243,102.74,203.91,102.74,31451690.13,3231346643.9562,27268656.88,2815488822.86,273,2012,126,102.97683468707076
2012-06-27,2012-06-26,Prod. Sold Negotiated,13661,104.53,204.46,104.53,2793128.06,291965676.1118,4304227.13,445616634.7689,273,2012,126,103.92354491711724
2012-06-28,2012-06-27,Prod. Sold Swine or Pork Market Formula,135943,102.27,204.41,102.27,27788108.63,2841889869.5901,31451690.13,3231346643.9562,274,2012,127,102.51953316301744
2012-06-28,2012-06-27,Prod. Sold Negotiated,16520,103.5,198.15,103.5,3273438.0,338800833.0,2793128.06,291965676.1118,274,2012,127,103.9742257602318
2012-06-29,2012-06-28,Prod. Sold Swine or Pork Market Formula,164297,101.76,203.79,101.76,33482085.63,3407137033.7088,27788108.63,2841889869.5901,275,2012,128,101.99130227629378
2012-06-29,2012-06-28,Prod. Sold Negotiated,16145,103.05,197.44,103.05,3187668.8,328489269.84,3273438.0,338800833.0,275,2012,128,103.27798680560426
2012-07-02,2012-06-29,Prod. Sold Negotiated,20979,103.0,198.8,103.0,4170625.2,429574395.6,3187668.8,328489269.84,281,2012,129,103.02166037943034
2012-07-02,2012-06-29,Prod. Sold Swine or Pork Market Formula,155804,101.47,202.99,101.47,31626653.96,3209156577.3212,33482085.63,3407137033.7088,281,2012,129,101.61913212717438
2012-07-03,2012-07-02,Prod. Sold Swine or Pork Market Formula,146431,101.0,201.9,101.0,29564418.9,2986006308.9,31626653.96,3209156577.3212,282,2012,130,101.24291986831491
2012-07-03,2012-07-02,Prod. Sold Negotiated,12950,101.63,196.12,101.63,2539754.0,258115199.02,4170625.2,429574395.6,282,2012,130,102.48148042363984
2012-07-05,2012-07-03,Prod. Sold Negotiated,12442,100.78,194.91,100.78,2425070.22,244398576.7716,2539754.0,258115199.02,284,2012,131,101.2148171867402
2012-07-05,2012-07-03,Prod. Sold Swine or Pork Market Formula,152939,100.76,202.76,100.76,31009911.64,3124558696.8464,29564418.9,2986006308.9,284,2012,131,100.8771364251614
2012-07-06,2012-07-05,Prod. Sold Negotiated,15943,100.06,192.69,100.06,3072056.67,307389990.4002,2425070.22,244398576.7716,285,2012,132,100.377629662429
2012-07-06,2012-07-05,Prod. Sold Swine or Pork Market Formula,151454,100.6,202.44,100.6,30660347.76,3084430984.656,31009911.64,3124558696.8464,285,2012,132,100.68045346185782
2012-07-09,2012-07-06,Prod. Sold Negotiated,15509,100.1,194.43,100.1,3015414.87,301843028.487,3072056.67,307389990.4002,291,2012,133,100.07981390697392
2012-07-09,2012-07-06,Prod. Sold Swine or Pork Market Formula,173758,100.65,202.61,100.65,35205108.38,3543394158.4470005,30660347.76,3084430984.656,291,2012,133,100.62672501675628
2012-07-10,2012-07-09,Prod. Sold Swine or Pork Market Formula,146814,100.27,202.52,100.27,29732771.28,2981304976.2456,35205108.38,3543394158.4470005,292,2012,134,100.47601136431376
2012-07-10,2012-07-09,Prod. Sold Negotiated,12474,99.45,196.39,99.45,2449768.86,243629513.127,3015414.87,301843028.487,292,2012,134,99.80863746990624
2012-07-11,2012-07-10,Prod. Sold Swine or Pork Market Formula,150576,99.54,203.06,99.54,30575962.56,3043531313.2224,29732771.28,2981304976.2456,293,2012,135,99.8998968449907
2012-07-11,2012-07-10,Prod. Sold Negotiated,11344,98.54,193.19,98.54,2191547.36,215955076.8544,2449768.86,243629513.127,293,2012,135,99.02031410852675
2012-07-12,2012-07-11,Prod. Sold Swine or Pork Market Formula,150443,99.01,202.58,99.01,30476742.94,3017502318.4894004,30575962.56,3043531313.2224,294,2012,136,99.27543066394986
2012-07-12,2012-07-11,Prod. Sold Negotiated,12360,99.19,194.15,99.19,2399694.0,238025647.86,2191547.36,215955076.8544,294,2012,136,98.87973406704108
2012-07-13,2012-07-12,Prod. Sold Negotiated,14257,97.21,191.03,97.21,2723514.71,264752864.9591,2399694.0,238025647.86,295,2012,137,98.137425445449
2012-07-13,2012-07-12,Prod. Sold Swine or Pork Market Formula,153146,98.69,202.85,98.69,31065666.1,3065870587.409,30476742.94,3017502318.4894004,295,2012,137,98.84846889799944
2012-07-16,2012-07-13,Prod. Sold Negotiated,13263,97.57,191.24,97.57,2536416.12,247478120.8284,2723514.71,264752864.9591,301,2012,138,97.38359730245729
2012-07-16,2012-07-13,Prod. Sold Swine or Pork Market Formula,146843,97.5,202.47,97.5,29731302.21,2898801965.475,31065666.1,3065870587.409,301,2012,138,98.10805898199564
2012-07-17,2012-07-16,Prod. Sold Swine or Pork Market Formula,142054,96.01,201.0,96.01,28552854.0,2741359512.54,29731302.21,2898801965.475,302,2012,139,96.77006316593632
2012-07-17,2012-07-16,Prod. Sold Negotiated,12685,93.94,192.41,93.94,2440720.85,229281316.649,2536416.12,247478120.8284,302,2012,139,95.78989695302677
2012-07-18,2012-07-17,Prod. Sold Negotiated,12470,93.02,192.55,93.02,2401098.5,223350182.47,2440720.85,229281316.649,303,2012,140,93.48376434552435
2012-07-18,2012-07-17,Prod. Sold Swine or Pork Market Formula,151351,95.37,201.57,95.37,30507821.07,2909530895.4459,28552854.0,2741359512.54,303,2012,140,95.67940768181776
2012-07-19,2012-07-18,Prod. Sold Negotiated,13219,92.46,193.73,92.46,2560916.87,236782373.8002,2401098.5,223350182.47,304,2012,141,92.73098165961545
2012-07-19,2012-07-18,Prod. Sold Swine or Pork Market Formula,149590,95.36,200.73,95.36,30027200.7,2863393858.752,30507821.07,2909530895.4459,304,2012,141,95.36503969771184
2012-07-20,2012-07-19,Prod. Sold Negotiated,15866,93.49,194.69,93.49000000000001,3088951.54,288786079.4746,2560916.87,236782373.8002,305,2012,142,93.02313171481455
2012-07-20,2012-07-19,Prod. Sold Swine or Pork Market Formula,153121,95.49,201.88,95.49,30912067.48,2951793323.6652,30027200.7,2863393858.752,305,2012,142,95.4259438305122
2012-07-23,2012-07-20,Prod. Sold Negotiated,17708,93.08,194.67,93.08,3447216.36,320866898.7888,3088951.54,288786079.4746,311,2012,143,93.27376340246707
2012-07-23,2012-07-20,Prod. Sold Swine or Pork Market Formula,146668,95.59,201.73,95.59,29587335.64,2828253413.8276,30912067.48,2951793323.6652,311,2012,143,95.53890516949616
2012-07-24,2012-07-23,Prod. Sold Swine or Pork Market Formula,145653,96.0,200.58,95.99999999999999,29215078.74,2804647559.04,29587335.64,2828253413.8276,312,2012,144,95.79370221885776
2012-07-24,2012-07-23,Prod. Sold Negotiated,17901,93.47,193.94,93.46999999999998,3471719.94,324501662.7918,3447216.36,320866898.7888,312,2012,144,93.27569059720928
2012-07-25,2012-07-24,Prod. Sold Swine or Pork Market Formula,148471,96.34,200.44,96.34,29759527.24,2867032854.3016,29215078.74,2804647559.04,313,2012,145,96.17156942540714
2012-07-25,2012-07-24,Prod. Sold Negotiated,16907,93.95,190.61,93.95,3222643.27,302767335.2165,3471719.94,324501662.7918,313,2012,145,93.70107033799559
2012-07-26,2012-07-25,Prod. Sold Negotiated,14636,94.89,191.76,94.89,2806599.36,266318213.2704,3222643.27,302767335.2165,314,2012,146,94.38756796007395
2012-07-26,2012-07-25,Prod. Sold Swine or Pork Market Formula,151961,96.24,200.98,96.24,30541121.78,2939277560.1072,29759527.24,2867032854.3016,314,2012,146,96.2893519186338
2012-07-27,2012-07-26,Prod. Sold Swine or Pork Market Formula,150260,96.19,200.53,96.19,30131637.8,2898362239.982,30541121.78,2939277560.1072,315,2012,147,96.2151687264527
2012-07-27,2012-07-26,Prod. Sold Negotiated,17191,93.42,192.68,93.42,3312361.88,309440846.8296,2806599.36,266318213.2704,315,2012,147,94.09424860158124
2012-07-30,2012-07-27,Prod. Sold Swine or Pork Market Formula,155608,96.29,201.96,96.29,31426591.68,3026066512.8672004,30131637.8,2898362239.982,321,2012,148,96.2410518121549
2012-07-30,2012-07-27,Prod. Sold Negotiated,18476,95.01,196.85,95.01,3637000.6,345551427.00600004,3312361.88,309440846.8296,321,2012,148,94.25213833940057
2012-07-31,2012-07-30,Prod. Sold Negotiated,18622,93.09,192.52,93.09,3585107.4400000004,333737651.5896,3637000.6,345551427.00600004,322,2012,149,94.0568979075533
2012-07-31,2012-07-30,Prod. Sold Swine or Pork Market Formula,146204,96.02,200.06,96.01999999999998,29249572.24,2808543926.4848,31426591.68,3026066512.8672004,322,2012,149,96.15984370806282
2012-08-01,2012-07-31,Prod. Sold Negotiated,13037,94.33,192.43,94.33,2508709.91,236646605.8103,3585107.4400000004,333737651.5896,323,2012,150,93.60048466170387
2012-08-01,2012-07-31,Prod. Sold Swine or Pork Market Formula,159743,95.48,199.58,95.48,31881507.94,3044046378.1112003,29249572.24,2808543926.4848,323,2012,150,95.73837542806528
2012-08-02,2012-08-01,Prod. Sold Negotiated,13093,93.8,191.75,93.8,2510582.75,235492661.95,2508709.91,236646605.8103,324,2012,151,94.06490112100776
2012-08-02,2012-08-01,Prod. Sold Swine or Pork Market Formula,150673,95.27,200.89,95.27,30268698.97,2883698950.8719,31881507.94,3044046378.1112003,324,2012,151,95.3777247687541
2012-08-03,2012-08-02,Prod. Sold Negotiated,14888,93.54,188.8,93.54,2810854.4000000004,262927320.5760001,2510582.75,235492661.95,325,2012,152,93.6626645164831
2012-08-03,2012-08-02,Prod. Sold Swine or Pork Market Formula,150258,94.59,200.92,94.59,30189837.36,2855656715.8824,30268698.97,2883698950.8719,325,2012,152,94.9304434931612
2012-08-06,2012-08-03,Prod. Sold Negotiated,14458,93.75,190.22,93.75,2750200.76,257831321.25,2810854.4000000004,262927320.5760001,331,2012,153,93.64385477989036
2012-08-06,2012-08-03,Prod. Sold Swine or Pork Market Formula,137817,93.85,201.76,93.85,27805957.92,2609589150.792,30189837.36,2855656715.8824,331,2012,153,94.23520860932317
2012-08-07,2012-08-06,Prod. Sold Negotiated,13364,89.93,191.22,89.93,2555464.08,229812884.7144,2750200.76,257831321.25,332,2012,154,91.91010376079464
2012-08-07,2012-08-06,Prod. Sold Swine or Pork Market Formula,146663,93.99,200.28,93.99000000000001,29373665.64,2760830833.5036,27805957.92,2609589150.792,332,2012,154,93.92191920711552
2012-08-08,2012-08-07,Prod. Sold Negotiated,12710,90.84,189.88,90.84,2413374.8,219230966.832,2555464.08,229812884.7144,333,2012,155,90.37198878672437
2012-08-08,2012-08-07,Prod. Sold Swine or Pork Market Formula,145464,93.81,200.23,93.81,29126256.72,2732334142.9032,29373665.64,2760830833.5036,333,2012,155,93.90038062961288
2012-08-09,2012-08-08,Prod. Sold Negotiated,10381,90.21,190.88,90.21,1981525.28,178753395.5088,2413374.8,219230966.832,334,2012,156,90.55595237578189
2012-08-09,2012-08-08,Prod. Sold Swine or Pork Market Formula,156640,93.81,199.76,93.81,31290406.4,2935353024.384,29126256.72,2732334142.9032,334,2012,156,93.81
2012-08-10,2012-08-09,Prod. Sold Negotiated,11919,90.29,188.2,90.29,2243155.8,202534537.182,1981525.28,178753395.5088,335,2012,157,90.25247716232346
2012-08-10,2012-08-09,Prod. Sold Swine or Pork Market Formula,147692,93.17,202.36,93.17,29886953.12,2784567422.1904,31290406.4,2935353024.384,335,2012,157,93.49734103356413
2012-08-13,2012-08-10,Prod. Sold Negotiated,14879,90.67,192.92,90.67,2870456.68,260264307.1756,2243155.8,202534537.182,341,2012,158,90.50330782155788
2012-08-13,2012-08-10,Prod. Sold Swine or Pork Market Formula,172724,92.82,202.69,92.82,35009427.56,3249575066.1192,29886953.12,2784567422.1904,341,2012,158,92.98118670228433
2012-08-14,2012-08-13,Prod. Sold Swine or Pork Market Formula,157562,92.12,200.95,92.12,31662083.9,2916711168.868,35009427.56,3249575066.1192,342,2012,159,92.48757227720422
2012-08-14,2012-08-13,Prod. Sold Negotiated,12479,89.43,191.57,89.43,2390602.03,213791539.5429,2870456.68,260264307.1756,342,2012,159,90.10654943223395
2012-08-15,2012-08-14,Prod. Sold Swine or Pork Market Formula,161544,91.89,201.08,91.89,32483267.520000003,2984887452.4128003,31662083.9,2916711168.868,343,2012,160,92.00352777926675
2012-08-15,2012-08-14,Prod. Sold Negotiated,12889,89.88,192.84,89.88,2485514.76,223398066.6288,2390602.03,213791539.5429,343,2012,160,89.65937958424084
2012-08-16,2012-08-15,Prod. Sold Swine or Pork Market Formula,163544,91.5,200.82,91.5,32842906.08,3005125906.32,32483267.520000003,2984887452.4128003,344,2012,161,91.69392647134624
2012-08-16,2012-08-15,Prod. Sold Negotiated,9446,89.71,191.49,89.71,1808814.54,162268752.3834,2485514.76,223398066.6288,344,2012,161,89.80839429621756
2012-08-17,2012-08-16,Prod. Sold Swine or Pork Market Formula,164456,90.8,201.96,90.8,33213533.76,3015788865.408,32842906.08,3005125906.32,345,2012,162,91.14803622949837
2012-08-17,2012-08-16,Prod. Sold Negotiated,18795,89.64,196.41,89.64,3691525.95,330908386.158,1808814.54,162268752.3834,345,2012,162,89.66301985086744
2012-08-20,2012-08-17,Prod. Sold Swine or Pork Market Formula,192071,90.03,202.46,90.03,38886694.66,3500969120.2398005,33213533.76,3015788865.408,351,2012,163,90.38470651835142
2012-08-20,2012-08-17,Prod. Sold Negotiated,26540,90.63,198.69,90.63,5273232.6,477913070.5379999,3691525.95,330908386.158,351,2012,163,90.22233584818632
2012-08-21,2012-08-20,Prod. Sold Negotiated,14812,87.79,193.01,87.79,2858864.12,250979681.0948,5273232.6,477913070.5379999,352,2012,164,89.63158908823209
2012-08-21,2012-08-20,Prod. Sold Swine or Pork Market Formula,159817,89.13,200.97,89.13,32118422.49,2862714996.5336995,38886694.66,3500969120.2398005,352,2012,164,89.62289440816025
2012-08-22,2012-08-21,Prod. Sold Negotiated,11144,87.26,192.64,87.26,2146780.16,187328036.7616,2858864.12,250979681.0948,353,2012,165,87.56269789438576
2012-08-22,2012-08-21,Prod. Sold Swine or Pork Market Formula,158913,88.33,201.96,88.33,32094069.48,2834869157.1684,32118422.49,2862714996.5336995,353,2012,165,88.73015170263137
2012-08-23,2012-08-22,Prod. Sold Swine or Pork Market Formula,160102,87.48,201.77,87.48,32303780.540000003,2825934721.6392,32094069.48,2834869157.1684,354,2012,166,87.90361599105448
2012-08-23,2012-08-22,Prod. Sold Negotiated,11164,87.3,191.21,87.3,2134668.44,186356554.812,2146780.16,187328036.7616,354,2012,166,87.27994342232672
2012-08-24,2012-08-23,Prod. Sold Swine or Pork Market Formula,170750,86.21,202.93,86.21,34650297.5,2987202147.475,32303780.540000003,2825934721.6392,355,2012,167,86.82274536946488
2012-08-24,2012-08-23,Prod. Sold Negotiated,17102,86.79,195.58,86.79000000000002,3344809.16,290295986.99640006,2134668.44,186356554.812,355,2012,167,86.98868333879129
2012-08-27,2012-08-24,Prod. Sold Negotiated,32801,87.14,198.04,87.14,6495910.04,566053600.8856,3344809.16,290295986.99640006,361,2012,168,87.02103682442235
2012-08-27,2012-08-24,Prod. Sold Swine or Pork Market Formula,221897,85.15,202.38,85.15,44907514.86,3823874890.329,34650297.5,2987202147.475,361,2012,168,85.61166824175355
2012-08-28,2012-08-27,Prod. Sold Negotiated,16750,83.64,196.08,83.64,3284340.0,274702197.6,6495910.04,566053600.8856,362,2012,169,85.96465274885753
2012-08-28,2012-08-27,Prod. Sold Swine or Pork Market Formula,156840,83.94,201.06,83.94,31534250.4,2646984978.576,44907514.86,3823874890.329,362,2012,169,84.65084299003014
2012-08-29,2012-08-28,Prod. Sold Negotiated,14311,82.95,191.63,82.95,2742416.93,227483484.3435,3284340.0,274702197.6,363,2012,170,83.3260222332378
2012-08-29,2012-08-28,Prod. Sold Swine or Pork Market Formula,166853,82.65,201.09,82.65,33552469.77,2773111626.4905,31534250.4,2646984978.576,363,2012,170,83.27499973742337
2012-08-30,2012-08-29,Prod. Sold Negotiated,11073,82.29,192.4,82.29,2130445.2,175314335.50800002,2742416.93,227483484.3435,364,2012,171,82.66144395337119
2012-08-30,2012-08-29,Prod. Sold Swine or Pork Market Formula,168153,81.03,201.81,81.03,33934956.93,2749749560.0379,33552469.77,2773111626.4905,364,2012,171,81.83540929896502
2012-08-31,2012-08-30,Prod. Sold Swine or Pork Market Formula,170400,79.5,202.45,79.5,34497480.0,2742549660.0,33934956.93,2749749560.0379,365,2012,172,80.25871160566749
2012-08-31,2012-08-30,Prod. Sold Negotiated,16187,79.64,194.33,79.64,3145619.7100000004,250517153.70440003,2130445.2,175314335.50800002,365,2012,172,80.71005502705235
2012-09-04,2012-08-31,Prod. Sold Negotiated,24173,81.93,200.78,81.93,4853454.94,397643563.23420006,3145619.7100000004,250517153.70440003,372,2012,173,81.02946219393014
2012-09-04,2012-08-31,Prod. Sold Swine or Pork Market Formula,238948,77.56,202.61,77.56,48413254.28,3754932001.9568,34497480.0,2742549660.0,372,2012,173,78.36719477135475
2012-09-05,2012-09-04,Prod. Sold Swine or Pork Market Formula,161900,76.32,202.66,76.32,32810654.0,2504109113.28,48413254.28,3754932001.9568,373,2012,174,77.05909808797
2012-09-05,2012-09-04,Prod. Sold Negotiated,11302,75.64,193.12,75.64,2182642.24,165095059.03360003,4853454.94,397643563.23420006,373,2012,174,79.97880186580937
2012-09-06,2012-09-05,Prod. Sold Swine or Pork Market Formula,161234,74.83,203.29,74.83,32777259.86,2452722355.3238,32810654.0,2504109113.28,374,2012,175,75.57537931735949
2012-09-06,2012-09-05,Prod. Sold Negotiated,11341,74.94,191.6,74.94,2172935.6,162839793.864,2182642.24,165095059.03360003,374,2012,175,75.29077999386645
2012-09-07,2012-09-06,Prod. Sold Swine or Pork Market Formula,172798,73.35,202.45,73.35,34982955.1,2565999756.585,32777259.86,2452722355.3238,375,2012,176,74.0659119052594
2012-09-07,2012-09-06,Prod. Sold Negotiated,10058,71.58,192.09,71.58,1932041.22,138295510.5276,2172935.6,162839793.864,375,2012,176,73.35858826886141
2012-09-10,2012-09-07,Prod. Sold Swine or Pork Market Formula,323101,71.39,203.7,71.39,65815673.7,4698580945.443,34982955.1,2565999756.585,381,2012,177,72.07023338027788
2012-09-10,2012-09-07,Prod. Sold Negotiated,19933,72.36,199.47,72.36,3976035.51,287705929.5036,1932041.22,138295510.5276,381,2012,177,72.10492678066488
2012-09-11,2012-09-10,Prod. Sold Negotiated,15157,70.27,193.51,70.27,2933031.07,206104093.2889,3976035.51,287705929.5036,382,2012,178,71.47275497705509
2012-09-11,2012-09-10,Prod. Sold Swine or Pork Market Formula,165503,70.61,201.47,70.61,33343889.41,2354412031.2401,65815673.7,4698580945.443,382,2012,178,71.12771330848898
2012-09-12,2012-09-11,Prod. Sold Swine or Pork Market Formula,164618,69.84,201.82,69.84,33223204.76,2320308620.4384,33343889.41,2354412031.2401,383,2012,179,70.22569799637236
2012-09-12,2012-09-11,Prod. Sold Negotiated,12017,68.53,191.38,68.53,2299813.46,157606216.4138,2933031.07,206104093.2889,383,2012,179,69.50527721921448
2012-09-13,2012-09-12,Prod. Sold Negotiated,10783,68.35,188.62,68.35,2033889.46,139016344.591,2299813.46,157606216.4138,384,2012,180,68.44552256590767
2012-09-13,2012-09-12,Prod. Sold Swine or Pork Market Formula,168458,68.96,201.82,68.96,33998193.56,2344515427.8976,33223204.76,2320308620.4384,384,2012,180,69.39492728386315
2012-09-14,2012-09-13,Prod. Sold Swine or Pork Market Formula,166549,68.31,202.69,68.31,33757816.81,2305996466.2911,33998193.56,2344515427.8976,385,2012,181,68.63615299651386
2012-09-14,2012-09-13,Prod. Sold Negotiated,12705,67.41,193.3,67.41,2455876.5,165550634.86499998,2033889.46,139016344.591,385,2012,181,67.83582533464617
2012-09-17,2012-09-14,Prod. Sold Swine or Pork Market Formula,262630,67.76,203.11,67.76,53342779.3,3614506725.368001,33757816.81,2305996466.2911,391,2012,182,67.97316500775783
2012-09-17,2012-09-14,Prod. Sold Negotiated,34468,67.95,200.03,67.95,6894634.04,468490383.018,2455876.5,165550634.86499998,391,2012,182,67.80817102666995
2012-09-18,2012-09-17,Prod. Sold Swine or Pork Market Formula,150983,67.56,202.11,67.56,30515174.130000003,2061605164.2228005,53342779.3,3614506725.368001,392,2012,183,67.6872217532581
2012-09-18,2012-09-17,Prod. Sold Negotiated,13626,66.78,194.99,66.78,2656933.74,177430035.1572,6894634.04,468490383.018,392,2012,183,67.6245442688153
2012-09-19,2012-09-18,Prod. Sold Swine or Pork Market Formula,155196,67.85,202.01,67.85,31351143.96,2127175117.686,30515174.130000003,2061605164.2228005,393,2012,184,67.70695931532848
2012-09-19,2012-09-18,Prod. Sold Negotiated,8655,65.98,188.46,65.98,1631121.3,107621383.374,2656933.74,177430035.1572,393,2012,184,66.47569023069258
2012-09-20,2012-09-19,Prod. Sold Swine or Pork Market Formula,163437,68.51,202.89,68.51,33159732.93,2271773303.0343,31351143.96,2127175117.686,394,2012,185,68.18925168574468
2012-09-20,2012-09-19,Prod. Sold Negotiated,11222,66.94,190.76,66.94,2140708.72,143299041.71679997,1631121.3,107621383.374,394,2012,185,66.52484967782297
2012-09-21,2012-09-20,Prod. Sold Swine or Pork Market Formula,156939,69.53,201.88,69.53,31682845.32,2202908235.0996,33159732.93,2271773303.0343,395,2012,186,69.00838398007254
2012-09-21,2012-09-20,Prod. Sold Negotiated,14197,68.5,191.22,68.5,2714750.34,185960398.29,2140708.72,143299041.71679997,395,2012,186,67.81221629882303
2012-09-24,2012-09-21,Prod. Sold Swine or Pork Market Formula,256378,71.0,203.1,71.0,52070371.8,3696996397.8,31682845.32,2202908235.0996,401,2012,187,70.44391649393394
2012-09-24,2012-09-21,Prod. Sold Negotiated,26029,69.73,198.36,69.73,5163112.44,360023830.4412001,2714750.34,185960398.29,401,2012,187,69.30613593795043
2012-09-25,2012-09-24,Prod. Sold Negotiated,12727,71.41,190.13,71.41,2419784.51,172796811.85909998,5163112.44,360023830.4412001,402,2012,188,70.26610618786005
2012-09-25,2012-09-24,Prod. Sold Swine or Pork Market Formula,158922,72.24,201.03,72.24,31948089.66,2307929997.0384,52070371.8,3696996397.8,402,2012,188,71.47151102852867
2012-09-26,2012-09-25,Prod. Sold Swine or Pork Market Formula,166294,73.4,201.87,73.4,33569769.78,2464021101.852,31948089.66,2307929997.0384,403,2012,189,72.8343560012131
2012-09-26,2012-09-25,Prod. Sold Negotiated,10741,72.17,191.76,72.17,2059694.16,148648127.52719998,2419784.51,172796811.85909998,403,2012,189,71.75945306740348
2012-09-27,2012-09-26,Prod. Sold Swine or Pork Market Formula,166763,74.74,201.84,74.74,33659443.92,2515706838.5808,33569769.78,2464021101.852,404,2012,190,74.0708936840176
2012-09-27,2012-09-26,Prod. Sold Negotiated,13014,72.54,191.65,72.54,2494133.1,180924415.07400003,2059694.16,148648127.52719998,404,2012,190,72.3726491551636
2012-09-28,2012-09-27,Prod. Sold Swine or Pork Market Formula,173161,75.66,202.55,75.66,35073760.550000004,2653680723.2130003,33659443.92,2515706838.5808,405,2012,191,75.20946537637546
2012-09-28,2012-09-27,Prod. Sold Negotiated,12948,74.07,192.06,74.07,2486792.88,184196748.6216,2494133.1,180924415.07400003,405,2012,191,73.3038726457043
2012-10-01,2012-09-28,Prod. Sold Negotiated,22119,75.54,194.59,75.54,4304136.21,325134449.30340004,2486792.88,184196748.6216,411,2012,192,75.001695817295
2012-10-01,2012-09-28,Prod. Sold Swine or Pork Market Formula,235485,76.61,202.96,76.61,47794035.6,3661501067.316,35073760.550000004,2653680723.2130003,411,2012,192,76.20791289173195
2012-10-02,2012-10-01,Prod. Sold Negotiated,11695,76.34,193.92,76.34,2267894.4,173131058.496,4304136.21,325134449.30340004,412,2012,193,75.81606620048899
2012-10-02,2012-10-01,Prod. Sold Swine or Pork Market Formula,150926,77.31,201.89,77.31,30470450.14,2355670500.3234,47794035.6,3661501067.316,412,2012,193,76.88252865583067
2012-10-03,2012-10-02,Prod. Sold Negotiated,9206,77.27,193.6,77.27,1782281.6,137716899.232,2267894.4,173131058.496,413,2012,194,76.74924687914796
2012-10-03,2012-10-02,Prod. Sold Swine or Pork Market Formula,163300,78.29,202.7,78.29,33100910.0,2591470243.9,30470450.14,2355670500.3234,413,2012,194,77.82027525175742
2012-10-04,2012-10-03,Prod. Sold Negotiated,13152,78.35,192.98,78.35,2538072.96,198858016.416,1782281.6,137716899.232,414,2012,195,77.90446616677683
2012-10-04,2012-10-03,Prod. Sold Swine or Pork Market Formula,168515,79.16,202.26,79.16,34083843.9,2698077083.124,33100910.0,2591470243.9,414,2012,195,78.7313641856475
2012-10-05,2012-10-04,Prod. Sold Negotiated,13214,79.37,196.39,79.37,2595097.46,205972885.4002,2538072.96,198858016.416,415,2012,196,78.86566560090945
2012-10-05,2012-10-04,Prod. Sold Swine or Pork Market Formula,165180,79.95,203.84,79.95,33670291.2,2691939781.4400005,34083843.9,2698077083.124,415,2012,196,79.5525890280902
2012-10-08,2012-10-05,Prod. Sold Negotiated,28593,79.79,198.48,79.79,5675138.64,452819312.0856,2595097.46,205972885.4002,421,2012,197,79.65820921192324
2012-10-08,2012-10-05,Prod. Sold Swine or Pork Market Formula,248613,80.92,204.12,80.92,50746885.56,4106437979.5152,33670291.2,2691939781.4400005,421,2012,197,80.53310975185946
2012-10-09,2012-10-08,Prod. Sold Swine or Pork Market Formula,156220,81.49,203.52,81.49,31793894.4,2590884454.656,50746885.56,4106437979.5152,422,2012,198,81.13955837849825
2012-10-09,2012-10-08,Prod. Sold Negotiated,11552,80.91,191.58,80.91,2213132.16,179064523.0656,5675138.64,452819312.0856,422,2012,198,80.10422704443667
2012-10-10,2012-10-09,Prod. Sold Negotiated,8664,82.24,195.16,82.24,1690866.24,139056839.5776,2213132.16,179064523.0656,423,2012,199,81.48603817132712
2012-10-10,2012-10-09,Prod. Sold Swine or Pork Market Formula,165487,82.09,203.31,82.09,33645161.97,2761931346.1173,31793894.4,2590884454.656,423,2012,199,81.7984869847123
2012-10-11,2012-10-10,Prod. Sold Swine or Pork Market Formula,168195,82.48,203.53,82.48,34232728.35,2823515434.308,33645161.97,2761931346.1173,424,2012,200,82.28668796413032
2012-10-11,2012-10-10,Prod. Sold Negotiated,10075,82.02,193.63,82.02,1950822.25,160006440.945,1690866.24,139056839.5776,424,2012,200,82.12214782890447
2012-10-12,2012-10-11,Prod. Sold Swine or Pork Market Formula,172927,82.84,203.97,82.84,35271920.19,2921925868.5396,34232728.35,2823515434.308,425,2012,201,82.66269125209796
2012-10-12,2012-10-11,Prod. Sold Negotiated,11787,82.46,192.72,82.46,2271590.64,187315364.1744,1950822.25,160006440.945,425,2012,201,82.25671296664687
2012-10-15,2012-10-12,Prod. Sold Negotiated,28714,83.03,199.71,83.03,5734472.94,476133288.2082,2271590.64,187315364.1744,431,2012,202,82.86827174842396
2012-10-15,2012-10-12,Prod. Sold Swine or Pork Market Formula,256544,83.1,204.71,83.1,52517122.24,4364172858.144,35271920.19,2921925868.5396,431,2012,202,82.99553708531775
2012-10-16,2012-10-15,Prod. Sold Negotiated,12943,83.49,194.79,83.49,2521166.97,210492230.3253,5734472.94,476133288.2082,432,2012,203,83.17047812390595
2012-10-16,2012-10-15,Prod. Sold Swine or Pork Market Formula,162875,83.38,203.88,83.38,33206955.0,2768795907.9,52517122.24,4364172858.144,432,2012,203,83.20846366271132
2012-10-17,2012-10-16,Prod. Sold Negotiated,13933,84.04,197.02,84.04,2745079.66,230696494.6264,2521166.97,210492230.3253,433,2012,204,83.77669257615075
2012-10-17,2012-10-16,Prod. Sold Swine or Pork Market Formula,161189,83.55,203.36,83.55,32779395.040000003,2738718455.592,33206955.0,2768795907.9,433,2012,204,83.46444924069026
2012-10-18,2012-10-17,Prod. Sold Swine or Pork Market Formula,171789,83.89,203.82,83.89,35014033.98,2937327310.5822,32779395.040000003,2738718455.592,434,2012,205,83.72560362007486
2012-10-18,2012-10-17,Prod. Sold Negotiated,11163,83.92,193.87,83.92,2164170.81,181617214.3752,2745079.66,230696494.6264,434,2012,205,83.9870997662908
2012-10-19,2012-10-18,Prod. Sold Negotiated,12367,84.21,194.84,84.21,2409586.2800000003,202911260.6388,2164170.81,181617214.3752,435,2012,206,84.07278030893414
2012-10-19,2012-10-18,Prod. Sold Swine or Pork Market Formula,168305,84.39,204.14,84.39,34357782.7,2899453282.0529995,35014033.98,2937327310.5822,435,2012,206,84.13763502200385
2012-10-22,2012-10-19,Prod. Sold Swine or Pork Market Formula,262388,84.82,204.74,84.82,53721319.120000005,4556642287.7584,34357782.7,2899453282.0529995,441,2012,207,84.65226615331305
2012-10-22,2012-10-19,Prod. Sold Negotiated,31196,84.99,200.32,84.99,6249182.72,531118039.37279993,2409586.2800000003,202911260.6388,441,2012,207,84.77293943418513
2012-10-23,2012-10-22,Prod. Sold Negotiated,18129,85.25,200.21,85.25,3629607.09,309424004.4225,6249182.72,531118039.37279993,442,2012,208,85.0855276771295
2012-10-23,2012-10-22,Prod. Sold Swine or Pork Market Formula,163466,84.9,204.01,84.9,33348698.66,2831304516.234,53721319.120000005,4556642287.7584,442,2012,208,84.8506408102447
2012-10-24,2012-10-23,Prod. Sold Negotiated,10199,84.8,192.79,84.8,1966265.21,166739289.808,3629607.09,309424004.4225,443,2012,209,85.09187999706496
2012-10-24,2012-10-23,Prod. Sold Swine or Pork Market Formula,166580,85.14,204.57,85.14,34077270.6,2901338818.8840003,33348698.66,2831304516.234,443,2012,209,85.02129666111973
2012-10-25,2012-10-24,Prod. Sold Swine or Pork Market Formula,170114,85.39,204.97,85.39,34868266.58,2977401283.2662,34077270.6,2901338818.8840003,444,2012,210,85.26643409568686
2012-10-25,2012-10-24,Prod. Sold Negotiated,11965,84.32,194.64,84.32,2328867.6,196370116.03199995,1966265.21,166739289.808,444,2012,210,84.53973879331568
2012-10-26,2012-10-25,Prod. Sold Swine or Pork Market Formula,166470,85.23,205.03,85.23,34131344.1,2909014457.643,34868266.58,2977401283.2662,445,2012,211,85.3108544076962
2012-10-26,2012-10-25,Prod. Sold Negotiated,13672,84.3,196.81,84.3,2690786.32,226833286.776,2328867.6,196370116.03199995,445,2012,211,84.30927899666835
2012-10-29,2012-10-26,Prod. Sold Negotiated,29837,84.85,199.79,84.85,5961134.23,505802239.4154999,2690786.32,226833286.776,451,2012,212,84.67894751894131
2012-10-29,2012-10-26,Prod. Sold Swine or Pork Market Formula,255905,84.65,205.52,84.64999999999998,52593595.6,4452047867.54,34131344.1,2909014457.643,451,2012,212,84.87826397627347
2012-10-30,2012-10-29,Prod. Sold Negotiated,10567,84.09,195.94,84.09,2070497.98,174108175.1382,5961134.23,505802239.4154999,452,2012,213,84.65407737510182
2012-10-30,2012-10-29,Prod. Sold Swine or Pork Market Formula,158859,84.21,204.3,84.21,32454893.700000003,2733026598.477,52593595.6,4452047867.54,452,2012,213,84.48209398138009
2012-10-31,2012-10-30,Prod. Sold Negotiated,7603,81.81,203.95,81.81,1550631.85,126857191.6485,2070497.98,174108175.1382,453,2012,214,83.11366366742504
2012-10-31,2012-10-30,Prod. Sold Swine or Pork Market Formula,168575,83.85,204.65,83.85,34498873.75,2892730563.9375,32454893.700000003,2733026598.477,453,2012,214,84.02450491849805
2012-11-01,2012-10-31,Prod. Sold Negotiated,9803,82.59,194.95,82.59,1911094.85,157837323.6615,1550631.85,126857191.6485,454,2012,215,82.24060995629726
2012-11-01,2012-10-31,Prod. Sold Swine or Pork Market Formula,180614,83.33,204.44,83.33,36924726.16,3076937430.9128,34498873.75,2892730563.9375,454,2012,215,83.58116928259852
2012-11-02,2012-11-01,Prod. Sold Swine or Pork Market Formula,174066,82.87,205.18,82.87,35714861.88,2959690603.9956,36924726.16,3076937430.9128,455,2012,216,83.1038308144623
2012-11-02,2012-11-01,Prod. Sold Negotiated,13580,82.44,195.64,82.44,2656791.2,219025866.528,1911094.85,157837323.6615,455,2012,216,82.50275643139126
2012-11-05,2012-11-02,Prod. Sold Swine or Pork Market Formula,259430,82.86,205.52,82.86000000000001,53318053.6,4417933921.2960005,35714861.88,2959690603.9956,461,2012,217,82.86401142225742
2012-11-05,2012-11-02,Prod. Sold Negotiated,32722,82.35,201.25,82.35,6585302.5,542299660.875,2656791.2,219025866.528,461,2012,217,82.37587197400951
2012-11-06,2012-11-05,Prod. Sold Swine or Pork Market Formula,166447,82.56,205.11,82.56,34139944.17,2818593790.6752005,53318053.6,4417933921.2960005,462,2012,218,82.74289254828433
2012-11-06,2012-11-05,Prod. Sold Negotiated,16834,82.48,198.21,82.48000000000003,3336667.14,275208305.70720005,6585302.5,542299660.875,462,2012,218,82.39371780442174
2012-11-07,2012-11-06,Prod. Sold Swine or Pork Market Formula,160684,82.51,205.63,82.51,33041450.92,2726250115.4092,34139944.17,2818593790.6752005,463,2012,219,82.5354087788176
2012-11-07,2012-11-06,Prod. Sold Negotiated,15127,81.47,199.03,81.47,3010726.81,245283913.2107,3336667.14,275208305.70720005,463,2012,219,82.00093188132746
2012-11-08,2012-11-07,Prod. Sold Swine or Pork Market Formula,173132,82.39,205.77,82.39,35625371.64,2935174369.4196,33041450.92,2726250115.4092,464,2012,220,82.44774221032195
2012-11-08,2012-11-07,Prod. Sold Negotiated,13305,80.89,197.48,80.89,2627471.4,212536161.546,3010726.81,245283913.2107,464,2012,220,81.1997126927363
2012-11-09,2012-11-08,Prod. Sold Negotiated,13607,81.08,195.15,81.08,2655406.0500000003,215300322.534,2627471.4,212536161.546,465,2012,221,80.98550233831376
2012-11-09,2012-11-08,Prod. Sold Swine or Pork Market Formula,167662,82.28,206.24,82.28,34578610.88,2845128103.2064004,35625371.64,2935174369.4196,465,2012,221,82.33582006518337
2012-11-12,2012-11-09,Prod. Sold Swine or Pork Market Formula,222254,81.99,206.51,81.99,45897673.54,3763150253.5446,34578610.88,2845128103.2064004,471,2012,222,82.11460561800871
2012-11-12,2012-11-09,Prod. Sold Negotiated,30016,81.17,203.0,81.17,6093248.0,494588940.16,2655406.0500000003,215300322.534,471,2012,222,81.14268305008585
2012-11-13,2012-11-12,Prod. Sold Swine or Pork Market Formula,165625,81.9,205.25,81.9,33994531.25,2784152109.375,45897673.54,3763150253.5446,472,2012,223,81.95170455151985
2012-11-13,2012-11-12,Prod. Sold Negotiated,14565,80.68,205.57,80.68,2994127.05,241566170.394,6093248.0,494588940.16,472,2012,223,81.00855379067907
2012-11-14,2012-11-13,Prod. Sold Swine or Pork Market Formula,166836,81.28,205.61,81.28,34303149.96,2788160028.7488003,33994531.25,2784152109.375,473,2012,224,81.58859919402232
2012-11-14,2012-11-13,Prod. Sold Negotiated,12932,79.6,197.9,79.6,2559242.8000000003,203715726.88,2994127.05,241566170.394,473,2012,224,80.18228738609946
2012-11-15,2012-11-14,Prod. Sold Negotiated,13076,79.63,198.91,79.63,2600947.16,207113422.3508,2559242.8000000003,203715726.88,474,2012,225,79.61512122914172
2012-11-15,2012-11-14,Prod. Sold Swine or Pork Market Formula,171998,80.43,205.69,80.43,35378268.62,2845474145.1066,34303149.96,2788160028.7488003,474,2012,225,80.84844265028165
2012-11-16,2012-11-15,Prod. Sold Negotiated,14281,78.37,197.95,78.37,2826923.95,221546029.9615,2600947.16,207113422.3508,475,2012,226,78.97377141519854
2012-11-16,2012-11-15,Prod. Sold Swine or Pork Market Formula,173129,79.66,206.55,79.66,35759794.95,2848625265.717,35378268.62,2845474145.1066,475,2012,226,80.04293517521171
2012-11-19,2012-11-16,Prod. Sold Swine or Pork Market Formula,254215,78.83,206.07,78.83,52386085.05,4129595084.4915,35759794.95,2848625265.717,481,2012,227,79.16672169145626
2012-11-19,2012-11-16,Prod. Sold Negotiated,30496,78.88,204.42,78.88,6233992.32,491737314.2015999,2826923.95,221546029.9615,481,2012,227,78.72088461127562
2012-11-20,2012-11-19,Prod. Sold Swine or Pork Market Formula,157825,78.46,205.89,78.46,32494589.25,2549525472.555,52386085.05,4129595084.4915,482,2012,228,78.68835411745191
2012-11-20,2012-11-19,Prod. Sold Negotiated,12164,77.14,197.63,77.14,2403971.32,185442347.6248,6233992.32,491737314.2015999,482,2012,228,78.3957527548009
2012-11-21,2012-11-20,Prod. Sold Negotiated,11315,75.62,196.73,75.62,2225999.95,168330116.21899998,2403971.32,185442347.6248,483,2012,229,76.40921362429965
2012-11-21,2012-11-20,Prod. Sold Swine or Pork Market Formula,162428,77.82,206.27,77.82,33504023.56,2607283113.4392,32494589.25,2549525472.555,483,2012,229,78.13510567017325
2012-11-23,2012-11-21,Prod. Sold Swine or Pork Market Formula,163933,77.85,206.38,77.85,33832492.54,2633859544.239,33504023.56,2607283113.4392,485,2012,230,77.83507317032402
2012-11-23,2012-11-21,Prod. Sold Negotiated,11877,75.94,197.54,75.94,2346182.58,178169105.1252,2225999.95,168330116.21899998,485,2012,230,75.78420569841073
2012-11-26,2012-11-23,Prod. Sold Negotiated,25517,76.76,202.86,76.76,5176378.62,397338822.8712,2346182.58,178169105.1252,491,2012,231,76.50425336471838
2012-11-26,2012-11-23,Prod. Sold Swine or Pork Market Formula,298627,78.07,208.03,78.07,62123374.81,4849971871.416699,33832492.54,2633859544.239,491,2012,231,77.99243154520553
2012-11-27,2012-11-26,Prod. Sold Negotiated,12107,77.12,196.54,77.12,2379509.78,183507794.2336,5176378.62,397338822.8712,492,2012,232,76.87337164810425
2012-11-27,2012-11-26,Prod. Sold Swine or Pork Market Formula,162738,78.23,205.84,78.23,33497989.92,2620547751.4416003,62123374.81,4849971871.416699,492,2012,232,78.12605105514163
2012-11-28,2012-11-27,Prod. Sold Swine or Pork Market Formula,171493,78.98,207.05,78.98,35507625.65,2804392273.837,33497989.92,2620547751.4416003,493,2012,233,78.61592104450524
2012-11-28,2012-11-27,Prod. Sold Negotiated,10486,77.51,198.22,77.51,2078534.92,161107241.6492,2379509.78,183507794.2336,493,2012,233,77.30183501363278
2012-11-29,2012-11-28,Prod. Sold Swine or Pork Market Formula,174093,80.0,206.35,80.0,35924090.55,2873927244.0,35507625.65,2804392273.837,494,2012,234,79.49297342847545
2012-11-29,2012-11-28,Prod. Sold Negotiated,10606,78.7,195.47,78.7,2073154.82,163157284.33400002,2078534.92,161107241.6492,494,2012,234,78.10422895021053
2012-11-30,2012-11-29,Prod. Sold Negotiated,13757,79.68,201.14,79.68,2767082.98,220481171.8464,2073154.82,163157284.33400002,495,2012,235,79.26024960600077
2012-11-30,2012-11-29,Prod. Sold Swine or Pork Market Formula,169873,80.77,207.87,80.77,35311500.51,2852109896.1927,35924090.55,2873927244.0,495,2012,235,80.38168919479868
2012-12-03,2012-11-30,Prod. Sold Swine or Pork Market Formula,277701,82.16,207.73,82.16,57686828.73,4739549848.4568,35311500.51,2852109896.1927,501,2012,236,81.63221647840327
2012-12-03,2012-11-30,Prod. Sold Negotiated,28050,80.63,201.5,80.63,5652075.0,455726807.25,2767082.98,220481171.8464,501,2012,236,80.31776820232561
2012-12-04,2012-12-03,Prod. Sold Swine or Pork Market Formula,155667,83.3,205.82,83.3,32039381.94,2668880515.602,57686828.73,4739549848.4568,502,2012,237,82.56707052196748
2012-12-04,2012-12-03,Prod. Sold Negotiated,13148,83.27,197.55,83.27,2597387.4000000004,216284448.798,5652075.0,455726807.25,502,2012,237,81.46121813319617
2012-12-05,2012-12-04,Prod. Sold Swine or Pork Market Formula,161913,84.34,205.86,84.34,33331410.180000003,2811171134.5812006,32039381.94,2668880515.602,503,2012,238,83.83027759742556
2012-12-05,2012-12-04,Prod. Sold Negotiated,13307,84.03,198.78,84.03,2645165.46,222273253.6038,2597387.4000000004,216284448.798,503,2012,238,83.65346313395112
2012-12-06,2012-12-05,Prod. Sold Swine or Pork Market Formula,163001,85.49,207.62,85.49,33842267.62,2893175458.8337994,33331410.180000003,2811171134.5812006,504,2012,239,84.91937288886987
2012-12-06,2012-12-05,Prod. Sold Negotiated,11287,85.77,199.51,85.77,2251869.37,193142835.8649,2645165.46,222273253.6038,504,2012,239,84.83012759553928
2012-12-07,2012-12-06,Prod. Sold Swine or Pork Market Formula,169621,85.89,207.53,85.89,35201446.13,3023452208.1057,33842267.62,2893175458.8337994,505,2012,240,85.6939371535399
2012-12-07,2012-12-06,Prod. Sold Negotiated,12380,85.92,198.59,85.92,2458544.2,211238117.66400003,2251869.37,193142835.8649,505,2012,240,85.84829071153088
2012-12-10,2012-12-07,Prod. Sold Negotiated,28834,85.63,202.32,85.63,5833694.88,499539292.5744,2458544.2,211238117.66400003,511,2012,241,85.71598133883037
2012-12-10,2012-12-07,Prod. Sold Swine or Pork Market Formula,251204,85.64,207.89,85.64,52222799.56,4472360554.3184,35201446.13,3023452208.1057,511,2012,241,85.74066271047627
2012-12-11,2012-12-10,Prod. Sold Negotiated,14686,85.43,196.28,85.43,2882568.08,246257791.07440004,5833694.88,499539292.5744,512,2012,242,85.5638577072943
2012-12-11,2012-12-10,Prod. Sold Swine or Pork Market Formula,162671,84.98,207.14,84.98,33695670.94,2863458116.4812,52222799.56,4472360554.3184,512,2012,242,85.38115993114192
2012-12-12,2012-12-11,Prod. Sold Negotiated,13768,83.92,198.63,83.92,2734737.84,229499199.5328,2882568.08,246257791.07440004,513,2012,243,84.69486928125147
2012-12-12,2012-12-11,Prod. Sold Swine or Pork Market Formula,172686,84.04,206.18,84.04,35604399.480000004,2992193732.2992005,33695670.94,2863458116.4812,513,2012,243,84.49705481237807
2012-12-13,2012-12-12,Prod. Sold Swine or Pork Market Formula,174358,82.95,206.37,82.95,35982260.46,2984728505.157,35604399.480000004,2992193732.2992005,514,2012,244,83.4921232875752
2012-12-13,2012-12-12,Prod. Sold Negotiated,12421,83.7,197.1,83.7,2448179.1,204912590.67,2734737.84,229499199.5328,514,2012,244,83.81608179945097
2012-12-14,2012-12-13,Prod. Sold Swine or Pork Market Formula,175210,82.08,206.61,82.08,36200138.1,2971307335.248,35982260.46,2984728505.157,515,2012,245,82.51368698221046
2012-12-14,2012-12-13,Prod. Sold Negotiated,15684,83.55,199.14,83.55,3123311.76,260952697.548,2448179.1,204912590.67,515,2012,245,83.6159117773371
2012-12-17,2012-12-14,Prod. Sold Swine or Pork Market Formula,234981,81.63,207.93,81.63,48859599.33,3988409093.3079,36200138.1,2971307335.248,521,2012,246,81.82151319575145
2012-12-17,2012-12-14,Prod. Sold Negotiated,27789,84.17,202.6,84.17,5630051.4,473881426.338,3123311.76,260952697.548,521,2012,246,83.9487760823121
2012-12-18,2012-12-17,Prod. Sold Swine or Pork Market Formula,169186,81.48,206.6,81.48,34953827.6,2848037872.848,48859599.33,3988409093.3079,522,2012,247,81.56744350598643
2012-12-18,2012-12-17,Prod. Sold Negotiated,13837,80.87,197.86,80.87,2737788.8200000003,221404981.87340003,5630051.4,473881426.338,522,2012,247,83.0903064508323
2012-12-19,2012-12-18,Prod. Sold Negotiated,12568,81.24,196.62,81.24,2471120.16,200753801.7984,2737788.8200000003,221404981.87340003,523,2012,248,81.04552897597377
2012-12-19,2012-12-18,Prod. Sold Swine or Pork Market Formula,166206,81.56,205.6,81.56,34171953.6,2787064535.616,34953827.6,2848037872.848,523,2012,248,81.5195475644621
2012-12-20,2012-12-19,Prod. Sold Swine or Pork Market Formula,156036,82.06,205.53,82.06,32070079.08,2631670689.3048,34171953.6,2787064535.616,524,2012,249,81.80206744405717
2012-12-20,2012-12-19,Prod. Sold Negotiated,11191,81.55,196.96,81.55,2204179.36,179750826.80799997,2471120.16,200753801.7984,524,2012,249,81.3861501233615
2012-12-21,2012-12-20,Prod. Sold Negotiated,7464,81.54,191.28,81.54,1427713.92,116415793.0368,2204179.36,179750826.80799997,525,2012,250,81.54606895409658
2012-12-21,2012-12-20,Prod. Sold Swine or Pork Market Formula,126624,82.56,203.68,82.56,25790776.32,2129286492.9792,32070079.08,2631670689.3048,525,2012,250,82.28286895122534
2012-12-26,2012-12-21,Prod. Sold Negotiated,29996,82.72,198.74,82.72,5961405.04,493127424.9088,1427713.92,116415793.0368,533,2012,251,82.4920022597119
2012-12-26,2012-12-21,Prod. Sold Swine or Pork Market Formula,328061,82.01,207.04,82.01,67921749.44,5570262671.5744,25790776.32,2129286492.9792,533,2012,251,82.16136639270965
2012-12-27,2012-12-26,Prod. Sold Negotiated,9055,83.28,198.6,83.28,1798323.0,149764339.44,5961405.04,493127424.9088,534,2012,252,82.84978043493389
2012-12-27,2012-12-26,Prod. Sold Swine or Pork Market Formula,161666,82.05,207.13,82.05,33485878.58,2747516337.489,67921749.44,5570262671.5744,534,2012,252,82.02320842592766
2012-12-28,2012-12-27,Prod. Sold Negotiated,6922,80.39,197.88,80.39,1369725.36,110112221.6904,1798323.0,149764339.44,535,2012,253,82.03049057319315
2012-12-28,2012-12-27,Prod. Sold Swine or Pork Market Formula,173001,82.35,207.92,82.35,35970367.919999994,2962159798.2119994,33485878.58,2747516337.489,535,2012,253,82.20536558509535
2012-12-31,2012-12-28,Prod. Sold Negotiated,18476,82.39,200.45,82.39,3703514.2,305132534.938,1369725.36,110112221.6904,541,2012,254,81.85001944367082
2012-12-31,2012-12-28,Prod. Sold Swine or Pork Market Formula,310587,82.42,207.68,82.42,64502708.16,5316313206.5472,35970367.919999994,2962159798.2119994,541,2012,254,82.39493929863961
2013-01-02,2012-12-31,Prod. Sold Swine or Pork Market Formula,137889,82.3,206.81,82.3,28516824.09,2346934622.607,64502708.16,5316313206.5472,13,2013,1,82.3832118243553
2013-01-02,2012-12-31,Prod. Sold Negotiated,7028,82.76,194.55,82.76,1367297.4,113157532.82400002,3703514.2,305132534.938,13,2013,1,82.48976707436735
2013-01-03,2013-01-02,Prod. Sold Negotiated,8950,83.45,198.25,83.45,1774337.5,148068464.375,1367297.4,113157532.82400002,14,2013,2,83.1496992852352
2013-01-03,2013-01-02,Prod. Sold Swine or Pork Market Formula,163771,82.94,207.45,82.94,33974293.95,2817827940.213,28516824.09,2346934622.607,14,2013,2,82.64794621715812
2013-01-04,2013-01-03,Prod. Sold Negotiated,9594,83.06,201.49,83.06,1933095.06,160562875.6836,1774337.5,148068464.375,15,2013,3,83.24664982135238
2013-01-04,2013-01-03,Prod. Sold Swine or Pork Market Formula,162054,83.11,208.64,83.11,33810946.559999995,2810027768.6016,33974293.95,2817827940.213,15,2013,3,83.0247951688591
2013-01-07,2013-01-04,Prod. Sold Swine or Pork Market Formula,288232,83.81,208.66,83.81,60142489.12,5040542013.1472,33810946.559999995,2810027768.6016,21,2013,4,83.55809156875742
2013-01-07,2013-01-04,Prod. Sold Negotiated,15710,82.98,205.71,82.98,3231704.1,268166806.218,1933095.06,160562875.6836,21,2013,4,83.00994261732338
2013-01-08,2013-01-07,Prod. Sold Negotiated,14017,83.5,199.5,83.5,2796391.5,233498690.25,3231704.1,268166806.218,22,2013,5,83.22122437275216
2013-01-08,2013-01-07,Prod. Sold Swine or Pork Market Formula,159669,84.06,207.59,84.06,33145687.71,2786226508.9026003,60142489.12,5040542013.1472,22,2013,5,83.89882606787997
2013-01-09,2013-01-08,Prod. Sold Negotiated,16329,83.7,203.51,83.70000000000002,3323114.79,278144707.92300004,2796391.5,233498690.25,23,2013,6,83.608607284069
2013-01-09,2013-01-08,Prod. Sold Swine or Pork Market Formula,162356,84.09,207.35,84.09,33664516.6,2830849200.894,33145687.71,2786226508.9026003,23,2013,6,84.07511648569901
2013-01-10,2013-01-09,Prod. Sold Swine or Pork Market Formula,167144,84.3,207.72,84.3,34719151.68,2926824486.624,33664516.6,2830849200.894,24,2013,7,84.1966193440069
2013-01-10,2013-01-09,Prod. Sold Negotiated,11517,84.31,200.84,84.31,2313074.2800000003,195015292.5468,3323114.79,278144707.92300004,24,2013,7,83.9503420827932
2013-01-11,2013-01-10,Prod. Sold Negotiated,12215,83.46,202.18,83.46,2469628.7,206115211.302,2313074.2800000003,195015292.5468,25,2013,8,83.87108827920565
2013-01-11,2013-01-10,Prod. Sold Swine or Pork Market Formula,171650,84.72,207.97,84.72,35698050.5,3024338838.36,34719151.68,2926824486.624,25,2013,8,84.51291929735683
2013-01-14,2013-01-11,Prod. Sold Negotiated,23024,84.24,203.97,84.24,4696205.28,395608332.7872,2469628.7,206115211.302,31,2013,9,83.97118127054345
2013-01-14,2013-01-11,Prod. Sold Swine or Pork Market Formula,216021,84.68,208.48,84.68,45036058.08,3813653398.2144,35698050.5,3024338838.36,31,2013,9,84.69768672553789
2013-01-15,2013-01-14,Prod. Sold Negotiated,15091,84.4,202.13,84.4,3050343.83,257449019.25200003,4696205.28,395608332.7872,32,2013,10,84.30300289404606
2013-01-15,2013-01-14,Prod. Sold Swine or Pork Market Formula,161331,84.54,207.58,84.54,33489088.98,2831167582.3692,45036058.08,3813653398.2144,32,2013,10,84.62029336291955
2013-01-16,2013-01-15,Prod. Sold Negotiated,14721,84.51,202.92,84.51,2987185.32,252447031.3932,3050343.83,257449019.25200003,33,2013,11,84.45442464575099
2013-01-16,2013-01-15,Prod. Sold Swine or Pork Market Formula,164370,85.02,207.14,85.02,34047601.8,2894727105.036,33489088.98,2831167582.3692,33,2013,11,84.78198474451814
2013-01-17,2013-01-16,Prod. Sold Negotiated,14274,84.5,199.06,84.5,2841382.44,240096816.18,2987185.32,252447031.3932,34,2013,12,84.50512507607873
2013-01-17,2013-01-16,Prod. Sold Swine or Pork Market Formula,163067,85.37,207.54,85.37,33842925.18,2889170522.6166,34047601.8,2894727105.036,34,2013,12,85.19447240933171
2013-01-18,2013-01-17,Prod. Sold Negotiated,14973,84.96,200.97,84.96,3009123.81,255655158.8976,2841382.44,240096816.18,35,2013,13,84.73659438917785
2013-01-18,2013-01-17,Prod. Sold Swine or Pork Market Formula,161376,85.86,208.01,85.86,33567821.76,2882133176.3136,33842925.18,2889170522.6166,35,2013,13,85.61400015441215
2013-01-22,2013-01-18,Prod. Sold Swine or Pork Market Formula,328889,86.81,207.74,86.81,68323400.86,5931154428.6566,33567821.76,2882133176.3136,42,2013,14,86.49702475196581
2013-01-22,2013-01-18,Prod. Sold Negotiated,37594,86.54,202.57,86.54,7615416.58,659038150.8332001,3009123.81,255655158.8976,42,2013,14,86.0925062313025
2013-01-23,2013-01-22,Prod. Sold Swine or Pork Market Formula,150742,87.57,207.61,87.57,31295546.62,2740551017.5134,68323400.86,5931154428.6566,43,2013,15,87.04875593983739
2013-01-23,2013-01-22,Prod. Sold Negotiated,13092,86.63,200.47,86.63,2624553.24,227365047.1812,7615416.58,659038150.8332001,43,2013,15,86.56306743044678
2013-01-24,2013-01-23,Prod. Sold Swine or Pork Market Formula,158400,88.09,207.41,88.09,32853744.0,2894086308.96,31295546.62,2740551017.5134,44,2013,16,87.83631544503275
2013-01-24,2013-01-23,Prod. Sold Negotiated,10760,87.52,200.65,87.52,2158994.0,188955154.88,2624553.24,227365047.1812,44,2013,16,87.03169032803363
2013-01-25,2013-01-24,Prod. Sold Swine or Pork Market Formula,159312,88.58,207.81,88.58,33106626.72,2932584994.8576,32853744.0,2894086308.96,45,2013,17,88.33593929530298
2013-01-25,2013-01-24,Prod. Sold Negotiated,11701,87.49,198.41,87.49,2321595.41,203116382.4209,2158994.0,188955154.88,45,2013,17,87.50445564725379
2013-01-28,2013-01-25,Prod. Sold Swine or Pork Market Formula,188921,88.54,207.74,88.54,39246448.54,3474880553.7316003,33106626.72,2932584994.8576,51,2013,18,88.55830281662585
2013-01-28,2013-01-25,Prod. Sold Negotiated,18065,88.21,202.71,88.21,3661956.15,323021151.9915,2321595.41,203116382.4209,51,2013,18,87.93064271888717
2013-01-29,2013-01-28,Prod. Sold Negotiated,14971,88.74,203.31,88.74,3043754.01,270102730.8474,3661956.15,323021151.9915,52,2013,19,88.45056954249571
2013-01-29,2013-01-28,Prod. Sold Swine or Pork Market Formula,152371,88.27,207.27,88.27,31581937.17,2787737593.9959,39246448.54,3474880553.7316003,52,2013,19,88.41960867736259
2013-01-30,2013-01-29,Prod. Sold Negotiated,10200,88.8,200.66,88.8,2046732.0,181749801.6,3043754.01,270102730.8474,53,2013,20,88.76412420341767
2013-01-30,2013-01-29,Prod. Sold Swine or Pork Market Formula,157623,88.26,205.81,88.26,32440389.63,2863188788.7438,31581937.17,2787737593.9959,53,2013,20,88.26493295679002
2013-01-31,2013-01-30,Prod. Sold Swine or Pork Market Formula,164902,88.24,206.41,88.24,34037421.82,3003462101.3968,32440389.63,2863188788.7438,54,2013,21,88.24975976462595
2013-01-31,2013-01-30,Prod. Sold Negotiated,12512,87.84,197.83,87.84,2475248.96,217425868.6464,2046732.0,181749801.6,54,2013,21,88.27451370923066
2013-02-01,2013-01-31,Prod. Sold Negotiated,12802,88.72,202.51,88.72,2592533.02,230009529.5344,2475248.96,217425868.6464,55,2013,22,88.29018295313485
2013-02-01,2013-01-31,Prod. Sold Swine or Pork Market Formula,175791,88.59,207.96,88.59,36557496.36,3238628602.5324,34037421.82,3003462101.3968,55,2013,22,88.4212470933584
2013-02-04,2013-02-01,Prod. Sold Negotiated,16594,89.05,204.35,89.04999999999998,3390983.9,301967116.295,2592533.02,230009529.5344,61,2013,23,88.90701788629687
2013-02-04,2013-02-01,Prod. Sold Swine or Pork Market Formula,191362,89.14,208.63,89.14,39923854.06,3558812350.9084,36557496.36,3238628602.5324,61,2013,23,88.87710423668534
2013-02-05,2013-02-04,Prod. Sold Negotiated,15260,91.11,201.22,91.11,3070617.2,279763933.092,3390983.9,301967116.295,62,2013,24,90.02893251751489
2013-02-05,2013-02-04,Prod. Sold Swine or Pork Market Formula,150996,89.47,206.55,89.47,31188223.8,2790410383.386,39923854.06,3558812350.9084,62,2013,24,89.2847308834691
2013-02-06,2013-02-05,Prod. Sold Negotiated,14719,90.53,201.75,90.53,2969558.25,268834108.3725,3070617.2,279763933.092,63,2013,25,90.82485202718736
2013-02-06,2013-02-05,Prod. Sold Swine or Pork Market Formula,157531,90.19,206.65,90.19,32553781.15,2936025521.9185,31188223.8,2790410383.386,63,2013,25,89.8377123499078
2013-02-07,2013-02-06,Prod. Sold Negotiated,14128,91.0,202.26,91.0,2857529.28,260035164.48,2969558.25,268834108.3725,64,2013,26,90.76048199545409
2013-02-07,2013-02-06,Prod. Sold Swine or Pork Market Formula,163907,90.71,207.05,90.71,33936944.35,3078420221.9885,32553781.15,2936025521.9185,64,2013,26,90.45540861043843
2013-02-08,2013-02-07,Prod. Sold Swine or Pork Market Formula,168666,90.41,208.16,90.41,35109514.56,3174251211.3696003,33936944.35,3078420221.9885,65,2013,27,90.55745264950187
2013-02-08,2013-02-07,Prod. Sold Negotiated,12828,91.07,201.73,91.07,2587792.44,235670257.5108,2857529.28,260035164.48,65,2013,27,91.03326625681908
2013-02-11,2013-02-08,Prod. Sold Negotiated,15681,91.04,203.16,91.04,3185751.96,290030858.43840003,2587792.44,235670257.5108,71,2013,28,91.05344646681854
2013-02-11,2013-02-08,Prod. Sold Swine or Pork Market Formula,173803,89.79,208.39,89.79,36218807.17,3252086695.7943,35109514.56,3174251211.3696003,71,2013,28,90.09517890368429
2013-02-12,2013-02-11,Prod. Sold Swine or Pork Market Formula,151625,89.26,206.08,89.26,31246880.000000004,2789096508.8000007,36218807.17,3252086695.7943,72,2013,29,89.54452934529118
2013-02-12,2013-02-11,Prod. Sold Negotiated,14823,91.06,200.69,91.06,2974827.87,270887825.84220004,3185751.96,290030858.43840003,72,2013,29,91.04965762299034
2013-02-13,2013-02-12,Prod. Sold Negotiated,12245,89.6,200.49,89.6,2455000.0500000003,219968004.48,2974827.87,270887825.84220004,73,2013,30,90.39988698614228
2013-02-13,2013-02-12,Prod. Sold Swine or Pork Market Formula,160281,88.44,207.19,88.44,33208620.39,2936970387.2916,31246880.000000004,2789096508.8000007,73,2013,30,88.837521413145
2013-02-14,2013-02-13,Prod. Sold Negotiated,13109,89.1,200.46,89.1,2627830.14,234139665.474,2455000.0500000003,219968004.48,74,2013,31,89.34149931811906
2013-02-14,2013-02-13,Prod. Sold Swine or Pork Market Formula,168883,87.94,207.77,87.94,35088820.910000004,3085710910.8254004,33208620.39,2936970387.2916,74,2013,31,88.18311760263556
2013-02-15,2013-02-14,Prod. Sold Negotiated,14137,88.87,201.77,88.87,2852422.49,253494786.68630004,2627830.14,234139665.474,75,2013,32,88.98028705663884
2013-02-15,2013-02-14,Prod. Sold Swine or Pork Market Formula,168205,87.32,207.81,87.32,34954681.05,3052242749.286,35088820.910000004,3085710910.8254004,75,2013,32,87.6305936790057
2013-02-19,2013-02-15,Prod. Sold Negotiated,22497,87.1,204.67,87.1,4604460.989999999,401048552.2289999,2852422.49,253494786.68630004,82,2013,33,87.77706406045384
2013-02-19,2013-02-15,Prod. Sold Swine or Pork Market Formula,309662,86.05,207.77,86.05,64338473.74,5536325665.327,34954681.05,3052242749.286,82,2013,33,86.49708464573804
2013-02-20,2013-02-19,Prod. Sold Swine or Pork Market Formula,161942,84.8,207.58,84.8,33615920.36,2850630046.528,64338473.74,5536325665.327,83,2013,34,85.62102587549974
2013-02-20,2013-02-19,Prod. Sold Negotiated,12239,86.03,198.67,86.03,2431522.13,209183848.8439,4604460.989999999,401048552.2289999,83,2013,34,86.73022528128237
2013-02-21,2013-02-20,Prod. Sold Negotiated,11064,85.31,199.25,85.31,2204502.0,188066065.62,2431522.13,209183848.8439,84,2013,35,85.68762873628526
2013-02-21,2013-02-20,Prod. Sold Swine or Pork Market Formula,159993,84.12,207.42,84.12,33185748.06,2791585126.8072,33615920.36,2850630046.528,84,2013,35,84.46218944504619
2013-02-22,2013-02-21,Prod. Sold Swine or Pork Market Formula,155164,83.3,207.26,83.3,32159290.64,2678868910.312,33185748.06,2791585126.8072,85,2013,36,83.71644039012865
2013-02-22,2013-02-21,Prod. Sold Negotiated,10871,84.05,200.61,84.05,2180831.31,183298871.6055,2204502.0,188066065.62,85,2013,36,84.68340054760851
2013-02-25,2013-02-22,Prod. Sold Negotiated,10301,84.3,202.34,84.3,2084304.34,175706855.862,2180831.31,183298871.6055,91,2013,37,84.17217104630657
2013-02-25,2013-02-22,Prod. Sold Swine or Pork Market Formula,165583,81.8,207.21,81.8,34310453.43,2806595090.574,32159290.64,2678868910.312,91,2013,37,82.52572772221298
2013-02-26,2013-02-25,Prod. Sold Swine or Pork Market Formula,150787,80.83,206.74,80.83000000000001,31173704.380000003,2519770525.0354004,34310453.43,2806595090.574,92,2013,38,81.3382319287615
2013-02-26,2013-02-25,Prod. Sold Negotiated,9095,80.39,199.14,80.39000000000001,1811178.3,145600623.537,2084304.34,175706855.862,92,2013,38,82.4820719516799
2013-02-27,2013-02-26,Prod. Sold Swine or Pork Market Formula,160511,80.05,208.4,80.05,33450492.4,2677711916.62,31173704.380000003,2519770525.0354004,93,2013,39,80.42625983188893
2013-02-27,2013-02-26,Prod. Sold Negotiated,10883,79.76,199.87,79.76,2175185.21,173492772.34960002,1811178.3,145600623.537,93,2013,39,80.04623639719199
2013-02-28,2013-02-27,Prod. Sold Swine or Pork Market Formula,152562,79.15,207.61,79.14999999999998,31673396.82,2506949358.303,33450492.4,2677711916.62,94,2013,40,79.61227956469703
2013-02-28,2013-02-27,Prod. Sold Negotiated,11473,78.97,201.28,78.97,2309285.44,182364271.1968,2175185.21,173492772.34960002,94,2013,40,79.35318821774428
2013-03-01,2013-02-28,Prod. Sold Negotiated,13688,77.88,201.18,77.88,2753751.8400000003,214462193.2992,2309285.44,182364271.1968,95,2013,41,78.3771563491233
2013-03-01,2013-02-28,Prod. Sold Swine or Pork Market Formula,164321,78.68,208.72,78.68,34297079.12,2698494185.1616,31673396.82,2506949358.303,95,2013,41,78.90565392007994
2013-03-04,2013-03-01,Prod. Sold Negotiated,9736,76.39,201.8,76.39,1964724.8,150085327.472,2753751.8400000003,214462193.2992,101,2013,42,77.25957943307736
2013-03-04,2013-03-01,Prod. Sold Swine or Pork Market Formula,193057,78.4,209.33,78.4,40412621.81,3168349549.9040003,34297079.12,2698494185.1616,101,2013,42,78.52853996246881
2013-03-05,2013-03-04,Prod. Sold Swine or Pork Market Formula,149421,77.75,207.88,77.75,31061637.48,2415042314.07,40412621.81,3168349549.9040003,102,2013,43,78.11751978177092
2013-03-05,2013-03-04,Prod. Sold Negotiated,10125,76.46,200.71,76.46,2032188.75,155381151.825,1964724.8,150085327.472,102,2013,43,76.42559076540448
2013-03-06,2013-03-05,Prod. Sold Swine or Pork Market Formula,157797,77.94,207.71,77.94,32776014.87,2554562598.9678,31061637.48,2415042314.07,103,2013,44,77.84755125064996
2013-03-06,2013-03-05,Prod. Sold Negotiated,10606,76.05,198.0,76.05,2099988.0,159704087.4,2032188.75,155381151.825,103,2013,44,76.25163643471932
2013-03-07,2013-03-06,Prod. Sold Swine or Pork Market Formula,170446,78.14,207.36,78.14,35343682.56,2761755355.2384,32776014.87,2554562598.9678,104,2013,45,78.04376934688035
2013-03-07,2013-03-06,Prod. Sold Negotiated,10439,77.06,198.33,77.06,2070366.87,159542471.0022,2099988.0,159704087.4,104,2013,45,76.55141309406122
2013-03-08,2013-03-07,Prod. Sold Swine or Pork Market Formula,170268,78.21,208.5,78.21,35500878.0,2776523668.38,35343682.56,2761755355.2384,105,2013,46,78.17507766073153
2013-03-08,2013-03-07,Prod. Sold Negotiated,14148,77.73,198.33,77.73,2805972.8400000003,218108268.85320005,2070366.87,159542471.0022,105,2013,46,77.44553544556065
2013-03-11,2013-03-08,Prod. Sold Negotiated,14296,77.49,202.66,77.49,2897227.36,224506148.1264,2805972.8400000003,218108268.85320005,111,2013,47,77.6080799302118
2013-03-11,2013-03-08,Prod. Sold Swine or Pork Market Formula,195040,77.51,208.38,77.51,40642435.2,3150195152.352,35500878.0,2776523668.38,111,2013,47,77.83636634204144
2013-03-12,2013-03-11,Prod. Sold Negotiated,11166,77.83,196.83,77.83,2197803.7800000003,171055068.1974,2897227.36,224506148.1264,112,2013,48,77.63666314388804
2013-03-12,2013-03-11,Prod. Sold Swine or Pork Market Formula,155553,77.46,206.94,77.46,32190137.82,2493448075.5372,40642435.2,3150195152.352,112,2013,48,77.48790127652694
2013-03-13,2013-03-12,Prod. Sold Negotiated,10849,77.47,198.15,77.47,2149729.35,166539532.7445,2197803.7800000003,171055068.1974,113,2013,49,77.65199041551638
2013-03-13,2013-03-12,Prod. Sold Swine or Pork Market Formula,165417,77.5,208.26,77.5,34449744.42,2669855192.55,32190137.82,2493448075.5372,113,2013,49,77.48067815443966
2013-03-14,2013-03-13,Prod. Sold Negotiated,11385,77.69,199.09,77.69,2266639.65,176095234.4085,2149729.35,166539532.7445,114,2013,50,77.58291192447913
2013-03-14,2013-03-13,Prod. Sold Swine or Pork Market Formula,163738,77.21,208.55,77.21,34147559.9,2636533099.879,34449744.42,2669855192.55,114,2013,50,77.35563875331304
2013-03-15,2013-03-14,Prod. Sold Negotiated,13491,77.19,198.14,77.19,2673106.74,206337109.2606,2266639.65,176095234.4085,115,2013,51,77.4194287470495
2013-03-15,2013-03-14,Prod. Sold Swine or Pork Market Formula,166479,76.9,208.38,76.9,34690894.02,2667729750.138,34147559.9,2636533099.879,115,2013,51,77.05377660255564
2013-03-18,2013-03-15,Prod. Sold Swine or Pork Market Formula,196926,76.61,208.61,76.61,41080732.86,3147194944.4046,34690894.02,2667729750.138,121,2013,52,76.7427721164247
2013-03-18,2013-03-15,Prod. Sold Negotiated,13380,77.52,202.91,77.52,2714935.8,210461823.216,2673106.74,206337109.2606,121,2013,52,77.35628094662371
2013-03-19,2013-03-18,Prod. Sold Swine or Pork Market Formula,153852,76.37,207.55,76.37,31931982.6,2438645511.162,41080732.86,3147194944.4046,122,2013,53,76.50503642241331
2013-03-19,2013-03-18,Prod. Sold Negotiated,9096,75.87,200.42,75.87000000000003,1823020.32,138312551.6784,2714935.8,210461823.216,122,2013,53,76.85715015120067
2013-03-20,2013-03-19,Prod. Sold Swine or Pork Market Formula,157262,76.13,207.42,76.13,32619284.04,2483306093.9652,31931982.6,2438645511.162,123,2013,54,76.2487223151908
2013-03-20,2013-03-19,Prod. Sold Negotiated,10238,76.06,198.1,76.06,2028147.8,154260921.668,1823020.32,138312551.6784,123,2013,54,75.97006005190964
2013-03-21,2013-03-20,Prod. Sold Swine or Pork Market Formula,163864,75.63,208.6,75.63,34182030.4,2585186959.152,32619284.04,2483306093.9652,124,2013,55,75.8741515134354
2013-03-21,2013-03-20,Prod. Sold Negotiated,9788,75.4,197.53,75.4,1933423.64,145780142.456,2028147.8,154260921.668,124,2013,55,75.73789054880707
2013-03-22,2013-03-21,Prod. Sold Swine or Pork Market Formula,159267,74.98,208.37,74.98,33186464.79,2488321129.9542003,34182030.4,2585186959.152,125,2013,56,75.30980282099723
2013-03-22,2013-03-21,Prod. Sold Negotiated,10016,74.8,198.15,74.8,1984670.4,148453345.92000002,1933423.64,145780142.456,125,2013,56,75.0960761462479
2013-03-25,2013-03-22,Prod. Sold Swine or Pork Market Formula,180933,74.47,208.23,74.47,37675678.59,2805707784.5973,33186464.79,2488321129.9542003,131,2013,57,74.70884540088124
2013-03-25,2013-03-22,Prod. Sold Negotiated,10766,74.03,198.17,74.03,2133498.22,157942873.2266,1984670.4,148453345.92000002,131,2013,57,74.40108636119908
2013-03-26,2013-03-25,Prod. Sold Swine or Pork Market Formula,162674,74.05,207.8,74.05,33803657.2,2503160815.6600003,37675678.59,2805707784.5973,132,2013,58,74.27137565819427
2013-03-26,2013-03-25,Prod. Sold Negotiated,11581,73.54,201.37,73.54,2332065.97,171500131.43380004,2133498.22,157942873.2266,132,2013,58,73.77410572176771
2013-03-27,2013-03-26,Prod. Sold Swine or Pork Market Formula,170134,74.47,208.01,74.47,35389573.34,2635461526.6298,33803657.2,2503160815.6600003,133,2013,59,74.2648132221433
2013-03-27,2013-03-26,Prod. Sold Negotiated,9081,72.81,198.71,72.81,1804485.51,131384589.9831,2332065.97,171500131.43380004,133,2013,59,73.22155251332687
2013-03-28,2013-03-27,Prod. Sold Negotiated,11113,73.9,197.07,73.9,2190038.91,161843875.44900003,1804485.51,131384589.9831,134,2013,60,73.40760365963668
2013-03-28,2013-03-27,Prod. Sold Swine or Pork Market Formula,167809,74.92,208.55,74.92,34996566.95,2621942795.894,35389573.34,2635461526.6298,134,2013,60,74.69374369531579
2013-03-29,2013-03-28,Prod. Sold Swine or Pork Market Formula,170999,75.63,208.06,75.63,35578051.94,2690768068.2221994,34996566.95,2621942795.894,135,2013,61,75.2779249491488
2013-03-29,2013-03-28,Prod. Sold Negotiated,10029,74.34,208.63,74.34,2092350.27,155545319.07180002,2190038.91,161843875.44900003,135,2013,61,74.11498142277674
2013-04-01,2013-03-29,Prod. Sold Negotiated,14019,75.41,201.94,75.41,2830996.86,213485473.2126,2092350.27,155545319.07180002,141,2013,62,74.95526570445176
2013-04-01,2013-03-29,Prod. Sold Swine or Pork Market Formula,132552,75.57,210.91,75.57,27956542.32,2112675903.1224,35578051.94,2690768068.2221994,141,2013,62,75.60359875263644
2013-04-02,2013-04-01,Prod. Sold Swine or Pork Market Formula,114711,76.41,209.78,76.41,24064073.58,1838735862.2478,27956542.32,2112675903.1224,142,2013,63,75.9585732888295
2013-04-02,2013-04-01,Prod. Sold Negotiated,8533,76.12,196.81,76.12,1679379.73,127834385.0476,2830996.86,213485473.2126,142,2013,63,75.67435921358398
2013-04-03,2013-04-02,Prod. Sold Swine or Pork Market Formula,154484,77.44,207.86,77.44,32111044.24,2486679265.9456,24064073.58,1838735862.2478,143,2013,64,76.99877269600357
2013-04-03,2013-04-02,Prod. Sold Negotiated,11244,77.4,200.18,77.4,2250823.92,174213771.408,1679379.73,127834385.0476,143,2013,64,76.85305479160094
2013-04-04,2013-04-03,Prod. Sold Swine or Pork Market Formula,164865,78.58,208.93,78.58,34445244.45,2706707308.881,32111044.24,2486679265.9456,144,2013,65,78.02999050947533
2013-04-04,2013-04-03,Prod. Sold Negotiated,10755,77.96,200.8,77.96,2159604.0,168362727.83999997,2250823.92,174213771.408,144,2013,65,77.67420882098894
2013-04-05,2013-04-04,Prod. Sold Swine or Pork Market Formula,164015,79.61,209.56,79.61,34370983.4,2736273988.474,34445244.45,2706707308.881,145,2013,66,79.09444425258482
2013-04-05,2013-04-04,Prod. Sold Negotiated,14080,78.33,201.28,78.33,2834022.4,221988974.592,2159604.0,168362727.83999997,145,2013,66,78.16998533009996
2013-04-08,2013-04-05,Prod. Sold Swine or Pork Market Formula,207427,80.83,208.93,80.83,43337723.11,3502988158.9813,34370983.4,2736273988.474,151,2013,67,80.29038736672828
2013-04-08,2013-04-05,Prod. Sold Negotiated,13005,79.14,204.86,79.14,2664204.3000000003,210845128.302,2834022.4,221988974.592,151,2013,67,78.72249117956521
2013-04-09,2013-04-08,Prod. Sold Swine or Pork Market Formula,159109,81.09,207.7,81.09,33046939.3,2679776307.837,43337723.11,3502988158.9813,152,2013,68,80.94248598798384
2013-04-09,2013-04-08,Prod. Sold Negotiated,10786,80.11,200.07,80.11,2157955.02,172873776.6522,2664204.3000000003,210845128.302,152,2013,68,79.57408278957486
2013-04-10,2013-04-09,Prod. Sold Swine or Pork Market Formula,158784,81.11,208.44,81.11,33096936.96,2684492556.8256,33046939.3,2679776307.837,153,2013,69,81.100007558925
2013-04-10,2013-04-09,Prod. Sold Negotiated,10073,79.59,201.56,79.59,2030313.88,161592681.70920002,2157955.02,172873776.6522,153,2013,69,79.85792372629177
2013-04-11,2013-04-10,Prod. Sold Swine or Pork Market Formula,172532,81.81,208.83,81.81,36029857.56,2947602646.9836,33096936.96,2684492556.8256,154,2013,70,81.47484984537658
2013-04-11,2013-04-10,Prod. Sold Negotiated,10747,80.32,200.42,80.32,2153913.74,173002351.59679997,2030313.88,161592681.70920002,154,2013,70,79.96578190600444
2013-04-12,2013-04-11,Prod. Sold Swine or Pork Market Formula,172377,82.17,208.32,82.17,35909576.64,2950689912.5088,36029857.56,2947602646.9836,155,2013,71,81.98969904453875
2013-04-12,2013-04-11,Prod. Sold Negotiated,10287,81.16,197.14,81.16,2027979.18,164590790.24879998,2153913.74,173002351.59679997,155,2013,71,80.72735201589043
2013-04-15,2013-04-12,Prod. Sold Negotiated,14768,80.65,205.78,80.65,3038959.04,245092046.57600003,2027979.18,164590790.24879998,161,2013,72,80.85412117473973
2013-04-15,2013-04-12,Prod. Sold Swine or Pork Market Formula,184740,82.11,208.94,82.11,38599575.6,3169411152.5160003,35909576.64,2950689912.5088,161,2013,72,82.1389169119984
2013-04-16,2013-04-15,Prod. Sold Swine or Pork Market Formula,165398,81.75,208.57,81.75,34497060.86,2820134725.305,38599575.6,3169411152.5160003,162,2013,73,81.94010241632121
2013-04-16,2013-04-15,Prod. Sold Negotiated,10484,81.07,204.12,81.07,2139994.08,173489320.06559998,3038959.04,245092046.57600003,162,2013,73,80.82354810765308
2013-04-17,2013-04-16,Prod. Sold Swine or Pork Market Formula,156213,81.73,207.93,81.73,32481369.09,2654702295.7257,34497060.86,2820134725.305,163,2013,74,81.7403009464049
2013-04-17,2013-04-16,Prod. Sold Negotiated,8820,80.54,199.1,80.54,1756062.0,141433233.48000002,2139994.08,173489320.06559998,163,2013,74,80.83111410080113
2013-04-18,2013-04-17,Prod. Sold Negotiated,8702,79.68,196.38,79.68,1708898.76,136165053.19680002,1756062.0,141433233.48000002,164,2013,75,80.115852935893
2013-04-18,2013-04-17,Prod. Sold Swine or Pork Market Formula,160970,81.61,208.37,81.61,33541318.9,2737307035.4290004,32481369.09,2654702295.7257,164,2013,75,81.66903674039126
2013-04-19,2013-04-18,Prod. Sold Swine or Pork Market Formula,161854,81.21,207.36,81.21,33562045.440000005,2725573710.1824,33541318.9,2737307035.4290004,165,2013,76,81.40993822503475
2013-04-19,2013-04-18,Prod. Sold Negotiated,9031,79.67,198.5,79.67,1792653.5,142820704.345,1708898.76,136165053.19680002,165,2013,76,79.67488040341287
2013-04-22,2013-04-19,Prod. Sold Negotiated,13846,81.41,202.89,81.41,2809214.94,228698188.2654,1792653.5,142820704.345,171,2013,77,80.73218464506995
2013-04-22,2013-04-19,Prod. Sold Swine or Pork Market Formula,167344,81.03,208.61,81.03,34909631.84,2828727467.9952,33562045.440000005,2725573710.1824,171,2013,77,81.11822871615217
2013-04-23,2013-04-22,Prod. Sold Negotiated,9539,78.8,198.48,78.8,1893300.72,149192096.736,2809214.94,228698188.2654,172,2013,78,80.35917630551813
2013-04-23,2013-04-22,Prod. Sold Swine or Pork Market Formula,153945,80.8,207.9,80.8,32005165.5,2586017372.4,34909631.84,2828727467.9952,172,2013,78,80.91999162580441
2013-04-24,2013-04-23,Prod. Sold Negotiated,10990,78.12,203.5,78.12,2236465.0,174712645.8,1893300.72,149192096.736,173,2013,79,78.43174758494534
2013-04-24,2013-04-23,Prod. Sold Swine or Pork Market Formula,161655,80.85,207.62,80.85,33562811.1,2713553277.435,32005165.5,2586017372.4,173,2013,79,80.82559390486058
2013-04-25,2013-04-24,Prod. Sold Negotiated,8389,78.95,198.73,78.95,1667145.97,131621174.3315,2236465.0,174712645.8,174,2013,80,78.47447465583387
2013-04-25,2013-04-24,Prod. Sold Swine or Pork Market Formula,167948,81.07,208.2,81.07,34966773.6,2834756335.752,33562811.1,2713553277.435,174,2013,80,80.96225356502124
2013-04-26,2013-04-25,Prod. Sold Swine or Pork Market Formula,180237,81.95,208.08,81.95,37503714.96,3073429440.972,34966773.6,2834756335.752,175,2013,81,81.5254028794421
2013-04-26,2013-04-25,Prod. Sold Negotiated,9282,79.65,196.31,79.65,1822149.42,145134201.303,1667145.97,131621174.3315,175,2013,81,79.31554789762298
2013-04-29,2013-04-26,Prod. Sold Swine or Pork Market Formula,193996,83.06,207.76,83.06,40304608.96,3347700820.2176003,37503714.96,3073429440.972,181,2013,82,82.52497853303714
2013-04-29,2013-04-26,Prod. Sold Negotiated,9867,80.66,198.67,80.66,1960276.89,158115933.94739997,1822149.42,145134201.303,181,2013,82,80.17344170028258
2013-04-30,2013-04-29,Prod. Sold Negotiated,14740,83.64,202.7,83.64,2987798.0,249899424.72,1960276.89,158115933.94739997,182,2013,83,82.4594145678745
2013-04-30,2013-04-29,Prod. Sold Swine or Pork Market Formula,167606,84.06,206.33,84.06,34582145.980000004,2906975191.0788,40304608.96,3347700820.2176003,182,2013,83,83.52179255607629
2013-05-01,2013-04-30,Prod. Sold Swine or Pork Market Formula,180667,85.07,205.21,85.07,37074675.07,3153942608.2049,34582145.980000004,2906975191.0788,183,2013,84,84.58256604845155
2013-05-01,2013-04-30,Prod. Sold Negotiated,10502,84.21,197.31,84.21,2072149.62,174495719.5002,2987798.0,249899424.72,183,2013,84,83.87342638542965
2013-05-02,2013-05-01,Prod. Sold Negotiated,12461,84.82,202.35,84.82,2521483.35,213872217.747,2072149.62,174495719.5002,184,2013,85,84.5448340743688
2013-05-02,2013-05-01,Prod. Sold Swine or Pork Market Formula,159268,86.21,207.87,86.21,33107039.16,2854157845.9836,37074675.07,3153942608.2049,184,2013,85,85.60777575906326
2013-05-03,2013-05-02,Prod. Sold Swine or Pork Market Formula,163965,87.51,208.3,87.51,34153909.5,2988808620.3450003,33107039.16,2854157845.9836,185,2013,86,86.87011680231333
2013-05-03,2013-05-02,Prod. Sold Negotiated,12549,86.5,197.33,86.5,2476294.17,214199445.705,2521483.35,213872217.747,185,2013,86,85.65240484174252
2013-05-06,2013-05-03,Prod. Sold Negotiated,13868,86.62,200.8,86.62,2784694.4000000004,241210228.92800003,2476294.17,214199445.705,191,2013,87,86.5635172123174
2013-05-06,2013-05-03,Prod. Sold Swine or Pork Market Formula,158869,88.37,207.86,88.37,33022510.340000004,2918199238.7458005,34153909.5,2988808620.3450003,191,2013,87,87.93275785104417
2013-05-07,2013-05-06,Prod. Sold Negotiated,19640,89.79,202.3,89.78999999999998,3973172.0,356751113.88,2784694.4000000004,241210228.92800003,192,2013,88,88.48374729751983
2013-05-07,2013-05-06,Prod. Sold Swine or Pork Market Formula,147774,89.33,206.49,89.33,30513853.26,2725802511.7158003,33022510.340000004,2918199238.7458005,192,2013,88,88.83104777594795
2013-05-08,2013-05-07,Prod. Sold Negotiated,14065,90.83,199.74,90.83,2809343.1,255172633.773,3973172.0,356751113.88,193,2013,89,90.2207718863759
2013-05-08,2013-05-07,Prod. Sold Swine or Pork Market Formula,155637,90.11,205.92,90.11,32048771.04,2887914758.4144,30513853.26,2725802511.7158003,193,2013,89,89.72956829961814
2013-05-09,2013-05-08,Prod. Sold Negotiated,17748,90.96,202.72,90.96,3597874.56,327262669.9776,2809343.1,255172633.773,194,2013,90,90.90299950112822
2013-05-09,2013-05-08,Prod. Sold Swine or Pork Market Formula,159209,90.94,206.43,90.94,32865513.87,2988789831.3378,32048771.04,2887914758.4144,194,2013,90,90.530221474363
2013-05-10,2013-05-09,Prod. Sold Swine or Pork Market Formula,167842,91.67,206.45,91.67,34650980.9,3176455419.103,32865513.87,2988789831.3378,195,2013,91,91.31465238891873
2013-05-10,2013-05-09,Prod. Sold Negotiated,12831,91.74,199.77,91.74,2563248.87,235152451.3338,3597874.56,327262669.9776,195,2013,91,91.28450804489076
2013-05-13,2013-05-10,Prod. Sold Swine or Pork Market Formula,173800,91.78,208.25,91.78,36193850.0,3321871553.0,34650980.9,3176455419.103,201,2013,92,91.72619779805277
2013-05-13,2013-05-10,Prod. Sold Negotiated,16148,91.89,203.88,91.88999999999999,3292254.24,302525242.1136,2563248.87,235152451.3338,201,2013,92,91.82433743893955
2013-05-14,2013-05-13,Prod. Sold Swine or Pork Market Formula,148546,91.97,206.5,91.96999999999998,30674749.0,2821156665.53,36193850.0,3321871553.0,202,2013,93,91.86715903125172
2013-05-14,2013-05-13,Prod. Sold Negotiated,13908,92.39,200.82,92.39,2793004.56,258045691.2984,3292254.24,302525242.1136,202,2013,93,92.11948938178274
2013-05-15,2013-05-14,Prod. Sold Negotiated,12522,92.61,199.45,92.61,2497512.9,231294669.669,2793004.56,258045691.2984,203,2013,94,92.49385616192636
2013-05-15,2013-05-14,Prod. Sold Swine or Pork Market Formula,163246,92.26,206.11,92.26,33646633.06,3104238366.1156006,30674749.0,2821156665.53,203,2013,94,92.1216995324867
2013-05-16,2013-05-15,Prod. Sold Negotiated,10576,92.2,198.78,92.2,2102297.28,193831809.216,2497512.9,231294669.669,204,2013,95,92.42261359685064
2013-05-16,2013-05-15,Prod. Sold Swine or Pork Market Formula,166975,92.77,205.78,92.77,34360115.5,3187587914.935,33646633.06,3104238366.1156006,204,2013,95,92.5176752936444
2013-05-17,2013-05-16,Prod. Sold Negotiated,10998,93.39,195.98,93.39,2155388.04,201291689.0556,2102297.28,193831809.216,205,2013,96,92.8024192900193
2013-05-17,2013-05-16,Prod. Sold Swine or Pork Market Formula,149780,93.13,206.23,93.13,30889129.4,2876704621.022,34360115.5,3187587914.935,205,2013,96,92.94042475512232
2013-05-20,2013-05-17,Prod. Sold Negotiated,11732,94.39,197.59,94.39,2318125.88,218807901.8132,2155388.04,201291689.0556,211,2013,97,93.90818903918824
2013-05-20,2013-05-17,Prod. Sold Swine or Pork Market Formula,152424,93.13,206.57,93.13,31486225.68,2932312197.5784,30889129.4,2876704621.022,211,2013,97,93.12999999999998
2013-05-21,2013-05-20,Prod. Sold Negotiated,10735,93.26,198.35,93.26,2129287.25,198577328.935,2318125.88,218807901.8132,212,2013,98,93.84899008655847
2013-05-21,2013-05-20,Prod. Sold Swine or Pork Market Formula,157549,93.37,205.33,93.37,32349536.17,3020476192.1929,31486225.68,2932312197.5784,212,2013,98,93.25162287181662
2013-05-22,2013-05-21,Prod. Sold Swine or Pork Market Formula,153225,93.49,205.22,93.49,31444834.5,2939777577.405,32349536.17,3020476192.1929,213,2013,99,93.42914910830483
2013-05-22,2013-05-21,Prod. Sold Negotiated,10471,93.91,194.03,93.91,2031688.13,190795832.2883,2129287.25,198577328.935,213,2013,99,93.5773768561207
2013-05-23,2013-05-22,Prod. Sold Negotiated,9758,94.22,198.6,94.22,1937938.8,182592593.736,2031688.13,190795832.2883,214,2013,100,94.06133941768172
2013-05-23,2013-05-22,Prod. Sold Swine or Pork Market Formula,157658,93.42,205.71,93.42,32431827.18,3029781295.1556,31444834.5,2939777577.405,214,2013,100,93.45445919616192
2013-05-24,2013-05-23,Prod. Sold Swine or Pork Market Formula,167584,93.38,205.9,93.38,34505545.6,3222127848.128,32431827.18,3029781295.1556,215,2013,101,93.39938040041491
2013-05-24,2013-05-23,Prod. Sold Negotiated,11163,93.47,194.56,93.47,2171873.28,203004995.4816,1937938.8,182592593.736,215,2013,101,93.82365463717262
2013-05-28,2013-05-24,Prod. Sold Negotiated,12260,94.15,197.67,94.15,2423434.2,228166329.93,2171873.28,203004995.4816,222,2013,102,93.82861262019405
2013-05-28,2013-05-24,Prod. Sold Swine or Pork Market Formula,172064,94.01,205.65,94.01,35384961.6,3326540240.0160003,34505545.6,3222127848.128,222,2013,102,93.69896357175098
2013-05-29,2013-05-28,Prod. Sold Negotiated,11431,93.87,195.77,93.87,2237846.87,210066685.6869,2423434.2,228166329.93,223,2013,103,94.01557405267133
2013-05-29,2013-05-28,Prod. Sold Swine or Pork Market Formula,158402,93.84,205.75,93.84,32591211.5,3058359287.1600003,35384961.6,3326540240.0160003,223,2013,103,93.92849341170107
2013-05-30,2013-05-29,Prod. Sold Negotiated,12395,94.16,198.91,94.16,2465489.45,232150486.612,2237846.87,210066685.6869,224,2013,104,94.0220180339772
2013-05-30,2013-05-29,Prod. Sold Swine or Pork Market Formula,176983,94.22,205.75,94.22,36414252.25,3430950846.995,32591211.5,3058359287.1600003,224,2013,104,94.0405263801303
2013-05-31,2013-05-30,Prod. Sold Negotiated,10718,94.15,197.75,94.15,2119484.5,199549465.675,2465489.45,232150486.612,225,2013,105,94.15537732488099
2013-05-31,2013-05-30,Prod. Sold Swine or Pork Market Formula,187137,94.31,206.3,94.31,38606363.1,3640966103.961,36414252.25,3430950846.995,225,2013,105,94.26631490508029
2013-06-03,2013-05-31,Prod. Sold Negotiated,20099,94.62,205.07,94.62,4121701.93,389995436.6166,2119484.5,199549465.675,231,2013,106,94.46038968773442
2013-06-03,2013-05-31,Prod. Sold Swine or Pork Market Formula,232465,94.88,207.81,94.88,48308551.65,4583515380.552,38606363.1,3640966103.961,231,2013,106,94.62681414541684
2013-06-04,2013-06-03,Prod. Sold Swine or Pork Market Formula,140020,95.5,204.43,95.5,28624288.6,2733619561.3,48308551.65,4583515380.552,232,2013,107,95.110682487145
2013-06-04,2013-06-03,Prod. Sold Negotiated,12395,95.06,198.52,95.06,2460655.4,233909902.324,4121701.93,389995436.6166,232,2013,107,94.78448337908753
2013-06-05,2013-06-04,Prod. Sold Swine or Pork Market Formula,150062,96.5,205.38,96.5,30819733.56,2974104288.54,28624288.6,2733619561.3,233,2013,108,96.01846649065985
2013-06-05,2013-06-04,Prod. Sold Negotiated,13991,95.89,200.38,95.88999999999999,2803516.58,268829204.8562,2460655.4,233909902.324,233,2013,108,95.50202939612163
2013-06-06,2013-06-05,Prod. Sold Swine or Pork Market Formula,147184,97.01,205.58,97.01,30258086.720000003,2935336992.7072005,30819733.56,2974104288.54,234,2013,109,96.7526551235204
2013-06-06,2013-06-05,Prod. Sold Negotiated,13048,95.88,197.98,95.88,2583243.04,247681342.6752,2803516.58,268829204.8562,234,2013,109,95.88520445829731
2013-06-07,2013-06-06,Prod. Sold Swine or Pork Market Formula,153548,97.46,205.4,97.45999999999998,31538759.2,3073767471.6319995,30258086.720000003,2935336992.7072005,235,2013,110,97.2396628805032
2013-06-07,2013-06-06,Prod. Sold Negotiated,12180,96.26,196.44,96.26,2392639.2,230315449.392,2583243.04,247681342.6752,235,2013,110,96.0627219480178
2013-06-10,2013-06-07,Prod. Sold Negotiated,15115,97.02,202.56,97.02,3061694.4,297045590.688,2392639.2,230315449.392,241,2013,111,96.68661265603555
2013-06-10,2013-06-07,Prod. Sold Swine or Pork Market Formula,165014,97.63,206.62,97.63,34095192.68,3328713661.3484,31538759.2,3073767471.6319995,241,2013,111,97.54831073841471
2013-06-11,2013-06-10,Prod. Sold Swine or Pork Market Formula,140929,98.49,203.71,98.49,28708646.59,2827514602.6491,34095192.68,3328713661.3484,242,2013,112,98.02311985309144
2013-06-11,2013-06-10,Prod. Sold Negotiated,16606,97.69,200.76,97.69,3333820.56,325680930.5064,3061694.4,297045590.688,242,2013,112,97.36925409277754
2013-06-12,2013-06-11,Prod. Sold Swine or Pork Market Formula,150792,99.09,204.88,99.09,30894264.96,3061312714.8864,28708646.59,2827514602.6491,243,2013,113,98.80100089733789
2013-06-12,2013-06-11,Prod. Sold Negotiated,13657,99.1,199.29,99.1,2721703.53,269720819.82299995,3333820.56,325680930.5064,243,2013,113,98.32373572960222
2013-06-13,2013-06-12,Prod. Sold Swine or Pork Market Formula,153436,100.51,204.63,100.51,31397608.68,3155773648.4268003,30894264.96,3061312714.8864,244,2013,114,99.80573708929137
2013-06-13,2013-06-12,Prod. Sold Negotiated,12284,99.7,197.17,99.7,2422036.28,241477017.116,2721703.53,269720819.82299995,244,2013,114,99.38252241009056
2013-06-14,2013-06-13,Prod. Sold Swine or Pork Market Formula,157362,102.11,205.11,102.11,32276519.82,3295755438.8202,31397608.68,3155773648.4268003,245,2013,115,101.32104261540069
2013-06-14,2013-06-13,Prod. Sold Negotiated,14277,101.19,198.23,101.19,2830129.71,286380825.3549,2422036.28,241477017.116,245,2013,115,100.50288651880554
2013-06-17,2013-06-14,Prod. Sold Negotiated,14949,102.27,197.45,102.27,2951680.05,301868318.7135,2830129.71,286380825.3549,251,2013,116,101.74135235961135
2013-06-17,2013-06-14,Prod. Sold Swine or Pork Market Formula,146256,103.04,206.18,103.04,30155062.08,3107177596.7232003,32276519.82,3295755438.8202,251,2013,116,102.55919905728672
2013-06-18,2013-06-17,Prod. Sold Swine or Pork Market Formula,142785,103.55,204.69,103.55,29226661.65,3026420813.8575,30155062.08,3107177596.7232003,252,2013,117,103.29101321593951
2013-06-18,2013-06-17,Prod. Sold Negotiated,11764,104.39,197.62,104.39,2324801.68,242686047.37520003,2951680.05,301868318.7135,252,2013,117,103.20406550307528
2013-06-19,2013-06-18,Prod. Sold Swine or Pork Market Formula,152264,104.12,204.87,104.12,31194325.68,3247953189.8016,29226661.65,3026420813.8575,253,2013,118,103.84428128243728
2013-06-19,2013-06-18,Prod. Sold Negotiated,11347,104.16,195.81,104.16,2221856.07,231428528.2512,2324801.68,242686047.37520003,253,2013,118,104.27760383468494
2013-06-20,2013-06-19,Prod. Sold Negotiated,14459,103.66,195.72,103.66,2829915.48,293349038.6568,2221856.07,231428528.2512,254,2013,119,103.8799086051308
2013-06-20,2013-06-19,Prod. Sold Swine or Pork Market Formula,152180,104.32,205.12,104.32,31215161.6,3256365658.112,31194325.68,3247953189.8016,254,2013,119,104.22003338582148
2013-06-21,2013-06-20,Prod. Sold Negotiated,14096,103.53,198.58,103.53,2799183.68,289799486.3904,2829915.48,293349038.6568,255,2013,120,103.59535486441848
2013-06-21,2013-06-20,Prod. Sold Swine or Pork Market Formula,160409,104.25,204.96,104.25,32877428.64,3427471935.7200003,31215161.6,3256365658.112,255,2013,120,104.284092260959
2013-06-24,2013-06-21,Prod. Sold Swine or Pork Market Formula,151516,103.78,205.33,103.78,31110780.28,3228676777.4584,32877428.64,3427471935.7200003,261,2013,121,104.02148810728735
2013-06-24,2013-06-21,Prod. Sold Negotiated,13136,103.78,195.61,103.78,2569532.96,266666130.5888,2799183.68,289799486.3904,261,2013,121,103.64965303499422
2013-06-25,2013-06-24,Prod. Sold Swine or Pork Market Formula,146357,103.62,204.45,103.62,29922688.65,3100588997.913,31110780.28,3228676777.4584,262,2013,122,103.70155729851288
2013-06-25,2013-06-24,Prod. Sold Negotiated,13442,102.65,200.09,102.65,2689609.7800000003,276088443.91700006,2569532.96,266666130.5888,262,2013,122,103.20209991216171
2013-06-26,2013-06-25,Prod. Sold Swine or Pork Market Formula,154332,103.5,204.5,103.5,31560894.0,3266552529.0,29922688.65,3100588997.913,263,2013,123,103.55840132411348
2013-06-26,2013-06-25,Prod. Sold Negotiated,12223,102.93,195.4,102.93,2388374.2,245835356.40600005,2689609.7800000003,276088443.91700006,263,2013,123,102.78169493614668
2013-06-27,2013-06-26,Prod. Sold Swine or Pork Market Formula,162363,103.46,204.31,103.46,33172384.53,3432014903.4738,31560894.0,3266552529.0,264,2013,124,103.47950211372988
2013-06-27,2013-06-26,Prod. Sold Negotiated,10755,102.26,194.41,102.26,2090879.55,213813342.783,2388374.2,245835356.40600005,264,2013,124,102.6172493998582
2013-06-28,2013-06-27,Prod. Sold Swine or Pork Market Formula,165360,103.46,204.17,103.46,33761551.2,3492970087.1519995,33172384.53,3432014903.4738,265,2013,125,103.46
2013-06-28,2013-06-27,Prod. Sold Negotiated,14068,102.5,197.47,102.5,2778007.96,284745815.9,2090879.55,213813342.783,265,2013,125,102.396935164148
2013-07-01,2013-06-28,Prod. Sold Negotiated,14966,102.34,197.49,102.34,2955635.3400000003,302479720.69560003,2778007.96,284745815.9,271,2013,126,102.41752161241004
2013-07-01,2013-06-28,Prod. Sold Swine or Pork Market Formula,156446,103.47,204.6,103.47,32008851.6,3311955875.052,33761551.2,3492970087.1519995,271,2013,126,103.464866756206
2013-07-02,2013-07-01,Prod. Sold Swine or Pork Market Formula,165703,103.12,203.54,103.12,33727188.62,3477947690.4944,32008851.6,3311955875.052,272,2013,127,103.29042550817644
2013-07-02,2013-07-01,Prod. Sold Negotiated,10720,101.59,194.39,101.59,2083860.8,211699418.672,2955635.3400000003,302479720.69560003,272,2013,127,102.0298706623476
2013-07-03,2013-07-02,Prod. Sold Negotiated,11905,102.33,191.53,102.33,2280164.65,233329248.6345,2083860.8,211699418.672,273,2013,128,101.97664344659128
2013-07-03,2013-07-02,Prod. Sold Swine or Pork Market Formula,161485,103.46,204.16,103.46,32968777.6,3410949730.496,33727188.62,3477947690.4944,273,2013,128,103.28806690148284
2013-07-05,2013-07-03,Prod. Sold Swine or Pork Market Formula,163893,103.53,203.45,103.53,33344030.85,3452107513.9005,32968777.6,3410949730.496,275,2013,129,103.49519805922954
2013-07-05,2013-07-03,Prod. Sold Negotiated,12603,102.24,196.32,102.24,2474220.96,252964350.9504,2280164.65,233329248.6345,275,2013,129,102.28316326762987
2013-07-08,2013-07-05,Prod. Sold Negotiated,20004,102.9,199.1,102.9,3982796.4,409829749.56,2474220.96,252964350.9504,281,2013,130,102.64709904859232
2013-07-08,2013-07-05,Prod. Sold Swine or Pork Market Formula,197511,103.53,205.91,103.53,40669490.01,4210512300.7353,33344030.85,3452107513.9005,281,2013,130,103.53
2013-07-09,2013-07-08,Prod. Sold Negotiated,9955,103.32,192.01,103.32,1911459.55,197492000.706,3982796.4,409829749.56,282,2013,131,103.03620260433382
2013-07-09,2013-07-08,Prod. Sold Swine or Pork Market Formula,151815,103.19,202.59,103.19,30756200.85,3173732365.7115,40669490.01,4210512300.7353,282,2013,131,103.38359457972209
2013-07-10,2013-07-09,Prod. Sold Negotiated,9185,103.23,191.9,103.23,1762601.5,181953352.845,1911459.55,197492000.706,283,2013,132,103.27682321745851
2013-07-10,2013-07-09,Prod. Sold Swine or Pork Market Formula,148774,103.03,203.01,103.03,30202609.74,3111774881.5122,30756200.85,3173732365.7115,283,2013,132,103.11072651169488
2013-07-11,2013-07-10,Prod. Sold Negotiated,12887,103.35,196.02,103.35,2526109.74,261073441.629,1762601.5,181953352.845,284,2013,133,103.30068164579902
2013-07-11,2013-07-10,Prod. Sold Swine or Pork Market Formula,160469,103.1,203.66,103.1,32681116.54,3369423115.274,30202609.74,3111774881.5122,284,2013,133,103.06637949423693
2013-07-12,2013-07-11,Prod. Sold Negotiated,14436,102.53,197.5,102.53,2851110.0,292324308.3,2526109.74,261073441.629,285,2013,134,102.91521951621044
2013-07-12,2013-07-11,Prod. Sold Swine or Pork Market Formula,144917,102.87,204.71,102.87,29665959.07,3051737209.5309,32681116.54,3369423115.274,285,2013,134,102.99056149756277
2013-07-15,2013-07-12,Prod. Sold Negotiated,14598,102.15,199.47,102.15,2911863.06,297446811.579,2851110.0,292324308.3,291,2013,135,102.33799702665968
2013-07-15,2013-07-12,Prod. Sold Swine or Pork Market Formula,156510,102.21,204.02,102.21,31931170.200000003,3263684906.142,29665959.07,3051737209.5309,291,2013,135,102.52786437482138
2013-07-16,2013-07-15,Prod. Sold Negotiated,11280,101.65,193.53,101.65,2183018.4,221903820.36,2911863.06,297446811.579,292,2013,136,101.93576357299588
2013-07-16,2013-07-15,Prod. Sold Swine or Pork Market Formula,150065,102.21,202.17,102.21,30338641.05,3100912501.7204995,31931170.200000003,3263684906.142,292,2013,136,102.21
2013-07-17,2013-07-16,Prod. Sold Negotiated,9709,100.61,194.93,100.61,1892575.37,190412007.9757,2183018.4,221903820.36,293,2013,137,101.16705726922828
2013-07-17,2013-07-16,Prod. Sold Swine or Pork Market Formula,147204,101.65,203.0,101.65,29882412.0,3037547179.8,30338641.05,3100912501.7204995,293,2013,137,101.93212125373984
2013-07-18,2013-07-17,Prod. Sold Negotiated,9415,100.75,191.76,100.75,1805420.4,181896105.3,1892575.37,190412007.9757,294,2013,138,100.67835022853473
2013-07-18,2013-07-17,Prod. Sold Swine or Pork Market Formula,156993,101.39,202.43,101.39,31780092.99,3222183628.2561,29882412.0,3037547179.8,294,2013,138,101.51599921331872
2013-07-19,2013-07-18,Prod. Sold Negotiated,13534,100.0,195.54,100.0,2646438.36,264643836.0,1805420.4,181896105.3,295,2013,139,100.30415729091996
2013-07-19,2013-07-18,Prod. Sold Swine or Pork Market Formula,153051,101.37,203.01,101.37,31070883.51,3149655461.4087,31780092.99,3222183628.2561,295,2013,139,101.38011283985064
2013-07-22,2013-07-19,Prod. Sold Swine or Pork Market Formula,147354,100.91,203.32,100.91,29960015.28,3023265141.9047995,31070883.51,3149655461.4087,301,2013,140,101.1441863989875
2013-07-22,2013-07-19,Prod. Sold Negotiated,14957,99.69,197.04,99.69,2947127.28,293799118.5432,2646438.36,264643836.0,301,2013,140,99.83666778659632
2013-07-23,2013-07-22,Prod. Sold Swine or Pork Market Formula,140112,100.65,202.27,100.65,28340454.24,2852466719.2560005,29960015.28,3023265141.9047995,302,2013,141,100.7836113420172
2013-07-23,2013-07-22,Prod. Sold Negotiated,13742,98.59,195.85,98.59,2691370.7,265342237.313,2947127.28,293799118.5432,302,2013,141,99.16494744513503
2013-07-24,2013-07-23,Prod. Sold Negotiated,14678,99.75,199.8,99.75,2932664.4000000004,292533273.90000004,2691370.7,265342237.313,303,2013,142,99.19488433011382
2013-07-24,2013-07-23,Prod. Sold Swine or Pork Market Formula,144136,100.54,202.49,100.54,29186098.64,2934370357.2656,28340454.24,2852466719.2560005,303,2013,142,100.59419149610622
2013-07-25,2013-07-24,Prod. Sold Negotiated,12947,99.44,195.85,99.44,2535669.95,252147019.828,2932664.4000000004,292533273.90000004,304,2013,143,99.60625281224803
2013-07-25,2013-07-24,Prod. Sold Swine or Pork Market Formula,154854,100.33,202.51,100.33,31359483.54,3146296983.5682,29186098.64,2934370357.2656,304,2013,143,100.4312308494479
2013-07-26,2013-07-25,Prod. Sold Negotiated,12895,99.5,194.06,99.5,2502403.7,248989168.15,2535669.95,252147019.828,305,2013,144,99.46980191089504
2013-07-26,2013-07-25,Prod. Sold Swine or Pork Market Formula,153122,100.52,202.85,100.52,31060797.7,3122231384.804,31359483.54,3146296983.5682,305,2013,144,100.4245454177034
2013-07-29,2013-07-26,Prod. Sold Negotiated,15947,99.64,194.05,99.64,3094515.35,308337509.47400004,2502403.7,248989168.15,311,2013,145,99.57740546988973
2013-07-29,2013-07-26,Prod. Sold Swine or Pork Market Formula,151175,101.06,203.18,101.06,30715736.5,3104132330.69,31060797.7,3122231384.804,311,2013,145,100.78849187842587
2013-07-30,2013-07-29,Prod. Sold Negotiated,11952,98.88,195.72,98.88,2339245.44,231304589.1072,3094515.35,308337509.47400004,312,2013,146,99.31281840274016
2013-07-30,2013-07-29,Prod. Sold Swine or Pork Market Formula,148895,101.21,202.04,101.21,30082745.8,3044674702.418,30715736.5,3104132330.69,312,2013,146,101.13421915316462
2013-07-31,2013-07-30,Prod. Sold Negotiated,10862,99.05,193.87,99.05,2105815.94,208581068.857,2339245.44,231304589.1072,313,2013,147,98.96053628042365
2013-07-31,2013-07-30,Prod. Sold Swine or Pork Market Formula,156521,100.79,202.84,100.79,31748719.64,3199953452.5156,30082745.8,3044674702.418,313,2013,147,100.99434180471204
2013-08-01,2013-07-31,Prod. Sold Negotiated,12203,99.36,192.3,99.36,2346636.9,233161842.384,2105815.94,208581068.857,314,2013,148,99.21338352479889
2013-08-01,2013-07-31,Prod. Sold Swine or Pork Market Formula,164369,100.63,202.67,100.63,33312665.23,3352253502.0949,31748719.64,3199953452.5156,314,2013,148,100.7080769599748
2013-08-02,2013-08-01,Prod. Sold Negotiated,14828,99.44,195.32,99.44,2896204.96,287998621.2224,2346636.9,233161842.384,315,2013,149,99.40419290205331
2013-08-02,2013-08-01,Prod. Sold Swine or Pork Market Formula,149820,100.92,202.83,100.92,30387990.6,3066756011.352,33312665.23,3352253502.0949,315,2013,149,100.76834264591432
2013-08-05,2013-08-02,Prod. Sold Negotiated,17765,100.2,196.99,100.2,3499527.35,350652640.47,2896204.96,287998621.2224,321,2013,150,99.8558461700846
2013-08-05,2013-08-02,Prod. Sold Swine or Pork Market Formula,143558,100.61,203.67,100.61,29238457.86,2941681245.2946,30387990.6,3066756011.352,321,2013,150,100.76798823054706
2013-08-06,2013-08-05,Prod. Sold Negotiated,12848,99.27,196.42,99.27,2523604.16,250518184.9632,3499527.35,350652640.47,322,2013,151,99.81034357876737
2013-08-06,2013-08-05,Prod. Sold Swine or Pork Market Formula,157597,100.97,201.54,100.96999999999998,31762099.38,3207019174.3986,29238457.86,2941681245.2946,322,2013,151,100.797446743016
2013-08-07,2013-08-06,Prod. Sold Swine or Pork Market Formula,155195,101.42,202.96,101.42,31498377.200000003,3194565415.6240005,31762099.38,3207019174.3986,323,2013,152,101.1940620132236
2013-08-07,2013-08-06,Prod. Sold Negotiated,11702,99.91,195.84,99.91,2291719.68,228965713.2288,2523604.16,250518184.9632,323,2013,152,99.57459022984423
2013-08-08,2013-08-07,Prod. Sold Swine or Pork Market Formula,164422,101.83,202.83,101.83,33349714.26,3396001403.0958,31498377.200000003,3194565415.6240005,324,2013,153,101.63085250990054
2013-08-08,2013-08-07,Prod. Sold Negotiated,17576,99.91,196.36,99.90999999999998,3451223.3600000003,344811725.8976,2291719.68,228965713.2288,324,2013,153,99.90999999999998
2013-08-09,2013-08-08,Prod. Sold Swine or Pork Market Formula,158665,102.38,204.04,102.38,32374006.6,3314450795.708,33349714.26,3396001403.0958,325,2013,154,102.10091746171716
2013-08-09,2013-08-08,Prod. Sold Negotiated,16477,100.58,196.14,100.58,3231798.78,325054321.2924,3451223.3600000003,344811725.8976,325,2013,154,100.23400089918002
2013-08-12,2013-08-09,Prod. Sold Negotiated,18328,100.38,198.03,100.38,3629493.84,364328591.6592,3231798.78,325054321.2924,331,2013,155,100.47420378809032
2013-08-12,2013-08-09,Prod. Sold Swine or Pork Market Formula,149475,102.3,203.75,102.3,30455531.25,3115600846.875,32374006.6,3314450795.708,331,2013,155,102.34122138434608
2013-08-13,2013-08-12,Prod. Sold Swine or Pork Market Formula,155094,102.52,202.1,102.52,31344497.4,3213437873.448,30455531.25,3115600846.875,332,2013,156,102.4115823014752
2013-08-13,2013-08-12,Prod. Sold Negotiated,15179,100.62,194.98,100.62,2959601.42,297795094.8804,3629493.84,364328591.6592,332,2013,156,100.48779998053936
2013-08-14,2013-08-13,Prod. Sold Swine or Pork Market Formula,160473,102.65,202.77,102.65,32539110.21,3340139663.0565004,31344497.4,3213437873.448,333,2013,157,102.58621548916156
2013-08-14,2013-08-13,Prod. Sold Negotiated,13075,102.2,199.35,102.2,2606501.25,266384427.75,2959601.42,297795094.8804,333,2013,157,101.35988429951112
2013-08-15,2013-08-14,Prod. Sold Swine or Pork Market Formula,163300,102.53,203.49,102.53,33229917.0,3407063390.01,32539110.21,3340139663.0565004,334,2013,158,102.58936978834632
2013-08-15,2013-08-14,Prod. Sold Negotiated,14205,102.31,195.33,102.31,2774662.6500000004,283875735.72150004,2606501.25,266384427.75,334,2013,158,102.25671875028746
2013-08-16,2013-08-15,Prod. Sold Negotiated,15454,101.79,195.35,101.79,3018938.9,307297790.631,2774662.6500000004,283875735.72150004,335,2013,159,102.039037591824
2013-08-16,2013-08-15,Prod. Sold Swine or Pork Market Formula,158115,102.02,203.58,102.02,32189051.700000003,3283927054.434,33229917.0,3407063390.01,335,2013,159,102.27905724297976
2013-08-19,2013-08-16,Prod. Sold Swine or Pork Market Formula,182700,101.51,203.6,101.51,37197720.0,3775940557.2,32189051.700000003,3283927054.434,341,2013,160,101.74659288312156
2013-08-19,2013-08-16,Prod. Sold Negotiated,22219,102.07,199.14,102.07,4424691.66,451628277.7362,3018938.9,307297790.631,341,2013,160,101.956439435006
2013-08-20,2013-08-19,Prod. Sold Swine or Pork Market Formula,159089,100.62,203.59,100.62,32388929.51,3258974087.2962003,37197720.0,3775940557.2,342,2013,161,101.09575175745805
2013-08-20,2013-08-19,Prod. Sold Negotiated,13142,100.28,195.37,100.28,2567552.54,257474168.7112,4424691.66,451628277.7362,342,2013,161,101.4127118797424
2013-08-21,2013-08-20,Prod. Sold Swine or Pork Market Formula,163896,99.88,203.69,99.88,33383976.24,3334391546.8512,32388929.51,3258974087.2962003,343,2013,162,100.24440244754427
2013-08-21,2013-08-20,Prod. Sold Negotiated,14718,99.83,197.1,99.83,2900917.8,289598623.974,2567552.54,257474168.7112,343,2013,162,100.0412836993096
2013-08-22,2013-08-21,Prod. Sold Swine or Pork Market Formula,164373,99.0,203.71,99.0,33484423.83,3314957959.17,33383976.24,3334391546.8512,344,2013,163,99.43933904595363
2013-08-22,2013-08-21,Prod. Sold Negotiated,12576,98.79,194.39,98.79,2444648.64,241506839.1456,2900917.8,289598623.974,344,2013,163,99.35438443818124
2013-08-23,2013-08-22,Prod. Sold Swine or Pork Market Formula,166718,97.53,203.66,97.53,33953787.88,3311512931.9364004,33484423.83,3314957959.17,345,2013,164,98.25988446434147
2013-08-23,2013-08-22,Prod. Sold Negotiated,12969,98.15,197.92,98.15,2566824.48,251933822.712,2444648.64,241506839.1456,345,2013,164,98.4621986474109
2013-08-26,2013-08-23,Prod. Sold Negotiated,16113,97.2,195.43,97.2,3148963.5900000003,306079260.948,2566824.48,251933822.712,351,2013,165,97.62662240554349
2013-08-26,2013-08-23,Prod. Sold Swine or Pork Market Formula,179850,96.36,203.26,96.36,36556311.0,3522566127.96,33953787.88,3311512931.9364004,351,2013,165,96.92340768841085
2013-08-27,2013-08-26,Prod. Sold Negotiated,13176,95.71,194.33,95.71,2560492.08,245064696.9768,3148963.5900000003,306079260.948,352,2013,166,96.53178687781984
2013-08-27,2013-08-26,Prod. Sold Swine or Pork Market Formula,158645,95.52,202.61,95.52,32143063.450000003,3070305420.744,36556311.0,3522566127.96,352,2013,166,95.96698079838193
2013-08-28,2013-08-27,Prod. Sold Negotiated,14216,94.7,196.06,94.7,2787188.96,263946794.512,2560492.08,245064696.9768,353,2013,167,95.18359223025014
2013-08-28,2013-08-27,Prod. Sold Swine or Pork Market Formula,168905,94.77,202.94,94.77,34277580.7,3248486322.939,32143063.450000003,3070305420.744,353,2013,167,95.13294886772036
2013-08-29,2013-08-28,Prod. Sold Swine or Pork Market Formula,180316,93.68,202.65,93.68,36541037.4,3423164383.632,34277580.7,3248486322.939,354,2013,168,94.2075810791767
2013-08-29,2013-08-28,Prod. Sold Negotiated,12418,93.5,194.48,93.5,2415052.64,225807421.84,2787188.96,263946794.512,354,2013,168,94.14292030420118
2013-08-30,2013-08-29,Prod. Sold Negotiated,14993,93.71,198.43,93.71,2975060.99,278792965.3729,2415052.64,225807421.84,355,2013,169,93.6159090235914
2013-08-30,2013-08-29,Prod. Sold Swine or Pork Market Formula,172003,92.74,203.14,92.74,34940689.419999994,3240399536.810799,36541037.4,3423164383.632,355,2013,169,93.2205224591523
2013-09-03,2013-08-30,Prod. Sold Swine or Pork Market Formula,199048,91.9,203.05,91.9,40416696.400000006,3714294399.160001,34940689.419999994,3240399536.810799,362,2013,170,92.2894797940962
2013-09-03,2013-08-30,Prod. Sold Negotiated,19209,93.48,196.41,93.48,3772839.69,352685054.2212,2975060.99,278792965.3729,362,2013,170,93.58140398623945
2013-09-04,2013-09-03,Prod. Sold Negotiated,14665,90.32,196.31,90.32,2878886.15,260020997.068,3772839.69,352685054.2212,363,2013,171,92.11234287569496
2013-09-04,2013-09-03,Prod. Sold Swine or Pork Market Formula,158643,91.54,203.31,91.54,32253708.33,2952504460.5282,40416696.400000006,3714294399.160001,363,2013,171,91.740219205577
2013-09-05,2013-09-04,Prod. Sold Swine or Pork Market Formula,166910,91.53,203.69,91.53,33997897.9,3111827594.787,32253708.33,2952504460.5282,364,2013,172,91.53486836624275
2013-09-05,2013-09-04,Prod. Sold Negotiated,10162,90.16,194.11,90.16,1972545.82,177844731.1312,2878886.15,260020997.068,364,2013,172,90.2549455308965
2013-09-06,2013-09-05,Prod. Sold Negotiated,11038,90.15,192.59,90.15,2125808.42,191641629.063,1972545.82,177844731.1312,365,2013,173,90.1548130193353
2013-09-06,2013-09-05,Prod. Sold Swine or Pork Market Formula,164426,91.84,204.34,91.84,33598808.84,3085714603.8656006,33997897.9,3111827594.787,365,2013,173,91.6840848843489
2013-09-09,2013-09-06,Prod. Sold Negotiated,15472,91.22,194.57,91.22,3010387.04,274607505.7888,2125808.42,191641629.063,371,2013,174,90.77714009968771
2013-09-09,2013-09-06,Prod. Sold Swine or Pork Market Formula,250337,92.06,204.92,92.06,51299058.04,4722591283.1624,33598808.84,3085714603.8656006,371,2013,174,91.97293376127757
2013-09-10,2013-09-09,Prod. Sold Swine or Pork Market Formula,147355,92.26,203.13,92.26,29932221.15,2761546723.299,51299058.04,4722591283.1624,372,2013,175,92.13369629396081
2013-09-10,2013-09-09,Prod. Sold Negotiated,13774,91.8,197.68,91.8,2722844.3200000003,249957108.576,3010387.04,274607505.7888,372,2013,175,91.49545542930959
2013-09-11,2013-09-10,Prod. Sold Swine or Pork Market Formula,161138,92.67,202.6,92.67,32646558.8,3025356603.9960003,29932221.15,2761546723.299,373,2013,176,92.47389181953842
2013-09-11,2013-09-10,Prod. Sold Negotiated,12399,91.75,198.33,91.75,2459093.67,225621844.2225,2722844.3200000003,249957108.576,373,2013,176,91.77627245178591
2013-09-12,2013-09-11,Prod. Sold Swine or Pork Market Formula,160971,93.39,202.89,93.39,32659406.19,3050061944.0841,32646558.8,3025356603.9960003,374,2013,177,93.03007082140815
2013-09-12,2013-09-11,Prod. Sold Negotiated,11621,92.95,195.83,92.95,2275740.43,211530072.9685,2459093.67,225621844.2225,374,2013,177,92.32676540683865
2013-09-13,2013-09-12,Prod. Sold Negotiated,13644,93.38,194.29,93.38,2650892.76,247540365.9288,2275740.43,211530072.9685,375,2013,178,93.18137177923327
2013-09-13,2013-09-12,Prod. Sold Swine or Pork Market Formula,167102,94.22,204.61,94.22,34190740.22,3221451543.5284,32659406.19,3050061944.0841,375,2013,178,93.81450639088433
2013-09-16,2013-09-13,Prod. Sold Swine or Pork Market Formula,184070,95.19,205.18,95.19,37767482.6,3595086668.694,34190740.22,3221451543.5284,381,2013,179,94.7291073220866
2013-09-16,2013-09-13,Prod. Sold Negotiated,13939,93.58,196.79,93.58,2743055.81,256695162.6998,2650892.76,247540365.9288,381,2013,179,93.4817086379079
2013-09-17,2013-09-16,Prod. Sold Negotiated,16887,95.31,194.72,95.31,3288236.64,313401834.1584,2743055.81,256695162.6998,382,2013,180,94.52318911483059
2013-09-17,2013-09-16,Prod. Sold Swine or Pork Market Formula,159921,95.65,203.25,95.65,32503943.25,3109002171.8625,37767482.6,3595086668.694,382,2013,180,95.40277231412547
2013-09-18,2013-09-17,Prod. Sold Negotiated,12848,96.21,194.43,96.21,2498036.64,240336105.1344,3288236.64,313401834.1584,383,2013,181,95.6985459374639
2013-09-18,2013-09-17,Prod. Sold Swine or Pork Market Formula,159279,97.11,203.69,97.11,32443539.51,3150592121.8161,32503943.25,3109002171.8625,383,2013,181,96.37932107098956
2013-09-19,2013-09-18,Prod. Sold Negotiated,14274,96.78,194.65,96.78,2778434.1,268896852.198,2498036.64,240336105.1344,384,2013,182,96.51014521354098
2013-09-19,2013-09-18,Prod. Sold Swine or Pork Market Formula,163176,97.96,203.59,97.96,33221001.84,3254329340.2464,32443539.51,3150592121.8161,384,2013,182,97.54003196220451
2013-09-20,2013-09-19,Prod. Sold Negotiated,17169,97.21,197.35,97.21,3388302.15,329376852.00149995,2778434.1,268896852.198,385,2013,183,97.01626272722464
2013-09-20,2013-09-19,Prod. Sold Swine or Pork Market Formula,162797,98.34,205.0,98.34,33373385.0,3281938680.9,33221001.84,3254329340.2464,385,2013,183,98.15043476337533
2013-09-23,2013-09-20,Prod. Sold Negotiated,17411,97.74,195.71,97.74,3407506.81,333049715.6094,3388302.15,329376852.00149995,391,2013,184,97.47574887845286
2013-09-23,2013-09-20,Prod. Sold Swine or Pork Market Formula,171170,98.32,206.16,98.32,35288407.2,3469556195.9040003,33373385.0,3281938680.9,391,2013,184,98.329721093473
2013-09-24,2013-09-23,Prod. Sold Swine or Pork Market Formula,144082,97.73,204.57,97.73,29474854.74,2880577553.7402,35288407.2,3469556195.9040003,392,2013,185,98.05148103144172
2013-09-24,2013-09-23,Prod. Sold Negotiated,13480,98.31,197.84,98.31,2666883.2,262181287.392,3407506.81,333049715.6094,392,2013,185,97.99025120571736
2013-09-25,2013-09-24,Prod. Sold Swine or Pork Market Formula,165000,97.59,204.6,97.59,33759000.0,3294540810.0,29474854.74,2880577553.7402,393,2013,186,97.6552574428772
2013-09-25,2013-09-24,Prod. Sold Negotiated,10727,97.08,194.31,97.08,2084363.37,202349995.9596,2666883.2,262181287.392,393,2013,186,97.7704012005422
2013-09-26,2013-09-25,Prod. Sold Swine or Pork Market Formula,161054,97.24,203.67,97.24,32801868.18,3189653661.8232,33759000.0,3294540810.0,394,2013,187,97.4175164645997
2013-09-26,2013-09-25,Prod. Sold Negotiated,10364,97.12,197.73,97.12,2049273.72,199025463.6864,2084363.37,202349995.9596,394,2013,187,97.09983022384775
2013-09-27,2013-09-26,Prod. Sold Swine or Pork Market Formula,159748,96.58,205.95,96.58,32900100.6,3177491715.948,32801868.18,3189653661.8232,395,2013,188,96.90950660993572
2013-09-27,2013-09-26,Prod. Sold Negotiated,13428,96.83,198.24,96.83,2661966.72,257758237.4976,2049273.72,199025463.6864,395,2013,188,96.95614286754592
2013-09-30,2013-09-27,Prod. Sold Swine or Pork Market Formula,185849,96.17,205.74,96.17,38236573.260000005,3677211250.414201,32900100.6,3177491715.948,401,2013,189,96.3596214781218
2013-09-30,2013-09-27,Prod. Sold Negotiated,14651,96.49,200.28,96.49,2934302.28,283130826.99719995,2661966.72,257758237.4976,401,2013,189,96.6517271587195
2013-10-18,2013-10-17,Prod. Sold Swine or Pork Market Formula,153170,89.36,209.74,89.36,32125875.8,2870768261.488,38236573.260000005,3677211250.414201,425,2013,190,93.06071064011084
2013-10-18,2013-10-17,Prod. Sold Negotiated,18500,92.52,199.56,92.52,3691860.0,341570887.2,2934302.28,283130826.99719995,425,2013,190,94.2780583691349
2013-10-21,2013-10-18,Prod. Sold Swine or Pork Market Formula,199196,90.56,208.57,90.56,41546309.72,3762433808.2432,32125875.8,2870768261.488,431,2013,191,90.03672176835944
2013-10-21,2013-10-18,Prod. Sold Negotiated,32113,93.64,204.87,93.64,6578990.3100000005,616056652.6284001,3691860.0,341570887.2,431,2013,191,93.2374156885556
2013-10-22,2013-10-21,Prod. Sold Swine or Pork Market Formula,158089,91.06,207.51,91.06,32805048.39,2987227706.3934,41546309.72,3762433808.2432,432,2013,192,90.78060826610232
2013-10-22,2013-10-21,Prod. Sold Negotiated,13154,93.15,198.45,93.15,2610411.3,243159812.595,6578990.3100000005,616056652.6284001,432,2013,192,93.50080687390918
2013-10-23,2013-10-22,Prod. Sold Negotiated,15325,93.22,198.61,93.22,3043698.25,283733550.865,2610411.3,243159812.595,433,2013,193,93.18768212759517
2013-10-23,2013-10-22,Prod. Sold Swine or Pork Market Formula,151230,91.09,208.97,91.09,31602533.1,2878674740.0790005,32805048.39,2987227706.3934,433,2013,193,91.07471994400454
2013-10-24,2013-10-23,Prod. Sold Swine or Pork Market Formula,162108,91.4,209.34,91.4,33935688.72,3101721949.008,31602533.1,2878674740.0790005,434,2013,194,91.25051798799322
2013-10-24,2013-10-23,Prod. Sold Negotiated,12634,93.15,195.01,93.15,2463756.34,229498903.071,3043698.25,283733550.865,434,2013,194,93.18868554411448
2013-10-25,2013-10-24,Prod. Sold Negotiated,12560,92.53,200.71,92.53,2520917.6,233260505.528,2463756.34,229498903.071,435,2013,195,92.83644510537434
2013-10-25,2013-10-24,Prod. Sold Swine or Pork Market Formula,161135,91.36,209.62,91.36,33777118.7,3085877564.432,33935688.72,3101721949.008,435,2013,195,91.3800468360495
2013-10-28,2013-10-25,Prod. Sold Swine or Pork Market Formula,194360,90.66,209.83,90.66,40782558.8,3697346780.808,33777118.7,3085877564.432,441,2013,196,90.9771148787493
2013-10-28,2013-10-25,Prod. Sold Negotiated,19883,92.83,204.04,92.83,4056927.32,376604563.1156,2520917.6,233260505.528,441,2013,196,92.7150268911478
2013-10-29,2013-10-28,Prod. Sold Swine or Pork Market Formula,158991,90.12,209.11,90.12,33246608.01,2996184313.8612003,40782558.8,3697346780.808,442,2013,197,90.41748520348098
2013-10-29,2013-10-28,Prod. Sold Negotiated,12492,89.39,199.57,89.39,2493028.44,222851812.2516,4056927.32,376604563.1156,442,2013,197,91.52067545677593
2013-10-30,2013-10-29,Prod. Sold Swine or Pork Market Formula,165489,89.42,209.41,89.42,34655051.49,3098854704.2358003,33246608.01,2996184313.8612003,443,2013,198,89.76274015949491
2013-10-30,2013-10-29,Prod. Sold Negotiated,8590,89.88,197.9,89.88000000000001,1699961.0,152792494.68,2493028.44,222851812.2516,443,2013,198,89.58866038346137
2013-10-31,2013-10-30,Prod. Sold Swine or Pork Market Formula,166332,88.91,210.09,88.91,34944689.88,3106932377.2308,34655051.49,3098854704.2358003,444,2013,199,89.16393882092093
2013-10-31,2013-10-30,Prod. Sold Negotiated,9377,88.87,197.57,88.87,1852613.89,164641796.4043,1699961.0,152792494.68,444,2013,199,89.3533003281178
2013-11-01,2013-10-31,Prod. Sold Negotiated,10734,88.89,201.46,88.89,2162471.64,192222104.0796,1852613.89,164641796.4043,445,2013,200,88.88077173387137
2013-11-01,2013-10-31,Prod. Sold Swine or Pork Market Formula,174920,88.1,210.55,88.1,36829406.0,3244670668.6,34944689.88,3106932377.2308,445,2013,200,88.49436510423098
2013-11-04,2013-11-01,Prod. Sold Negotiated,15423,88.62,207.26,88.62,3196570.98,283280120.2476,2162471.64,192222104.0796,451,2013,201,88.72894993456873
2013-11-04,2013-11-01,Prod. Sold Swine or Pork Market Formula,220746,87.69,210.22,87.69,46405224.12,4069274103.0828,36829406.0,3244670668.6,451,2013,201,87.87141555309645
2013-11-05,2013-11-04,Prod. Sold Negotiated,14485,86.2,208.07,86.2,3013893.95,259797658.49,3196570.98,283280120.2476,452,2013,202,87.44559141043244
2013-11-05,2013-11-04,Prod. Sold Swine or Pork Market Formula,149656,87.44,209.96,87.44,31421773.76,2747519897.5744,46405224.12,4069274103.0828,452,2013,202,87.58906531597027
2013-11-06,2013-11-05,Prod. Sold Swine or Pork Market Formula,161895,86.75,209.92,86.75,33984998.4,2948198611.2,31421773.76,2747519897.5744,453,2013,203,87.08147980214287
2013-11-06,2013-11-05,Prod. Sold Negotiated,10936,86.79,204.82,86.79,2239911.52,194401920.8208,3013893.95,259797658.49,453,2013,203,86.45154105997
2013-11-07,2013-11-06,Prod. Sold Negotiated,9713,86.35,202.2,86.35,1963968.6,169588688.60999998,2239911.52,194401920.8208,454,2013,204,86.58444081198013
2013-11-07,2013-11-06,Prod. Sold Swine or Pork Market Formula,165586,86.15,210.87,86.15,34917119.82,3008109872.493,33984998.4,2948198611.2,454,2013,204,86.44594154093917
2013-11-08,2013-11-07,Prod. Sold Negotiated,11623,85.37,203.77,85.37,2368418.71,202191905.2727,1963968.6,169588688.60999998,455,2013,205,85.8142560395183
2013-11-08,2013-11-07,Prod. Sold Swine or Pork Market Formula,162636,85.71,211.32,85.71,34368239.52,2945701809.2592,34917119.82,3008109872.493,455,2013,205,85.93174284534494
2013-11-11,2013-11-08,Prod. Sold Negotiated,34290,84.67,211.32,84.67,7246162.8,613532604.276,2368418.71,202191905.2727,461,2013,206,84.84243528439337
2013-11-11,2013-11-08,Prod. Sold Swine or Pork Market Formula,340472,85.17,211.59,85.17,72040470.48,6135686870.781601,34368239.52,2945701809.2592,461,2013,206,85.34441099831771
2013-11-12,2013-11-11,Prod. Sold Swine or Pork Market Formula,340472,85.17,211.59,85.17,72040470.48,6135686870.781601,72040470.48,6135686870.781601,462,2013,207,85.17
2013-11-12,2013-11-11,Prod. Sold Negotiated,34290,84.67,211.32,84.67,7246162.8,613532604.276,7246162.8,613532604.276,462,2013,207,84.67
2013-11-13,2013-11-12,Prod. Sold Swine or Pork Market Formula,159965,84.76,211.35,84.76,33808602.75,2865617169.09,72040470.48,6135686870.781601,463,2013,208,85.0390444166915
2013-11-13,2013-11-12,Prod. Sold Negotiated,10206,83.96,202.28,83.96,2064469.68,173332874.33279997,7246162.8,613532604.276,463,2013,208,84.51256993539927
2013-11-14,2013-11-13,Prod. Sold Swine or Pork Market Formula,165269,84.82,210.43,84.82,34777555.67,2949832271.9294,33808602.75,2865617169.09,464,2013,209,84.79042382586033
2013-11-14,2013-11-13,Prod. Sold Negotiated,10135,82.4,205.42,82.4,2081931.7,171551172.08,2064469.68,173332874.33279997,464,2013,209,83.17671513335256
2013-11-15,2013-11-14,Prod. Sold Swine or Pork Market Formula,169415,84.22,212.14,84.22,35939698.099999994,3026841373.9819994,34777555.67,2949832271.9294,465,2013,210,84.51506990571022
2013-11-15,2013-11-14,Prod. Sold Negotiated,12089,82.64,206.63,82.64,2497950.07,206430593.7848,2081931.7,171551172.08,465,2013,210,82.53090032601432
2013-11-18,2013-11-15,Prod. Sold Swine or Pork Market Formula,257269,83.51,211.44,83.51,54396957.36,4542689909.1336,35939698.099999994,3026841373.9819994,471,2013,211,83.79246768181825
2013-11-18,2013-11-15,Prod. Sold Negotiated,33645,83.29,211.11,83.29,7102795.95,591591874.6755,2497950.07,206430593.7848,471,2013,211,83.12088110631011
2013-11-19,2013-11-18,Prod. Sold Negotiated,11635,82.19,207.13,82.19,2409957.55,198074411.0345,7102795.95,591591874.6755,472,2013,212,83.01132639566451
2013-11-19,2013-11-18,Prod. Sold Swine or Pork Market Formula,160335,83.0,210.62,83.0,33769757.7,2802889889.1000004,54396957.36,4542689909.1336,472,2013,212,83.31465897572252
2013-11-20,2013-11-19,Prod. Sold Negotiated,11721,82.91,202.78,82.91,2376784.38,197059192.9458,2409957.55,198074411.0345,473,2013,213,82.54750512115032
2013-11-20,2013-11-19,Prod. Sold Swine or Pork Market Formula,147912,82.68,210.73,82.68,31169495.76,2577093909.4368,33769757.7,2802889889.1000004,473,2013,213,82.84640663217134
2013-11-21,2013-11-20,Prod. Sold Negotiated,12127,82.67,204.19,82.67,2476212.13,204708456.7871,2376784.38,197059192.9458,474,2013,214,82.78754145094162
2013-11-21,2013-11-20,Prod. Sold Swine or Pork Market Formula,166244,82.27,210.55,82.27,35002674.2,2879670006.434,31169495.76,2577093909.4368,474,2013,214,82.46312489327951
2013-11-22,2013-11-21,Prod. Sold Swine or Pork Market Formula,157843,81.6,211.69,81.6,33413784.67,2726564829.0719995,35002674.2,2879670006.434,475,2013,215,81.94277996992741
2013-11-22,2013-11-21,Prod. Sold Negotiated,13352,81.23,206.4,81.23,2755852.8000000003,223857922.94400004,2476212.13,204708456.7871,475,2013,215,81.9115178165612
2013-11-25,2013-11-22,Prod. Sold Negotiated,24491,81.63,214.42,81.63,5251360.22,428668534.7586,2755852.8000000003,223857922.94400004,481,2013,216,81.49233148571837
2013-11-25,2013-11-22,Prod. Sold Swine or Pork Market Formula,208043,80.76,212.26,80.76,44159207.18,3566297571.8568,33413784.67,2726564829.0719995,481,2013,216,81.12182153676723
2013-11-26,2013-11-25,Prod. Sold Negotiated,6855,79.75,198.83,79.75,1362979.65,108697627.0875,5251360.22,428668534.7586,482,2013,217,81.24259902086041
2013-11-26,2013-11-25,Prod. Sold Swine or Pork Market Formula,147568,80.83,210.44,80.82999999999998,31054209.92,2510111787.8336,44159207.18,3566297571.8568,482,2013,217,80.78890168773358
2013-11-27,2013-11-26,Prod. Sold Swine or Pork Market Formula,162478,81.19,210.44,81.19,34191870.32,2776037951.2808,31054209.92,2510111787.8336,483,2013,218,81.0186561348961
2013-11-27,2013-11-26,Prod. Sold Negotiated,8219,80.01,200.04,80.01,1644128.76,131546742.0876,1362979.65,108697627.0875,483,2013,218,79.89215432878258
2013-11-29,2013-11-27,Prod. Sold Negotiated,6502,80.66,197.87,80.66,1286550.74,103773182.6884,1644128.76,131546742.0876,485,2013,219,80.29534610522919
2013-11-29,2013-11-27,Prod. Sold Swine or Pork Market Formula,164540,81.32,212.64,81.32,34987785.599999994,2845206724.991999,34191870.32,2776037951.2808,485,2013,219,81.25574782813693
2013-12-02,2013-11-29,Prod. Sold Negotiated,27684,80.89,211.33,80.89,5850459.720000001,473243686.7508001,1286550.74,103773182.6884,491,2013,220,80.84853912897307
2013-12-02,2013-11-29,Prod. Sold Swine or Pork Market Formula,278594,82.33,212.64,82.33,59240228.16,4877247984.4128,34987785.599999994,2845206724.991999,491,2013,220,81.95497709496449
2013-12-03,2013-12-02,Prod. Sold Swine or Pork Market Formula,145931,82.41,211.05,82.41,30798737.55,2538123961.4955,59240228.16,4877247984.4128,492,2013,221,82.35736480794256
2013-12-03,2013-12-02,Prod. Sold Negotiated,10428,81.41,208.29,81.41,2172048.12,176826437.4492,5850459.720000001,473243686.7508001,492,2013,221,81.0307870263172
2013-12-04,2013-12-03,Prod. Sold Negotiated,11613,82.2,203.17,82.2,2359413.21,193943765.862,2172048.12,176826437.4492,493,2013,222,81.82133230544417
2013-12-04,2013-12-03,Prod. Sold Swine or Pork Market Formula,152647,83.07,211.15,83.07,32231414.05,2677463565.1335,30798737.55,2538123961.4955,493,2013,222,82.74750090604256
2013-12-05,2013-12-04,Prod. Sold Swine or Pork Market Formula,150189,82.86,212.82,82.86,31963222.98,2648472656.1228,32231414.05,2677463565.1335,494,2013,223,82.96543866689886
2013-12-05,2013-12-04,Prod. Sold Negotiated,7921,81.68,204.13,81.68,1616913.73,132069513.4664,2359413.21,193943765.862,494,2013,223,81.98854979676294
2013-12-06,2013-12-05,Prod. Sold Negotiated,11178,81.75,201.48,81.75,2252143.44,184112726.22,1616913.73,132069513.4664,495,2013,224,81.72074637149908
2013-12-06,2013-12-05,Prod. Sold Swine or Pork Market Formula,153320,82.15,213.07,82.15,32667892.4,2683667360.66,31963222.98,2648472656.1228,495,2013,224,82.50112945494396
2013-12-09,2013-12-06,Prod. Sold Negotiated,19040,82.0,207.99,82.0,3960129.6,324730627.2,2252143.44,184112726.22,501,2013,225,81.90936717424125
2013-12-09,2013-12-06,Prod. Sold Swine or Pork Market Formula,204248,81.86,213.13,81.86,43531376.24,3563478459.0064,32667892.4,2683667360.66,501,2013,225,81.98432781790542
2013-12-10,2013-12-09,Prod. Sold Swine or Pork Market Formula,148796,81.44,211.07,81.44000000000001,31406371.72,2557734912.8768,43531376.24,3563478459.0064,502,2013,226,81.68397821549905
2013-12-10,2013-12-09,Prod. Sold Negotiated,8934,81.35,206.35,81.35,1843530.9,149971238.71499997,3960129.6,324730627.2,502,2013,226,81.7935277080732
2013-12-11,2013-12-10,Prod. Sold Swine or Pork Market Formula,154922,81.24,211.11,81.24,32705583.42,2657001597.0408,31406371.72,2557734912.8768,503,2013,227,81.33797352662673
2013-12-11,2013-12-10,Prod. Sold Negotiated,9374,81.74,195.41,81.74,1831773.34,149729152.8116,1843530.9,149971238.71499997,503,2013,227,81.5443761811131
2013-12-12,2013-12-11,Prod. Sold Swine or Pork Market Formula,160600,81.0,211.9,81.0,34031140.0,2756522340.0,32705583.42,2657001597.0408,504,2013,228,81.11761650285708
2013-12-12,2013-12-11,Prod. Sold Negotiated,8918,81.78,204.62,81.78,1824801.16,149232238.8648,1831773.34,149729152.8116,504,2013,228,81.75996186496405
2013-12-13,2013-12-12,Prod. Sold Swine or Pork Market Formula,166420,80.99,213.48,80.99,35527341.6,2877359396.184,34031140.0,2756522340.0,505,2013,229,80.99489245009627
2013-12-13,2013-12-12,Prod. Sold Negotiated,9108,81.12,201.12,81.12,1831800.96,148595693.8752,1824801.16,149232238.8648,505,2013,229,81.44936828401772
2013-12-16,2013-12-13,Prod. Sold Negotiated,17012,81.23,208.32,81.23,3543939.84,287874233.2032,1831800.96,148595693.8752,511,2013,230,81.19251714636242
2013-12-16,2013-12-13,Prod. Sold Swine or Pork Market Formula,226907,80.88,213.02,80.88,48335729.14,3909393772.8432,35527341.6,2877359396.184,511,2013,230,80.92659986262744
2013-12-17,2013-12-16,Prod. Sold Swine or Pork Market Formula,150606,80.57,211.08,80.57,31789914.48,2561313409.6536,48335729.14,3909393772.8432,512,2013,231,80.75700724707389
2013-12-17,2013-12-16,Prod. Sold Negotiated,8650,80.53,206.67,80.53,1787695.5,143963118.615,3543939.84,287874233.2032,512,2013,231,80.99529024019861
2013-12-18,2013-12-17,Prod. Sold Negotiated,10430,80.78,200.13,80.78,2087355.9,168616609.602,1787695.5,143963118.615,513,2013,232,80.66466633629686
2013-12-18,2013-12-17,Prod. Sold Swine or Pork Market Formula,155476,80.61,211.38,80.61,32864516.88,2649208705.6968,31789914.48,2561313409.6536,513,2013,232,80.5903324141524
2013-12-19,2013-12-18,Prod. Sold Swine or Pork Market Formula,153977,80.48,211.18,80.48,32516862.86,2616957122.9728003,32864516.88,2649208705.6968,514,2013,233,80.54534562610012
2013-12-19,2013-12-18,Prod. Sold Negotiated,11687,80.61,205.21,80.61,2398289.27,193326098.0547,2087355.9,168616609.602,514,2013,233,80.68910801892518
2013-12-20,2013-12-19,Prod. Sold Swine or Pork Market Formula,154825,79.97,211.91,79.97,32808965.75,2623732991.0275,32516862.86,2616957122.9728003,515,2013,234,80.22385977356072
2013-12-20,2013-12-19,Prod. Sold Negotiated,10700,80.35,199.63,80.35,2136041.0,171630894.35,2398289.27,193326098.0547,515,2013,234,80.48751870134505
2013-12-23,2013-12-20,Prod. Sold Swine or Pork Market Formula,215206,79.5,212.15,79.5,45655952.9,3629648255.55,32808965.75,2623732991.0275,521,2013,235,79.69652367156948
2013-12-23,2013-12-20,Prod. Sold Negotiated,16521,80.16,205.98,80.16000000000001,3402995.58,272784125.6928,2136041.0,171630894.35,521,2013,235,80.23327046574586
2013-12-24,2013-12-23,Prod. Sold Swine or Pork Market Formula,113605,79.26,210.19,79.26,23878634.95,1892620606.137,45655952.9,3629648255.55,522,2013,236,79.4175824209908
2013-12-24,2013-12-23,Prod. Sold Negotiated,5565,80.55,197.44,80.55,1098753.6,88504602.48,3402995.58,272784125.6928,522,2013,236,80.25518831166868
2013-12-26,2013-12-24,Prod. Sold Swine or Pork Market Formula,70501,78.99,210.08,78.99000000000001,14810850.08,1169909047.8192,23878634.95,1892620606.137,524,2013,237,79.1566404045311
2013-12-26,2013-12-24,Prod. Sold Negotiated,4051,81.15,190.37,81.15,771188.87,62581976.800500005,1098753.6,88504602.48,524,2013,237,80.79744789180599
2013-12-27,2013-12-26,Prod. Sold Swine or Pork Market Formula,158375,79.3,212.21,79.3,33608758.75,2665174568.875,14810850.08,1169909047.8192,525,2013,238,79.20517553454593
2013-12-27,2013-12-26,Prod. Sold Negotiated,8064,80.14,198.42,80.14,1600058.88,128228718.6432,771188.87,62581976.800500005,525,2013,238,80.46847717354714
2013-12-30,2013-12-27,Prod. Sold Negotiated,14071,79.18,206.73,79.18,2908897.83,230326530.17940003,1600058.88,128228718.6432,531,2013,239,79.5206678359527
2013-12-30,2013-12-27,Prod. Sold Swine or Pork Market Formula,299528,79.64,213.63,79.64,63988166.64,5096017591.2096,33608758.75,2665174568.875,531,2013,239,79.52291661925479
2013-12-31,2013-12-30,Prod. Sold Negotiated,5303,79.11,201.74,79.11,1069827.22,84634031.3742,2908897.83,230326530.17940003,532,2013,240,79.16117791391491
2013-12-31,2013-12-30,Prod. Sold Swine or Pork Market Formula,172827,79.76,212.26,79.76,36684259.02,2925936499.4352,63988166.64,5096017591.2096,532,2013,240,79.68372707872628
2014-01-02,2013-12-31,Prod. Sold Swine or Pork Market Formula,144024,79.79,212.79,79.79,30646866.96,2445313514.7384,36684259.02,2925936499.4352,14,2014,1,79.7736549923296
2014-01-02,2013-12-31,Prod. Sold Negotiated,7180,79.29,198.99,79.29,1428748.2,113285444.778,1069827.22,84634031.3742,14,2014,1,79.21292852236576
2014-01-03,2014-01-02,Prod. Sold Swine or Pork Market Formula,157343,80.39,213.51,80.39,33594303.93,2700646092.9327,30646866.96,2445313514.7384,15,2014,2,80.1037642430664
2014-01-03,2014-01-02,Prod. Sold Negotiated,8924,79.41,201.9,79.41,1801755.6,143077412.196,1428748.2,113285444.778,15,2014,2,79.35692784945805
2014-01-06,2014-01-03,Prod. Sold Negotiated,12648,78.19,211.07,78.19,2669613.36,208737068.6184,1801755.6,143077412.196,21,2014,3,78.68160376870352
2014-01-06,2014-01-03,Prod. Sold Swine or Pork Market Formula,284566,80.39,214.68,80.39,61090628.88,4911075655.6632,33594303.93,2700646092.9327,21,2014,3,80.39
2014-01-07,2014-01-06,Prod. Sold Swine or Pork Market Formula,123328,80.5,214.4,80.5,26441523.2,2128542617.6,61090628.88,4911075655.6632,22,2014,4,80.42322856210987
2014-01-07,2014-01-06,Prod. Sold Negotiated,4136,77.88,217.99,77.88,901606.64,70217125.1232,2669613.36,208737068.6184,22,2014,4,78.11173597302881
2014-01-08,2014-01-07,Prod. Sold Swine or Pork Market Formula,141154,80.9,213.33,80.9,30112382.82,2436091770.138,26441523.2,2128542617.6,23,2014,5,80.7129818075473
2014-01-08,2014-01-07,Prod. Sold Negotiated,5528,78.53,213.71,78.53,1181388.88,92774468.7464,901606.64,70217125.1232,23,2014,5,78.24865310780889
2014-01-09,2014-01-08,Prod. Sold Swine or Pork Market Formula,166040,80.91,213.65,80.91,35474446.0,2870237425.86,30112382.82,2436091770.138,24,2014,6,80.90540877591401
2014-01-09,2014-01-08,Prod. Sold Negotiated,6990,79.03,210.63,79.03,1472303.7,116356161.411,1181388.88,92774468.7464,24,2014,6,78.8074066052519
2014-01-10,2014-01-09,Prod. Sold Negotiated,13421,79.34,207.04,79.34,2778683.84,220460775.8656,1472303.7,116356161.411,25,2014,7,79.23263338395952
2014-01-10,2014-01-09,Prod. Sold Swine or Pork Market Formula,164473,81.37,214.33,81.37,35251498.09,2868414399.5833006,35474446.0,2870237425.86,25,2014,7,81.1392749758245
2014-01-13,2014-01-10,Prod. Sold Swine or Pork Market Formula,205840,81.08,213.65,81.08,43977716.0,3565713213.28,35251498.09,2868414399.5833006,31,2014,8,81.20902986055732
2014-01-13,2014-01-10,Prod. Sold Negotiated,22659,79.49,211.74,79.49,4797816.66,381378446.3034,2778683.84,220460775.8656,31,2014,8,79.43498745482825
2014-01-14,2014-01-13,Prod. Sold Negotiated,9802,79.34,204.02,79.34,1999804.04,158664452.5336,4797816.66,381378446.3034,32,2014,9,79.44587123506318
2014-01-14,2014-01-13,Prod. Sold Swine or Pork Market Formula,162433,80.4,213.36,80.4,34656704.88,2786399072.352,43977716.0,3565713213.28,32,2014,9,80.78030224608173
2014-01-15,2014-01-14,Prod. Sold Swine or Pork Market Formula,163421,80.23,214.08,80.23,34985167.68,2806860002.9664,34656704.88,2786399072.352,33,2014,10,80.3145991012738
2014-01-15,2014-01-14,Prod. Sold Negotiated,10979,79.13,206.89,79.13,2271445.31,179739467.3803,1999804.04,158664452.5336,33,2014,10,79.22832225046754
2014-01-16,2014-01-15,Prod. Sold Swine or Pork Market Formula,164295,80.14,213.8,80.14,35126271.0,2815019357.94,34985167.68,2806860002.9664,34,2014,11,80.1849094349008
2014-01-16,2014-01-15,Prod. Sold Negotiated,11543,78.84,202.0,78.84,2331686.0,183830124.24,2271445.31,179739467.3803,34,2014,11,78.98310240041793
2014-01-17,2014-01-16,Prod. Sold Swine or Pork Market Formula,150932,80.2,213.51,80.2,32225491.32,2584484403.8640003,35126271.0,2815019357.94,35,2014,12,80.16870792704749
2014-01-17,2014-01-16,Prod. Sold Negotiated,10464,79.43,200.0,79.43,2092800.0,166231104.0,2331686.0,183830124.24,35,2014,12,79.11907241654735
2014-01-20,2014-01-17,Prod. Sold Swine or Pork Market Formula,183018,79.93,214.99,79.93,39347039.82,3145008892.8126,32225491.32,2584484403.8640003,41,2014,13,80.05156734598894
2014-01-20,2014-01-17,Prod. Sold Negotiated,19176,79.07,211.87,79.07,4062819.12,321247107.8184,2092800.0,166231104.0,41,2014,13,79.19239353756505
2014-01-21,2014-01-20,Prod. Sold Negotiated,9737,79.09,203.95,79.09,1985861.15,157061758.3535,4062819.12,321247107.8184,42,2014,14,79.07656626259401
2014-01-21,2014-01-20,Prod. Sold Swine or Pork Market Formula,140508,80.04,214.08,80.04,30079952.64,2407599409.3056,39347039.82,3145008892.8126,42,2014,14,79.97765862200218
2014-01-22,2014-01-21,Prod. Sold Negotiated,12820,78.86,207.68,78.86,2662457.6,209961406.336,1985861.15,157061758.3535,43,2014,15,78.9582609173478
2014-01-22,2014-01-21,Prod. Sold Swine or Pork Market Formula,154344,80.25,214.19,80.25,33058941.36,2652980044.14,30079952.64,2407599409.3056,43,2014,15,80.14995405915093
2014-01-23,2014-01-22,Prod. Sold Negotiated,10126,79.2,204.99,79.2,2075728.74,164397716.208,2662457.6,209961406.336,44,2014,16,79.00894892706985
2014-01-23,2014-01-22,Prod. Sold Swine or Pork Market Formula,152242,80.89,213.69,80.89,32532592.98,2631561446.1522,33058941.36,2652980044.14,44,2014,16,80.56743211554212
2014-01-24,2014-01-23,Prod. Sold Negotiated,10948,79.57,204.51,79.57,2238975.48,178155278.94359997,2075728.74,164397716.208,45,2014,17,79.39199947096259
2014-01-24,2014-01-23,Prod. Sold Swine or Pork Market Formula,158189,81.07,215.01,81.07,34012216.89,2757370423.2723,32532592.98,2631561446.1522,45,2014,17,80.98200115008457
2014-01-27,2014-01-24,Prod. Sold Negotiated,19425,79.24,209.39,79.24,4067400.75,322300835.42999995,2238975.48,178155278.94359997,51,2014,18,79.35716108926155
2014-01-27,2014-01-24,Prod. Sold Swine or Pork Market Formula,190799,81.66,213.96,81.66,40823354.04,3333635090.9064,34012216.89,2757370423.2723,51,2014,18,81.39184933694337
2014-01-28,2014-01-27,Prod. Sold Swine or Pork Market Formula,144545,81.65,211.86,81.65,30623303.700000003,2500392747.1050005,40823354.04,3333635090.9064,52,2014,19,81.6557138227779
2014-01-28,2014-01-27,Prod. Sold Negotiated,11286,80.14,214.42,80.14,2419944.12,193934321.7768,4067400.75,322300835.42999995,52,2014,19,79.5757228190645
2014-01-29,2014-01-28,Prod. Sold Swine or Pork Market Formula,152825,82.15,212.18,82.15,32426408.5,2663829458.275,30623303.700000003,2500392747.1050005,53,2014,20,81.9071495362036
2014-01-29,2014-01-28,Prod. Sold Negotiated,10125,80.28,210.55,80.28,2131818.75,171142409.25,2419944.12,193934321.7768,53,2014,20,80.20556901875693
2014-01-30,2014-01-29,Prod. Sold Negotiated,10685,80.39,207.17,80.39,2213611.45,177952224.46549997,2131818.75,171142409.25,54,2014,21,80.33603524813262
2014-01-30,2014-01-29,Prod. Sold Swine or Pork Market Formula,153265,82.24,213.91,82.24,32784916.15,2696231504.176,32426408.5,2663829458.275,54,2014,21,82.19524739329155
2014-01-31,2014-01-30,Prod. Sold Negotiated,12020,81.22,206.52,81.22,2482370.4,201618123.888,2213611.45,177952224.46549997,55,2014,22,80.82875114892107
2014-01-31,2014-01-30,Prod. Sold Swine or Pork Market Formula,153952,82.28,213.88,82.28,32927253.76,2709254439.3728,32784916.15,2696231504.176,55,2014,22,82.260043321537
2014-02-03,2014-01-31,Prod. Sold Negotiated,20256,81.21,211.0,81.21,4274016.0,347092839.35999995,2482370.4,201618123.888,61,2014,23,81.21367410958021
2014-02-03,2014-01-31,Prod. Sold Swine or Pork Market Formula,229241,82.65,214.16,82.65,49094252.56,4057639974.0840006,32927253.76,2709254439.3728,61,2014,23,82.50146476286758
2014-02-04,2014-02-03,Prod. Sold Negotiated,13244,81.93,212.65,81.93,2816336.6,230742457.63800004,4274016.0,347092839.35999995,62,2014,24,81.49598892980302
2014-02-04,2014-02-03,Prod. Sold Swine or Pork Market Formula,153437,83.33,212.47,83.33,32600759.39,2716621279.9687,49094252.56,4057639974.0840006,62,2014,24,82.92135703705837
2014-02-05,2014-02-04,Prod. Sold Negotiated,11738,82.01,205.95,82.01,2417441.1,198254344.61100003,2816336.6,230742457.63800004,63,2014,25,81.96695137605865
2014-02-05,2014-02-04,Prod. Sold Swine or Pork Market Formula,155954,83.8,212.63,83.8,33160499.02,2778849817.876,32600759.39,2716621279.9687,63,2014,25,83.56700024780898
2014-02-06,2014-02-05,Prod. Sold Negotiated,12102,82.32,206.2,82.32,2495432.4,205423995.168,2417441.1,198254344.61100003,64,2014,26,82.1674606071172
2014-02-06,2014-02-05,Prod. Sold Swine or Pork Market Formula,144534,84.08,213.92,84.08,30918713.28,2599645412.5824,33160499.02,2778849817.876,64,2014,26,83.93510215571736
2014-02-07,2014-02-06,Prod. Sold Negotiated,10644,81.78,209.17,81.78,2226405.48,182075440.1544,2495432.4,205423995.168,65,2014,27,82.06538326182432
2014-02-07,2014-02-06,Prod. Sold Swine or Pork Market Formula,156414,84.69,213.47,84.69,33389696.58,2827773403.3602,30918713.28,2599645412.5824,65,2014,27,84.3967193055798
2014-02-10,2014-02-07,Prod. Sold Negotiated,19330,82.62,211.89,82.62,4095833.7,338397780.294,2226405.48,182075440.1544,71,2014,28,82.32419015321088
2014-02-10,2014-02-07,Prod. Sold Swine or Pork Market Formula,185226,84.77,214.56,84.77,39742090.56,3368937016.7712,33389696.58,2827773403.3602,71,2014,28,84.73347449131407
2014-02-11,2014-02-10,Prod. Sold Negotiated,12501,84.38,208.55,84.38,2607083.5500000003,219985709.949,4095833.7,338397780.294,72,2014,29,83.30454776880917
2014-02-11,2014-02-10,Prod. Sold Swine or Pork Market Formula,143995,85.09,213.28,85.09,30711253.6,2613220568.8240004,39742090.56,3368937016.7712,72,2014,29,84.90949091088822
2014-02-12,2014-02-11,Prod. Sold Negotiated,10769,84.36,207.38,84.36,2233275.22,188399097.5592,2607083.5500000003,219985709.949,73,2014,30,84.37077227401473
2014-02-12,2014-02-11,Prod. Sold Swine or Pork Market Formula,169286,85.61,212.27,85.61,35934339.22,3076338780.6242,30711253.6,2613220568.8240004,73,2014,30,85.37037647507867
2014-02-13,2014-02-12,Prod. Sold Negotiated,10502,85.06,204.4,85.06,2146608.8000000003,182590544.52800003,2233275.22,188399097.5592,74,2014,31,84.70307441775594
2014-02-13,2014-02-12,Prod. Sold Swine or Pork Market Formula,152388,85.76,213.11,85.76,32475406.680000003,2785090876.8768005,35934339.22,3076338780.6242,74,2014,31,85.68120785113163
2014-02-14,2014-02-13,Prod. Sold Negotiated,11068,83.72,208.71,83.72,2310002.2800000003,193393390.8816,2146608.8000000003,182590544.52800003,75,2014,32,84.36543567755075
2014-02-14,2014-02-13,Prod. Sold Swine or Pork Market Formula,151436,86.18,214.22,86.18,32440619.92,2795732624.7056003,32475406.680000003,2785090876.8768005,75,2014,32,85.96988746662447
2014-02-17,2014-02-14,Prod. Sold Negotiated,16724,84.97,218.13,84.97,3648006.12,309971080.0164,2310002.2800000003,193393390.8816,81,2014,33,84.48535770745137
2014-02-17,2014-02-14,Prod. Sold Swine or Pork Market Formula,224617,87.1,213.38,87.1,47928775.46,4174596342.566,32440619.92,2795732624.7056003,81,2014,33,86.72864756932307
2014-02-18,2014-02-17,Prod. Sold Negotiated,9516,86.45,209.57,86.45,1994268.12,172404478.974,3648006.12,309971080.0164,82,2014,34,85.49310764986849
2014-02-18,2014-02-17,Prod. Sold Swine or Pork Market Formula,159708,88.17,212.99,88.17,34016206.92,2999208964.1364,47928775.46,4174596342.566,82,2014,34,87.54416803014999
2014-02-19,2014-02-18,Prod. Sold Negotiated,12578,87.35,204.13,87.35,2567547.14,224275242.679,1994268.12,172404478.974,83,2014,35,86.95655107545937
2014-02-19,2014-02-18,Prod. Sold Swine or Pork Market Formula,162134,88.99,211.58,88.99,34304311.72,3052740699.9627995,34016206.92,2999208964.1364,83,2014,35,88.58172895303417
2014-02-20,2014-02-19,Prod. Sold Negotiated,10556,88.42,204.5,88.42,2158702.0,190872430.84,2567547.14,224275242.679,84,2014,36,87.83871971654035
2014-02-20,2014-02-19,Prod. Sold Swine or Pork Market Formula,171085,89.75,212.82,89.75,36410309.7,3267825295.575,34304311.72,3052740699.9627995,84,2014,36,89.38131702632822
2014-02-21,2014-02-20,Prod. Sold Negotiated,11314,88.63,206.37,88.63,2334870.18,206939544.0534,2158702.0,190872430.84,85,2014,37,88.52911647085193
2014-02-21,2014-02-20,Prod. Sold Swine or Pork Market Formula,159468,91.14,212.59,91.14,33901302.12,3089764675.2168,36410309.7,3267825295.575,85,2014,37,90.42019954068803
2014-02-24,2014-02-21,Prod. Sold Negotiated,20438,89.02,214.2,89.02,4377819.6,389713500.792,2334870.18,206939544.0534,91,2014,38,88.88434657342381
2014-02-24,2014-02-21,Prod. Sold Swine or Pork Market Formula,159776,92.54,213.33,92.54,34085014.080000006,3154227202.9632006,33901302.12,3089764675.2168,91,2014,38,91.84189153316707
2014-02-25,2014-02-24,Prod. Sold Negotiated,12686,92.93,206.01,92.93,2613442.86,242867244.9798,4377819.6,389713500.792,92,2014,39,90.48161893378553
2014-02-25,2014-02-24,Prod. Sold Swine or Pork Market Formula,153793,93.19,212.86,93.19,32736377.98,3050703063.9562,34085014.080000006,3154227202.9632006,92,2014,39,92.85844062254637
2014-02-26,2014-02-25,Prod. Sold Negotiated,10510,93.5,202.75,93.5,2130902.5,199239383.75,2613442.86,242867244.9798,93,2014,40,93.186013070895
2014-02-26,2014-02-25,Prod. Sold Swine or Pork Market Formula,155789,94.22,212.7,94.22,33136320.3,3122104098.666,32736377.98,3050703063.9562,93,2014,40,93.70812679304441
2014-02-27,2014-02-26,Prod. Sold Negotiated,12081,94.4,209.38,94.4,2529519.78,238786667.232,2130902.5,199239383.75,94,2014,41,93.98848959712723
2014-02-27,2014-02-26,Prod. Sold Swine or Pork Market Formula,161444,95.29,212.88,95.29,34368198.72,3274945656.0288,33136320.3,3122104098.666,94,2014,41,94.76476312348072
2014-02-28,2014-02-27,Prod. Sold Negotiated,12782,95.47,207.11,95.47,2647280.02,252735823.5094,2529519.78,238786667.232,95,2014,42,94.94717001445565
2014-02-28,2014-02-27,Prod. Sold Swine or Pork Market Formula,156182,96.72,214.49,96.72,33499477.18,3240069432.8496,34368198.72,3274945656.0288,95,2014,42,95.99584783893268
2014-03-03,2014-02-28,Prod. Sold Swine or Pork Market Formula,159423,98.18,212.75,98.18,33917243.25,3329994942.2850003,33499477.18,3240069432.8496,101,2014,43,97.45452364382535
2014-03-03,2014-02-28,Prod. Sold Negotiated,17658,95.36,210.74,95.36,3721246.92,354858106.29120004,2647280.02,252735823.5094,101,2014,43,95.40572498553331
2014-03-04,2014-03-03,Prod. Sold Swine or Pork Market Formula,133465,100.34,212.14,100.34,28313265.1,2840953020.134,33917243.25,3329994942.2850003,102,2014,44,99.16274390226802
2014-03-04,2014-03-03,Prod. Sold Negotiated,14926,99.08,210.97,99.08,3148938.22,311996798.8376,3721246.92,354858106.29120004,102,2014,44,97.06505596860816
2014-03-05,2014-03-04,Prod. Sold Negotiated,13617,101.17,206.29,101.17,2809050.93,284191682.5881,3148938.22,311996798.8376,103,2014,45,100.0653855547387
2014-03-05,2014-03-04,Prod. Sold Swine or Pork Market Formula,148939,101.5,212.72,101.5,31682304.08,3215753864.12,28313265.1,2840953020.134,103,2014,45,100.95256978198736
2014-03-06,2014-03-05,Prod. Sold Negotiated,11384,102.39,207.18,102.39,2358537.12,241490615.7168,2809050.93,284191682.5881,104,2014,46,101.72681978876004
2014-03-06,2014-03-05,Prod. Sold Swine or Pork Market Formula,155448,103.17,213.73,103.17,33223901.04,3427709870.2968,31682304.08,3215753864.12,104,2014,46,102.35483220955868
2014-03-07,2014-03-06,Prod. Sold Negotiated,13857,102.91,207.58,102.91,2876436.06,296014034.9346,2358537.12,241490615.7168,105,2014,47,102.67572195114856
2014-03-07,2014-03-06,Prod. Sold Swine or Pork Market Formula,146394,104.27,213.79,104.27,31297573.26,3263397963.8201995,33223901.04,3427709870.2968,105,2014,47,103.70357941614796
2014-03-10,2014-03-07,Prod. Sold Negotiated,15033,103.84,210.41,103.84,3163093.53,328455632.1552,2876436.06,296014034.9346,111,2014,48,103.39707054731062
2014-03-10,2014-03-07,Prod. Sold Swine or Pork Market Formula,148317,105.44,214.67,105.44,31839210.39,3357126343.5216,31297573.26,3263397963.8201995,111,2014,48,104.86001859142534
2014-03-11,2014-03-10,Prod. Sold Negotiated,14777,107.18,207.62,107.18,3068000.74,328828319.31320006,3163093.53,328455632.1552,112,2014,49,105.48451411382676
2014-03-11,2014-03-10,Prod. Sold Swine or Pork Market Formula,141981,106.74,212.46,106.74,30165283.26,3219842335.1724,31839210.39,3357126343.5216,112,2014,49,106.072452035805
2014-03-12,2014-03-11,Prod. Sold Swine or Pork Market Formula,148523,108.29,213.49,108.29,31708175.27,3433678299.9883003,30165283.26,3219842335.1724,113,2014,50,107.53432559349612
2014-03-12,2014-03-11,Prod. Sold Negotiated,14439,108.79,206.79,108.79,2985840.81,324829621.7199,3068000.74,328828319.31320006,113,2014,50,107.97407491332508
2014-03-13,2014-03-12,Prod. Sold Swine or Pork Market Formula,153388,110.1,213.52,110.1,32751405.76,3605929774.176,31708175.27,3433678299.9883003,114,2014,51,109.20964675349056
2014-03-13,2014-03-12,Prod. Sold Negotiated,16739,108.47,211.1,108.47,3533602.9,383289906.563,2985840.81,324829621.7199,114,2014,51,108.61655683854352
2014-03-14,2014-03-13,Prod. Sold Swine or Pork Market Formula,162034,111.7,215.18,111.7,34866476.120000005,3894585382.6040006,32751405.76,3605929774.176,115,2014,52,110.9250237990448
2014-03-14,2014-03-13,Prod. Sold Negotiated,12442,110.29,210.03,110.29,2613193.26,288209084.64540005,3533602.9,383289906.563,115,2014,52,109.24373831983392
2014-03-17,2014-03-14,Prod. Sold Swine or Pork Market Formula,150077,113.63,215.37,113.63,32322083.49,3672758346.9687,34866476.120000005,3894585382.6040006,121,2014,53,112.62845599753584
2014-03-17,2014-03-14,Prod. Sold Negotiated,11947,112.23,208.14,112.23,2486648.58,279076570.1334,2613193.26,288209084.64540005,121,2014,53,111.235930951694
2014-03-18,2014-03-17,Prod. Sold Swine or Pork Market Formula,146381,115.56,213.98,115.56,31322606.38,3619640393.2728,32322083.49,3672758346.9687,122,2014,54,114.57984562634964
2014-03-18,2014-03-17,Prod. Sold Negotiated,14654,115.38,210.28,115.38,3081443.12,355536907.1856,2486648.58,279076570.1334,122,2014,54,113.97324460712456
2014-03-19,2014-03-18,Prod. Sold Swine or Pork Market Formula,150079,117.74,214.34,117.74,32167932.86,3787452414.9364,31322606.38,3619640393.2728,123,2014,55,116.66451249074632
2014-03-19,2014-03-18,Prod. Sold Negotiated,14601,115.4,211.75,115.4,3091761.75,356789305.95,3081443.12,355536907.1856,123,2014,55,115.39001671519124
2014-03-20,2014-03-19,Prod. Sold Negotiated,11861,117.63,210.14,117.63,2492470.54,293189309.6202,3091761.75,356789305.95,124,2014,56,116.39533991702912
2014-03-20,2014-03-19,Prod. Sold Swine or Pork Market Formula,151449,119.52,214.52,119.52,32488839.48,3883066094.6496,32167932.86,3787452414.9364,124,2014,56,118.63441727728532
2014-03-21,2014-03-20,Prod. Sold Negotiated,15258,118.65,210.74,118.65,3215470.92,381515624.658,2492470.54,293189309.6202,125,2014,57,118.20459950516027
2014-03-21,2014-03-20,Prod. Sold Swine or Pork Market Formula,155715,121.56,214.5,121.56,33400867.5,4060209453.3,32488839.48,3883066094.6496,125,2014,57,120.55411857212664
2014-03-24,2014-03-21,Prod. Sold Negotiated,14994,120.91,211.71,120.91,3174379.74,383814254.3634,3215470.92,381515624.658,131,2014,58,119.772733314772
2014-03-24,2014-03-21,Prod. Sold Swine or Pork Market Formula,151852,124.14,215.22,124.14,32681587.44,4057092264.8016,33400867.5,4060209453.3,131,2014,58,122.83595888608797
2014-03-25,2014-03-24,Prod. Sold Swine or Pork Market Formula,145406,126.35,214.01,126.35,31118338.06,3931802013.881,32681587.44,4057092264.8016,132,2014,59,125.21792488115992
2014-03-25,2014-03-24,Prod. Sold Negotiated,16285,125.64,209.65,125.64,3414150.25,428953837.41,3174379.74,383814254.3634,132,2014,59,123.36106734081967
2014-03-26,2014-03-25,Prod. Sold Negotiated,15678,126.94,211.02,126.94,3308371.56,419964685.8264,3414150.25,428953837.41,133,2014,60,126.27977226843686
2014-03-26,2014-03-25,Prod. Sold Swine or Pork Market Formula,150070,127.84,215.2,127.84,32295064.0,4128600981.76,31118338.06,3931802013.881,133,2014,60,127.10882453545814
2014-03-27,2014-03-26,Prod. Sold Negotiated,11970,127.41,208.15,127.41,2491555.5,317449086.255,3308371.56,419964685.8264,134,2014,61,127.1419044503294
2014-03-27,2014-03-26,Prod. Sold Swine or Pork Market Formula,145124,128.62,214.91,128.62,31188598.84,4011477582.8008,32295064.0,4128600981.76,134,2014,61,128.22320263839396
2014-03-28,2014-03-27,Prod. Sold Negotiated,13670,128.24,210.14,128.24,2872613.8,368383993.712,2491555.5,317449086.255,135,2014,62,127.85448064940827
2014-03-28,2014-03-27,Prod. Sold Swine or Pork Market Formula,152031,129.66,215.31,129.66,32733794.61,4244263809.1326,31188598.84,4011477582.8008,135,2014,62,129.15256995799177
2014-03-31,2014-03-28,Prod. Sold Negotiated,14575,128.1,211.56,128.1,3083487.0,394994684.7,2872613.8,368383993.712,141,2014,63,128.16752167995546
2014-03-31,2014-03-28,Prod. Sold Swine or Pork Market Formula,146645,130.4,215.68,130.4,31628393.6,4124342525.440001,32733794.61,4244263809.1326,141,2014,63,130.02364536251682
2014-04-01,2014-03-31,Prod. Sold Negotiated,13996,129.46,214.52,129.46,3002421.92,388693541.7632,3083487.0,394994684.7,142,2014,64,128.77094231360925
2014-04-01,2014-03-31,Prod. Sold Swine or Pork Market Formula,145137,130.51,214.3,130.51,31102859.1,4059234141.141,31628393.6,4124342525.440001,142,2014,64,130.45453923449227
2014-04-02,2014-04-01,Prod. Sold Negotiated,12654,129.55,206.02,129.55,2606977.08,337733880.71400005,3002421.92,388693541.7632,143,2014,65,129.50182764271182
2014-04-02,2014-04-01,Prod. Sold Swine or Pork Market Formula,146577,130.33,215.45,130.33,31580014.65,4115823309.3345,31102859.1,4059234141.141,143,2014,65,130.41931490059517
2014-04-03,2014-04-02,Prod. Sold Swine or Pork Market Formula,151756,130.4,215.43,130.4,32692795.08,4263140478.4320006,31580014.65,4115823309.3345,144,2014,66,130.36560596876367
2014-04-03,2014-04-02,Prod. Sold Negotiated,11293,130.78,203.96,130.78,2303320.2800000003,301228226.21840006,2606977.08,337733880.71400005,144,2014,66,130.12696789760204
2014-04-04,2014-04-03,Prod. Sold Swine or Pork Market Formula,152115,129.84,215.31,129.84,32751880.65,4252504183.596,32692795.08,4263140478.4320006,145,2014,67,130.11974720694363
2014-04-04,2014-04-03,Prod. Sold Negotiated,13313,130.74,205.55,130.74,2736487.1500000004,357768329.99100006,2303320.2800000003,301228226.21840006,145,2014,67,130.75828101816978
2014-04-07,2014-04-04,Prod. Sold Negotiated,12569,129.8,209.45,129.8,2632577.05,341708501.09000003,2736487.1500000004,357768329.99100006,151,2014,68,130.27909613764723
2014-04-07,2014-04-04,Prod. Sold Swine or Pork Market Formula,146930,129.44,217.15,129.44,31905849.5,4129893159.28,32751880.65,4252504183.596,151,2014,68,129.6426169528316
2014-04-08,2014-04-07,Prod. Sold Negotiated,13148,130.24,207.58,130.24,2729261.8400000003,355459062.04160005,2632577.05,341708501.09000003,152,2014,69,130.02396704455998
2014-04-08,2014-04-07,Prod. Sold Swine or Pork Market Formula,150778,128.81,214.85,128.81,32394653.3,4172755291.573,31905849.5,4129893159.28,152,2014,69,129.1226054122395
2014-04-09,2014-04-08,Prod. Sold Swine or Pork Market Formula,159216,128.23,216.06,128.23,34400208.96,4411138794.9408,32394653.3,4172755291.573,153,2014,70,128.51129257667847
2014-04-09,2014-04-08,Prod. Sold Negotiated,8483,130.29,201.68,130.29,1710851.44,222906834.1176,2729261.8400000003,355459062.04160005,153,2014,70,130.25926585350544
2014-04-10,2014-04-09,Prod. Sold Negotiated,9396,128.54,214.89,128.54,2019106.44,259535941.7976,1710851.44,222906834.1176,154,2014,71,129.3426873536706
2014-04-10,2014-04-09,Prod. Sold Swine or Pork Market Formula,158792,127.19,217.25,127.19,34497562.0,4387744910.78,34400208.96,4411138794.9408,154,2014,71,127.70926523630447
2014-04-11,2014-04-10,Prod. Sold Negotiated,10685,128.56,203.02,128.56,2169268.7,278881184.072,2019106.44,259535941.7976,155,2014,72,128.55035852151488
2014-04-11,2014-04-10,Prod. Sold Swine or Pork Market Formula,159537,126.09,216.57,126.09,34550928.09,4356526522.868099,34497562.0,4387744910.78,155,2014,72,126.63957491685242
2014-04-14,2014-04-11,Prod. Sold Negotiated,11092,127.81,204.62,127.81,2269645.04,290083332.5624,2169268.7,278881184.072,161,2014,73,128.1765201939698
2014-04-14,2014-04-11,Prod. Sold Swine or Pork Market Formula,149302,124.62,217.44,124.62,32464226.88,4045691953.7856,34550928.09,4356526522.868099,161,2014,73,125.37788624699944
2014-04-15,2014-04-14,Prod. Sold Negotiated,9519,124.58,208.99,124.58,1989375.81,247836438.4098,2269645.04,290083332.5624,162,2014,74,126.3012767294154
2014-04-15,2014-04-14,Prod. Sold Swine or Pork Market Formula,154892,123.36,216.01,123.36,33458220.92,4127406132.6912,32464226.88,4045691953.7856,162,2014,74,123.98050071309396
2014-04-16,2014-04-15,Prod. Sold Swine or Pork Market Formula,160324,122.73,216.45,122.73,34702129.8,4258992390.354,33458220.92,4127406132.6912,163,2014,75,123.03925133097084
2014-04-16,2014-04-15,Prod. Sold Negotiated,6653,122.95,203.71,122.95000000000002,1355282.63,166631999.35850003,1989375.81,247836438.4098,163,2014,75,123.91951082703082
2014-04-17,2014-04-16,Prod. Sold Swine or Pork Market Formula,147740,121.54,216.86,121.54,32038896.4,3894007468.456,34702129.8,4258992390.354,164,2014,76,122.1587428754579
2014-04-17,2014-04-16,Prod. Sold Negotiated,9143,121.76,206.68,121.76,1889675.24,230086857.2224,1355282.63,166631999.35850003,164,2014,76,122.25701302584248
2014-04-18,2014-04-17,Prod. Sold Swine or Pork Market Formula,151953,120.16,217.0,120.16,32973801.0,3962131928.16,32038896.4,3894007468.456,165,2014,77,120.84007756638628
2014-04-18,2014-04-17,Prod. Sold Negotiated,7088,120.48,215.29,120.48,1525975.52,183849530.6496,1889675.24,230086857.2224,165,2014,77,121.18814742992052
2014-04-21,2014-04-18,Prod. Sold Swine or Pork Market Formula,111668,118.85,218.24,118.84999999999998,24370424.32,2896424930.432,32973801.0,3962131928.16,171,2014,78,119.60326990763154
2014-04-21,2014-04-18,Prod. Sold Negotiated,5563,120.77,219.32,120.77,1220077.16,147348718.61319998,1525975.52,183849530.6496,171,2014,78,120.60884762880806
2014-04-22,2014-04-21,Prod. Sold Negotiated,9204,117.44,209.42,117.44,1927501.68,226365797.2992,1220077.16,147348718.61319998,172,2014,79,118.7307879831852
2014-04-22,2014-04-21,Prod. Sold Swine or Pork Market Formula,98352,118.02,217.5,118.02,21391560.0,2524631911.2,24370424.32,2896424930.432,172,2014,79,118.46201431572888
2014-04-23,2014-04-22,Prod. Sold Negotiated,4757,115.42,212.67,115.42,1011671.19,116767088.7498,1927501.68,226365797.2992,173,2014,80,116.74471057872825
2014-04-23,2014-04-22,Prod. Sold Swine or Pork Market Formula,151600,117.56,215.58,117.56,32681928.000000004,3842087455.68,21391560.0,2524631911.2,173,2014,80,117.74197674986308
2014-04-24,2014-04-23,Prod. Sold Swine or Pork Market Formula,158747,117.16,216.44,117.16,34359200.68,4025523951.6688,32681928.000000004,3842087455.68,174,2014,81,117.35499628746405
2014-04-24,2014-04-23,Prod. Sold Negotiated,4848,115.78,214.2,115.78,1038441.6,120230768.448,1011671.19,116767088.7498,174,2014,81,115.60235044326512
2014-04-25,2014-04-24,Prod. Sold Negotiated,10090,115.41,202.27,115.41,2040904.3,235540765.263,1038441.6,120230768.448,175,2014,82,115.534774352891
2014-04-25,2014-04-24,Prod. Sold Swine or Pork Market Formula,150982,117.14,217.2,117.14,32793290.4,3841406037.456,34359200.68,4025523951.6688,175,2014,82,117.15023318722132
2014-04-28,2014-04-25,Prod. Sold Swine or Pork Market Formula,154094,116.67,217.08,116.67,33450725.520000003,3902696146.4184,32793290.4,3841406037.456,181,2014,83,116.90266775532773
2014-04-28,2014-04-25,Prod. Sold Negotiated,11079,116.03,211.36,116.03,2341657.44,271702512.7632,2040904.3,235540765.263,181,2014,83,115.74127373872432
2014-04-29,2014-04-28,Prod. Sold Negotiated,9870,114.05,208.82,114.05,2061053.4,235063140.27,2341657.44,271702512.7632,182,2014,84,115.1030970349168
2014-04-29,2014-04-28,Prod. Sold Swine or Pork Market Formula,136024,115.87,216.02,115.87,29383904.48,3404713012.0976,33450725.520000003,3902696146.4184,182,2014,84,116.29588904265054
2014-04-30,2014-04-29,Prod. Sold Negotiated,8660,114.1,202.51,114.1,1753736.6,200101346.06,2061053.4,235063140.27,183,2014,85,114.07298601757893
2014-04-30,2014-04-29,Prod. Sold Swine or Pork Market Formula,150087,115.57,216.47,115.57,32489332.89,3754792202.0973,29383904.48,3404713012.0976,183,2014,85,115.7124714742383
2014-05-01,2014-04-30,Prod. Sold Negotiated,5027,113.03,215.65,113.03,1084072.55,122532720.3265,1753736.6,200101346.06,184,2014,86,113.69124889406324
2014-05-01,2014-04-30,Prod. Sold Swine or Pork Market Formula,157082,114.81,217.45,114.81,34157480.9,3921620382.129,32489332.89,3754792202.0973,184,2014,86,115.18048872395012
2014-05-02,2014-05-01,Prod. Sold Swine or Pork Market Formula,153658,114.3,218.21,114.3,33529712.18,3832446102.174,34157480.9,3921620382.129,185,2014,87,114.55736501199586
2014-05-02,2014-05-01,Prod. Sold Negotiated,12129,114.33,207.51,114.33,2516888.79,287755895.3607,1084072.55,122532720.3265,185,2014,87,113.93863386692178
2014-05-05,2014-05-02,Prod. Sold Swine or Pork Market Formula,160899,114.17,218.59,114.17,35170912.410000004,4015463069.849701,33529712.18,3832446102.174,191,2014,88,114.23344720458384
2014-05-05,2014-05-02,Prod. Sold Negotiated,10680,113.49,213.4,113.49,2279112.0,258656420.88,2516888.79,287755895.3607,191,2014,88,113.93082281804628
2014-05-06,2014-05-05,Prod. Sold Negotiated,11890,111.38,210.09,111.37999999999998,2497970.1,278223909.738,2279112.0,258656420.88,192,2014,89,112.38666603992426
2014-05-06,2014-05-05,Prod. Sold Swine or Pork Market Formula,137102,114.01,216.73,114.01,29714116.46,3387706417.6046,35170912.410000004,4015463069.849701,192,2014,89,114.09672795687392
2014-05-07,2014-05-06,Prod. Sold Swine or Pork Market Formula,147937,114.38,215.72,114.38,31912969.64,3650205467.4232,29714116.46,3387706417.6046,193,2014,90,114.20160079624144
2014-05-07,2014-05-06,Prod. Sold Negotiated,7163,111.87,203.3,111.87,1456237.9,162909333.87300003,2497970.1,278223909.738,193,2014,90,111.5604549914926
2014-05-08,2014-05-07,Prod. Sold Swine or Pork Market Formula,154379,114.44,217.5,114.44,33577432.5,3842601375.3,31912969.64,3650205467.4232,194,2014,91,114.41076246112664
2014-05-08,2014-05-07,Prod. Sold Negotiated,9211,112.09,202.38,112.09,1864122.18,208949455.1562,1456237.9,162909333.87300003,194,2014,91,111.99351277262676
2014-05-09,2014-05-08,Prod. Sold Negotiated,8862,110.43,211.09,110.43,1870679.58,206579146.01940003,1864122.18,208949455.1562,195,2014,92,111.25854272265312
2014-05-09,2014-05-08,Prod. Sold Swine or Pork Market Formula,150370,114.51,217.07,114.51,32640815.9,3737699828.709,33577432.5,3842601375.3,195,2014,92,114.47450494641896
2014-05-12,2014-05-09,Prod. Sold Negotiated,13908,112.5,214.84,112.5,2987994.72,336149406.0,1870679.58,206579146.01940003,201,2014,93,111.7030116670714
2014-05-12,2014-05-09,Prod. Sold Swine or Pork Market Formula,165614,113.77,218.15,113.77,36128694.1,4110361527.757,32640815.9,3737699828.709,201,2014,93,114.12123419908038
2014-05-13,2014-05-12,Prod. Sold Swine or Pork Market Formula,145240,112.95,216.89,112.95,31501103.6,3558049651.62,36128694.1,4110361527.757,202,2014,94,113.38805438090198
2014-05-13,2014-05-12,Prod. Sold Negotiated,8682,111.99,206.35,111.99,1791530.7,200633523.093,2987994.72,336149406.0,202,2014,94,112.30883443925694
2014-05-14,2014-05-13,Prod. Sold Swine or Pork Market Formula,163365,112.98,216.73,112.98,35406096.45,4000180776.921,31501103.6,3558049651.62,203,2014,95,112.9658754647139
2014-05-14,2014-05-13,Prod. Sold Negotiated,10947,111.95,207.93,111.95,2276209.71,254821677.0345,1791530.7,200633523.093,203,2014,95,111.96761696194372
2014-05-15,2014-05-14,Prod. Sold Swine or Pork Market Formula,165435,112.56,217.2,112.56,35932482.0,4044560173.92,35406096.45,4000180776.921,204,2014,96,112.76845047423286
2014-05-15,2014-05-14,Prod. Sold Negotiated,4741,111.85,213.04,111.85,1010022.64,112971032.284,2276209.71,254821677.0345,204,2014,96,111.91926502655843
2014-05-16,2014-05-15,Prod. Sold Swine or Pork Market Formula,158579,112.1,218.2,112.1,34601937.8,3878877227.38,35932482.0,4044560173.92,205,2014,97,112.33433866425594
2014-05-16,2014-05-15,Prod. Sold Negotiated,9033,111.4,202.44,111.4,1828640.52,203710553.928,1010022.64,112971032.284,205,2014,97,111.56011416726174
2014-05-19,2014-05-16,Prod. Sold Swine or Pork Market Formula,132799,112.08,219.36,112.08,29130788.64,3264978790.7712,34601937.8,3878877227.38,211,2014,98,112.09085845208035
2014-05-19,2014-05-16,Prod. Sold Negotiated,12004,112.07,211.38,112.07,2537405.52,284367036.6264,1828640.52,203710553.928,211,2014,98,111.7893824487476
2014-05-20,2014-05-19,Prod. Sold Negotiated,9371,109.2,211.16,109.2,1978780.36,216082815.312,2537405.52,284367036.6264,212,2014,99,110.81250091025925
2014-05-20,2014-05-19,Prod. Sold Swine or Pork Market Formula,142148,111.43,216.34,111.43,30752298.32,3426728601.7976003,29130788.64,3264978790.7712,212,2014,99,111.74619967468692
2014-05-21,2014-05-20,Prod. Sold Swine or Pork Market Formula,153980,111.76,216.12,111.76,33278157.6,3719166893.376,30752298.32,3426728601.7976003,213,2014,100,111.60150888354944
2014-05-21,2014-05-20,Prod. Sold Negotiated,9198,110.12,205.87,110.12,1893592.26,208522379.6712,1978780.36,216082815.312,213,2014,100,109.64988048675954
2014-05-22,2014-05-21,Prod. Sold Swine or Pork Market Formula,147334,111.9,216.32,111.9,31871290.88,3566397449.472,33278157.6,3719166893.376,214,2014,101,111.82848838827192
2014-05-22,2014-05-21,Prod. Sold Negotiated,7220,108.92,208.09,108.92,1502409.8,163642475.416,1893592.26,208522379.6712,214,2014,101,109.58911346690998
2014-05-23,2014-05-22,Prod. Sold Negotiated,8902,110.59,203.51,110.59,1811646.02,200349933.3518,1502409.8,163642475.416,215,2014,102,109.83291427113016
2014-05-23,2014-05-22,Prod. Sold Swine or Pork Market Formula,153208,111.38,217.82,111.38,33371766.56,3716947359.4528,31871290.88,3566397449.472,215,2014,102,111.63402045685612
2014-05-27,2014-05-23,Prod. Sold Negotiated,8179,110.53,206.59,110.53000000000002,1689699.61,186762497.89330003,1811646.02,200349933.3518,222,2014,103,110.56104485323262
2014-05-27,2014-05-23,Prod. Sold Swine or Pork Market Formula,151140,111.12,217.71,111.12,32904689.4,3656369086.128,33371766.56,3716947359.4528,222,2014,103,111.25091616291066
2014-05-28,2014-05-27,Prod. Sold Swine or Pork Market Formula,152835,110.87,215.98,110.87,33009303.3,3659741456.871,32904689.4,3656369086.128,223,2014,104,110.99480160908232
2014-05-28,2014-05-27,Prod. Sold Negotiated,8269,110.98,198.88,110.98,1644538.72,182510907.1456,1689699.61,186762497.89330003,223,2014,104,110.75195246732709
2014-05-29,2014-05-28,Prod. Sold Swine or Pork Market Formula,158108,110.79,216.63,110.79,34250936.04,3794661203.8716,33009303.3,3659741456.871,224,2014,105,110.8292615948131
2014-05-29,2014-05-28,Prod. Sold Negotiated,6067,110.62,199.1,110.62,1207939.7,133622289.614,1644538.72,182510907.1456,224,2014,105,110.82755071626448
2014-05-30,2014-05-29,Prod. Sold Swine or Pork Market Formula,152358,110.58,217.58,110.58,33150053.64,3665732931.5112,34250936.04,3794661203.8716,225,2014,106,110.68671499932788
2014-05-30,2014-05-29,Prod. Sold Negotiated,5825,109.96,206.82,109.96,1204726.5,132471725.94,1207939.7,133622289.614,225,2014,106,110.29043949552572
2014-06-02,2014-05-30,Prod. Sold Negotiated,9255,109.35,205.7,109.35,1903753.5,208175445.225,1204726.5,132471725.94,231,2014,107,109.58641238322264
2014-06-02,2014-05-30,Prod. Sold Swine or Pork Market Formula,186625,110.42,218.48,110.42000000000002,40773830.0,4502246308.6,33150053.64,3665732931.5112,231,2014,107,110.49174959324688
2014-06-03,2014-06-02,Prod. Sold Negotiated,9427,108.35,207.76,108.35,1958553.52,212209273.892,1903753.5,208175445.225,232,2014,108,108.84290579183424
2014-06-03,2014-06-02,Prod. Sold Swine or Pork Market Formula,126263,110.42,215.69,110.42,27233666.47,3007141451.6174,40773830.0,4502246308.6,232,2014,108,110.42
2014-06-04,2014-06-03,Prod. Sold Negotiated,8906,111.24,198.83,111.24,1770779.9800000002,196981564.97520003,1958553.52,212209273.892,233,2014,109,109.72224363071848
2014-06-04,2014-06-03,Prod. Sold Swine or Pork Market Formula,139765,110.71,215.25,110.71,30084416.25,3330645723.0375,27233666.47,3007141451.6174,233,2014,109,110.57221166337888
2014-06-05,2014-06-04,Prod. Sold Negotiated,8593,109.8,217.74,109.8,1871039.82,205440172.236,1770779.9800000002,196981564.97520003,234,2014,110,110.50017829306104
2014-06-05,2014-06-04,Prod. Sold Swine or Pork Market Formula,146590,110.87,216.88,110.87,31792439.2,3524827734.104,30084416.25,3330645723.0375,234,2014,110,110.792208286685
2014-06-06,2014-06-05,Prod. Sold Negotiated,10272,111.82,199.98,111.82,2054194.56,229700035.6992,1871039.82,205440172.236,235,2014,111,110.85712745010656
2014-06-06,2014-06-05,Prod. Sold Swine or Pork Market Formula,147543,111.11,217.1,111.11,32031585.3,3559029442.683,31792439.2,3524827734.104,235,2014,111,110.99044963526237
2014-06-09,2014-06-06,Prod. Sold Negotiated,7659,111.56,206.0,111.56,1577754.0,176014236.24,2054194.56,229700035.6992,241,2014,112,111.70705345540468
2014-06-09,2014-06-06,Prod. Sold Swine or Pork Market Formula,125015,111.3,217.44,111.3,27183261.6,3025497016.08,32031585.3,3559029442.683,241,2014,112,111.19722170155606
2014-06-10,2014-06-09,Prod. Sold Negotiated,7101,110.79,208.14,110.79,1478002.14,163747857.09059998,1577754.0,176014236.24,242,2014,113,111.18756790932932
2014-06-10,2014-06-09,Prod. Sold Swine or Pork Market Formula,133816,111.8,215.35,111.79999999999998,28817275.6,3221771412.0799994,27183261.6,3025497016.08,242,2014,113,111.55729463538074
2014-06-11,2014-06-10,Prod. Sold Negotiated,8561,111.9,210.4,111.9,1801234.4,201558129.36,1478002.14,163747857.09059998,243,2014,114,111.39970599699406
2014-06-11,2014-06-10,Prod. Sold Swine or Pork Market Formula,145553,113.17,215.57,113.17,31376860.21,3550919269.9657,28817275.6,3221771412.0799994,243,2014,114,112.51412767887196
2014-06-12,2014-06-11,Prod. Sold Swine or Pork Market Formula,147799,114.42,215.42,114.42,31838860.58,3643002427.5636,31376860.21,3550919269.9657,244,2014,115,113.7995676965736
2014-06-12,2014-06-11,Prod. Sold Negotiated,7294,111.2,214.57,111.2,1565073.5799999998,174036182.096,1801234.4,201558129.36,244,2014,115,111.57455398837274
2014-06-13,2014-06-12,Prod. Sold Swine or Pork Market Formula,154997,115.39,216.24,115.39,33516551.28,3867474852.1992,31838860.58,3643002427.5636,245,2014,116,114.91745007821606
2014-06-13,2014-06-12,Prod. Sold Negotiated,10598,112.34,217.16,112.34,2301461.68,258546205.1312,1565073.5799999998,174036182.096,245,2014,116,111.87855745228612
2014-06-16,2014-06-13,Prod. Sold Swine or Pork Market Formula,123081,115.69,217.55,115.69,26776271.55,3097746855.6195,33516551.28,3867474852.1992,251,2014,117,115.52323113909678
2014-06-16,2014-06-13,Prod. Sold Negotiated,8890,111.92,219.63,111.92,1952510.7,218524997.544,2301461.68,258546205.1312,251,2014,117,112.14722618278964
2014-06-17,2014-06-16,Prod. Sold Swine or Pork Market Formula,132161,116.81,215.68,116.81,28504484.48,3329608832.1088,26776271.55,3097746855.6195,252,2014,118,116.26750698272424
2014-06-17,2014-06-16,Prod. Sold Negotiated,12385,116.41,213.47,116.41,2643825.95,307767778.8395,1952510.7,218524997.544,252,2014,118,114.50266080564396
2014-06-18,2014-06-17,Prod. Sold Swine or Pork Market Formula,135859,117.89,215.29,117.89,29249084.11,3448174525.7279,28504484.48,3329608832.1088,253,2014,119,117.35696205983486
2014-06-18,2014-06-17,Prod. Sold Negotiated,7308,117.91,202.22,117.91,1477823.76,174250199.5416,2643825.95,307767778.8395,253,2014,119,116.94782727693276
2014-06-19,2014-06-18,Prod. Sold Negotiated,9792,118.6,205.44,118.6,2011668.48,238583881.728,1477823.76,174250199.5416,254,2014,120,118.30778029459093
2014-06-19,2014-06-18,Prod. Sold Swine or Pork Market Formula,136035,119.04,214.92,119.04,29236642.2,3480329887.488,29249084.11,3448174525.7279,254,2014,120,118.46487767787627
2014-06-20,2014-06-19,Prod. Sold Swine or Pork Market Formula,137544,119.89,216.35,119.89,29757644.4,3567643987.116,29236642.2,3480329887.488,255,2014,121,119.46875334541296
2014-06-20,2014-06-19,Prod. Sold Negotiated,10807,119.36,203.15,119.36,2195442.0500000003,262047963.08800003,2011668.48,238583881.728,255,2014,121,118.99659903064158
2014-06-23,2014-06-20,Prod. Sold Negotiated,9322,120.07,207.52,120.07,1934501.44,232275587.9008,2195442.0500000003,262047963.08800003,261,2014,122,119.6925701733512
2014-06-23,2014-06-20,Prod. Sold Swine or Pork Market Formula,126961,121.04,216.02,121.04,27426115.220000003,3319656986.2288003,29757644.4,3567643987.116,261,2014,122,120.441555768851
2014-06-24,2014-06-23,Prod. Sold Negotiated,13024,120.7,211.14,120.7,2749887.36,331911404.352,1934501.44,232275587.9008,262,2014,123,120.43983032595416
2014-06-24,2014-06-23,Prod. Sold Swine or Pork Market Formula,125335,122.55,213.98,122.55,26819183.3,3286690913.4149995,27426115.220000003,3319656986.2288003,262,2014,123,121.78655256562132
2014-06-25,2014-06-24,Prod. Sold Swine or Pork Market Formula,151492,123.84,213.86,123.84,32398079.12,4012178118.2208,26819183.3,3286690913.4149995,263,2014,124,123.25576585875208
2014-06-25,2014-06-24,Prod. Sold Negotiated,9560,122.43,204.07,122.43,1950909.2,238849813.356,2749887.36,331911404.352,263,2014,124,121.41797893674428
2014-06-26,2014-06-25,Prod. Sold Swine or Pork Market Formula,141554,125.73,214.92,125.73,30422785.68,3825056843.5464,32398079.12,4012178118.2208,264,2014,125,124.755286109452
2014-06-26,2014-06-25,Prod. Sold Negotiated,6210,122.77,213.22,122.76999999999998,1324096.2,162559290.47399998,1950909.2,238849813.356,264,2014,125,122.5674631956332
2014-06-27,2014-06-26,Prod. Sold Negotiated,14481,125.19,203.61,125.18999999999998,2948476.41,369119761.7679,1324096.2,162559290.47399998,265,2014,126,124.44002730287126
2014-06-27,2014-06-26,Prod. Sold Swine or Pork Market Formula,141718,126.65,214.71,126.65,30428271.78,3853740620.937,30422785.68,3825056843.5464,265,2014,126,126.1900414718512
2014-06-30,2014-06-27,Prod. Sold Negotiated,13400,126.34,203.29,126.34,2724086.0,344161025.24,2948476.41,369119761.7679,271,2014,127,125.74225463795294
2014-06-30,2014-06-27,Prod. Sold Swine or Pork Market Formula,125931,127.19,215.72,127.19,27165835.32,3455222594.3508,30428271.78,3853740620.937,271,2014,127,126.90470576438192
2014-07-01,2014-06-30,Prod. Sold Swine or Pork Market Formula,142174,127.85,213.75,127.85,30389692.5,3885322186.125,27165835.32,3455222594.3508,272,2014,128,127.53848428656109
2014-07-01,2014-06-30,Prod. Sold Negotiated,9411,128.31,203.79,128.31,1917867.69,246081603.3039,2724086.0,344161025.24,272,2014,128,127.15392439511822
2014-07-02,2014-07-01,Prod. Sold Swine or Pork Market Formula,148498,128.45,213.14,128.45,31650863.72,4065553444.834,30389692.5,3885322186.125,273,2014,129,128.15609845219083
2014-07-02,2014-07-01,Prod. Sold Negotiated,5541,128.55,205.25,128.55,1137290.25,146198661.63750002,1917867.69,246081603.3039,273,2014,129,128.39934060541566
2014-07-03,2014-07-02,Prod. Sold Swine or Pork Market Formula,146506,128.88,214.82,128.88,31472418.92,4056165350.4096,31650863.72,4065553444.834,274,2014,130,128.66439221107655
2014-07-03,2014-07-02,Prod. Sold Negotiated,6598,128.37,201.05,128.37,1326527.9,170286386.52300003,1137290.25,146198661.63750002,274,2014,130,128.45308740034244
2014-07-07,2014-07-03,Prod. Sold Swine or Pork Market Formula,144888,129.66,215.64,129.66,31243648.32,4051051441.1711993,31472418.92,4056165350.4096,281,2014,131,129.26857738952828
2014-07-07,2014-07-03,Prod. Sold Negotiated,8004,129.3,200.44,129.3,1604321.76,207438803.568,1326527.9,170286386.52300003,281,2014,131,128.87907395802762
2014-07-08,2014-07-07,Prod. Sold Negotiated,11090,129.43,207.64,129.43,2302727.6,298042033.26799995,1604321.76,207438803.568,282,2014,132,129.37661909549053
2014-07-08,2014-07-07,Prod. Sold Swine or Pork Market Formula,132361,130.64,211.99,130.64,28059208.39,3665654984.0696,31243648.32,4051051441.1711993,282,2014,132,130.12368802023602
2014-07-09,2014-07-08,Prod. Sold Swine or Pork Market Formula,143121,131.28,214.38,131.28,30682279.98,4027969715.7744,28059208.39,3665654984.0696,283,2014,133,130.9742894388973
2014-07-09,2014-07-08,Prod. Sold Negotiated,9848,131.32,204.94,131.32,2018249.12,265036474.4384,2302727.6,298042033.26799995,283,2014,133,130.3127843989865
2014-07-10,2014-07-09,Prod. Sold Swine or Pork Market Formula,132628,132.08,214.05,132.08,28389023.4,3749622210.672001,30682279.98,4027969715.7744,284,2014,134,131.66447126473412
2014-07-10,2014-07-09,Prod. Sold Negotiated,7275,130.84,214.42,130.84,1559905.5,204098035.62,2018249.12,265036474.4384,284,2014,134,131.11074279355765
2014-07-11,2014-07-10,Prod. Sold Negotiated,13023,132.55,205.96,132.55,2682217.08,355527873.95400006,1559905.5,204098035.62,285,2014,135,131.92120195027465
2014-07-11,2014-07-10,Prod. Sold Swine or Pork Market Formula,141874,132.73,215.55,132.73,30580940.700000003,4059008259.111,28389023.4,3749622210.672001,285,2014,135,132.41708027058135
2014-07-14,2014-07-11,Prod. Sold Negotiated,8404,133.75,202.81,133.75,1704415.24,227965538.35,2682217.08,355527873.95400006,291,2014,136,133.01625705981212
2014-07-14,2014-07-11,Prod. Sold Swine or Pork Market Formula,116059,132.79,215.81,132.79,25046692.79,3325950335.5841,30580940.700000003,4059008259.111,291,2014,136,132.7570153783851
2014-07-15,2014-07-14,Prod. Sold Negotiated,9198,133.08,208.27,133.08,1915667.46,254937025.57680005,1704415.24,227965538.35,292,2014,137,133.39545086271096
2014-07-15,2014-07-14,Prod. Sold Swine or Pork Market Formula,135006,133.86,213.66,133.86,28845381.96,3861242829.1656,25046692.79,3325950335.5841,292,2014,137,133.3627105300803
2014-07-16,2014-07-15,Prod. Sold Negotiated,10705,134.07,204.05,134.07,2184355.25,292856508.3675,1915667.46,254937025.57680005,293,2014,138,133.6074389559418
2014-07-16,2014-07-15,Prod. Sold Swine or Pork Market Formula,152742,134.2,213.7,134.2,32640965.4,4380417556.68,28845381.96,3861242829.1656,293,2014,138,134.04049418631135
2014-07-17,2014-07-16,Prod. Sold Negotiated,7932,133.51,214.68,133.51,1702841.76,227346403.3776,2184355.25,292856508.3675,294,2014,139,133.8246840607392
2014-07-17,2014-07-16,Prod. Sold Swine or Pork Market Formula,147244,134.19,214.16,134.19,31533775.04,4231517272.6176,32640965.4,4380417556.68,294,2014,139,134.19508626371936
2014-07-18,2014-07-17,Prod. Sold Negotiated,13184,133.29,207.04,133.29,2729615.36,363830431.3344,1702841.76,227346403.3776,295,2014,140,133.37451862636402
2014-07-18,2014-07-17,Prod. Sold Swine or Pork Market Formula,147015,133.42,214.03,133.42,31465620.45,4198143080.439,31533775.04,4231517272.6176,295,2014,140,133.80541650426875
2014-07-21,2014-07-18,Prod. Sold Negotiated,8507,131.55,208.0,131.55,1769456.0,232771936.8,2729615.36,363830431.3344,301,2014,141,132.60566912510583
2014-07-21,2014-07-18,Prod. Sold Swine or Pork Market Formula,106825,132.92,215.25,132.92,22994081.25,3056373279.7499995,31465620.45,4198143080.439,301,2014,141,133.2088890268196
2014-07-22,2014-07-21,Prod. Sold Negotiated,10819,132.67,208.21,132.67,2252623.99,298855624.7533,1769456.0,232771936.8,302,2014,142,132.17727217635473
2014-07-22,2014-07-21,Prod. Sold Swine or Pork Market Formula,127758,132.34,212.04,132.34,27089806.32,3585064968.3888,22994081.25,3056373279.7499995,302,2014,142,132.6062845831678
2014-07-23,2014-07-22,Prod. Sold Swine or Pork Market Formula,141662,131.72,212.14,131.72,30052176.68,3958472712.2896,27089806.32,3585064968.3888,303,2014,143,132.01392889494926
2014-07-23,2014-07-22,Prod. Sold Negotiated,9695,132.03,205.89,132.03,1996103.55,263545551.7065,2252623.99,298855624.7533,303,2014,143,132.36932026472095
2014-07-24,2014-07-23,Prod. Sold Swine or Pork Market Formula,145256,130.67,213.42,130.67,31000535.52,4050839976.3984,30052176.68,3958472712.2896,304,2014,144,131.1868449422956
2014-07-24,2014-07-23,Prod. Sold Negotiated,7502,130.34,215.82,130.34,1619081.64,211031100.9576,1996103.55,263545551.7065,304,2014,144,131.27312370520636
2014-07-25,2014-07-24,Prod. Sold Swine or Pork Market Formula,147757,130.01,214.66,130.01,31717517.62,4123594465.7762,31000535.52,4050839976.3984,305,2014,145,130.33622749621273
2014-07-25,2014-07-24,Prod. Sold Negotiated,11353,130.26,206.16,130.26,2340534.48,304878021.3648,1619081.64,211031100.9576,305,2014,145,130.2927118910709
2014-07-28,2014-07-25,Prod. Sold Negotiated,10066,130.21,206.99,130.21,2083561.34,271300522.08140004,2340534.48,304878021.3648,311,2014,146,130.23645212236835
2014-07-28,2014-07-25,Prod. Sold Swine or Pork Market Formula,115957,129.36,214.85,129.36,24913361.45,3222792437.1720004,31717517.62,4123594465.7762,311,2014,146,129.72404849777303
2014-07-29,2014-07-28,Prod. Sold Negotiated,12549,127.31,202.77,127.31,2544560.73,323948026.5363,2083561.34,271300522.08140004,312,2014,147,128.61556795923062
2014-07-29,2014-07-28,Prod. Sold Swine or Pork Market Formula,138483,128.57,213.3,128.57,29538423.9,3797755160.823,24913361.45,3222792437.1720004,312,2014,147,128.93144922373057
2014-07-30,2014-07-29,Prod. Sold Swine or Pork Market Formula,145929,127.32,213.2,127.32,31112062.8,3961187835.696,29538423.9,3797755160.823,313,2014,148,127.92878373586076
2014-07-30,2014-07-29,Prod. Sold Negotiated,9780,127.95,200.01,127.95,1956097.8,250282713.51,2544560.73,323948026.5363,313,2014,148,127.5881598700846
2014-07-31,2014-07-30,Prod. Sold Swine or Pork Market Formula,147312,126.3,213.86,126.3,31504144.32,3978973427.616,31112062.8,3961187835.696,314,2014,149,126.80680655241837
2014-07-31,2014-07-30,Prod. Sold Negotiated,5004,126.13,205.38,126.13,1027721.52,129626515.3176,1956097.8,250282713.51,314,2014,149,127.3231345749179
2014-08-01,2014-07-31,Prod. Sold Negotiated,9967,125.76,203.07,125.76,2023998.69,254538075.2544,1027721.52,129626515.3176,315,2014,150,125.88460413675998
2014-08-01,2014-07-31,Prod. Sold Swine or Pork Market Formula,148239,125.33,214.55,125.33,31804677.450000003,3986080224.8085,31504144.32,3978973427.616,315,2014,150,125.81269765786227
2014-08-04,2014-08-01,Prod. Sold Negotiated,6545,126.31,199.71,126.31,1307101.95,165100047.30449998,2023998.69,254538075.2544,321,2014,151,125.97581637728604
2014-08-04,2014-08-01,Prod. Sold Swine or Pork Market Formula,92655,124.63,217.28,124.63,20132078.4,2509060930.992,31804677.450000003,3986080224.8085,321,2014,151,125.05866124097736
2014-08-05,2014-08-04,Prod. Sold Swine or Pork Market Formula,112171,124.1,213.56,124.1,23955238.76,2972845130.116,20132078.4,2509060930.992,322,2014,152,124.34201975169589
2014-08-05,2014-08-04,Prod. Sold Negotiated,8060,122.12,198.51,122.12,1599990.6,195390852.072,1307101.95,165100047.30449998,322,2014,152,124.00392941617908
2014-08-06,2014-08-05,Prod. Sold Negotiated,7980,122.29,195.77,122.29000000000002,1562244.6,191046892.13400003,1599990.6,195390852.072,323,2014,153,122.20398539805008
2014-08-06,2014-08-05,Prod. Sold Swine or Pork Market Formula,148990,122.94,213.46,122.94,31803405.4,3909910659.876,23955238.76,2972845130.116,323,2014,153,123.43836356999395
2014-08-07,2014-08-06,Prod. Sold Negotiated,3385,119.37,210.5,119.37000000000002,712542.5,85056198.22500001,1562244.6,191046892.13400003,324,2014,154,121.37535436129386
2014-08-07,2014-08-06,Prod. Sold Swine or Pork Market Formula,154020,121.58,215.01,121.58,33115840.2,4026223851.516,31803405.4,3909910659.876,324,2014,154,122.24625283372056
2014-08-08,2014-08-07,Prod. Sold Swine or Pork Market Formula,151322,120.48,215.29,120.48,32578113.38,3925011100.0224,33115840.2,4026223851.516,325,2014,155,121.03450193259629
2014-08-08,2014-08-07,Prod. Sold Negotiated,10913,120.33,203.92,120.33,2225378.96,267779850.2568,712542.5,85056198.22500001,325,2014,155,120.09716845248818
2014-08-11,2014-08-08,Prod. Sold Swine or Pork Market Formula,143941,119.29,215.28,119.29,30987618.48,3696513008.4792,32578113.38,3925011100.0224,331,2014,156,119.89988765153502
2014-08-11,2014-08-08,Prod. Sold Negotiated,11895,119.7,206.59,119.7,2457388.05,294149349.585,2225378.96,267779850.2568,331,2014,156,119.99939323092651
2014-08-12,2014-08-11,Prod. Sold Swine or Pork Market Formula,156852,118.48,212.88,118.48,33390653.76,3956124657.4848,30987618.48,3696513008.4792,332,2014,157,118.8698826435607
2014-08-12,2014-08-11,Prod. Sold Negotiated,7271,116.86,204.11,116.86,1484083.81,173430034.0366,2457388.05,294149349.585,332,2014,157,118.63065378363504
2014-08-13,2014-08-12,Prod. Sold Swine or Pork Market Formula,162096,117.45,212.55,117.45,34453504.800000004,4046564138.7600007,33390653.76,3956124657.4848,333,2014,158,117.9569319762052
2014-08-13,2014-08-12,Prod. Sold Negotiated,7961,115.55,201.14,115.55,1601275.5399999998,185027388.647,1484083.81,173430034.0366,333,2014,158,116.18012102337448
2014-08-14,2014-08-13,Prod. Sold Swine or Pork Market Formula,156576,115.47,214.3,115.47,33554236.8,3874507723.296,34453504.800000004,4046564138.7600007,334,2014,159,116.47309079376927
2014-08-14,2014-08-13,Prod. Sold Negotiated,4179,113.79,214.95,113.79,898276.0499999998,102214831.7295,1601275.5399999998,185027388.647,334,2014,159,114.91750021310824
2014-08-15,2014-08-14,Prod. Sold Negotiated,8650,113.55,200.28,113.55,1732422.0,196716518.1,898276.0499999998,102214831.7295,335,2014,160,113.63195020785452
2014-08-15,2014-08-14,Prod. Sold Swine or Pork Market Formula,164543,114.05,214.75,114.05,35335609.25,4030026234.9625,33554236.8,3874507723.296,335,2014,160,114.74164062612968
2014-08-18,2014-08-15,Prod. Sold Swine or Pork Market Formula,157252,112.01,215.52,112.01,33890951.04,3796125425.9904,35335609.25,4030026234.9625,341,2014,161,113.05128592505577
2014-08-18,2014-08-15,Prod. Sold Negotiated,10729,112.13,205.47,112.13,2204487.63,247189197.9519,1732422.0,196716518.1,341,2014,161,112.75486555984268
2014-08-19,2014-08-18,Prod. Sold Negotiated,8183,109.54,202.44,109.54,1656566.52,181460296.6008,2204487.63,247189197.9519,342,2014,162,111.01877308628266
2014-08-19,2014-08-18,Prod. Sold Swine or Pork Market Formula,155070,110.28,212.2,110.28,32905854.0,3628857579.12,33890951.04,3796125425.9904,342,2014,162,111.15775673198874
2014-08-20,2014-08-19,Prod. Sold Negotiated,8007,107.76,210.48,107.76,1685313.36,181609367.6736,1656566.52,181460296.6008,343,2014,163,108.642344222857
2014-08-20,2014-08-19,Prod. Sold Swine or Pork Market Formula,163742,108.34,212.71,108.34,34829560.82,3773434619.2388,32905854.0,3628857579.12,343,2014,163,109.28245169871096
2014-08-21,2014-08-20,Prod. Sold Negotiated,5727,106.14,212.76,106.14,1218476.52,129329097.8328,1685313.36,181609367.6736,344,2014,164,107.08022217723274
2014-08-21,2014-08-20,Prod. Sold Swine or Pork Market Formula,159792,106.03,213.26,106.03,34077241.92,3613209960.7776,34829560.82,3773434619.2388,344,2014,164,107.19761019659812
2014-08-22,2014-08-21,Prod. Sold Negotiated,9398,105.3,200.96,105.29999999999998,1888622.08,198871905.024,1218476.52,129329097.8328,345,2014,165,105.62941351677732
2014-08-22,2014-08-21,Prod. Sold Swine or Pork Market Formula,158844,103.9,214.84,103.9,34126044.96,3545696071.3440003,34077241.92,3613209960.7776,345,2014,165,104.9642379364694
2014-08-25,2014-08-22,Prod. Sold Negotiated,16150,104.56,209.36,104.56000000000002,3381164.0,353534507.84000003,1888622.08,198871905.024,351,2014,166,104.82520627554584
2014-08-25,2014-08-22,Prod. Sold Swine or Pork Market Formula,155779,102.49,213.92,102.49,33324243.68,3415401734.7632,34126044.96,3545696071.3440003,351,2014,166,103.20338054089608
2014-08-26,2014-08-25,Prod. Sold Negotiated,10109,98.74,202.88,98.74,2050913.92,202507240.4608,3381164.0,353534507.84000003,352,2014,167,102.36262374910854
2014-08-26,2014-08-25,Prod. Sold Swine or Pork Market Formula,158626,101.26,211.02,101.26,33473258.520000003,3389502157.7352004,33324243.68,3415401734.7632,352,2014,167,101.87362803063614
2014-08-27,2014-08-26,Prod. Sold Negotiated,8067,98.58,202.0,98.58,1629534.0,160639461.72,2050913.92,202507240.4608,353,2014,168,98.66915931819517
2014-08-27,2014-08-26,Prod. Sold Swine or Pork Market Formula,157566,99.6,212.16,99.6,33429202.56,3329548574.976,33473258.520000003,3389502157.7352004,353,2014,168,100.43054656355253
2014-08-28,2014-08-27,Prod. Sold Negotiated,7248,98.24,208.56,98.23999999999998,1511642.88,148503796.5312,1629534.0,160639461.72,354,2014,169,98.4163802489212
2014-08-28,2014-08-27,Prod. Sold Swine or Pork Market Formula,171529,98.22,212.69,98.22,36482503.01,3583311445.6421995,33429202.56,3329548574.976,354,2014,169,98.87986517074182
2014-08-29,2014-08-28,Prod. Sold Swine or Pork Market Formula,163666,96.88,212.12,96.88,34716831.92,3363366676.4096,36482503.01,3583311445.6421995,355,2014,170,97.56661531854844
2014-08-29,2014-08-28,Prod. Sold Negotiated,10551,96.97,199.03,96.97,2099965.53,203633657.4441,1511642.88,148503796.5312,355,2014,170,97.50155996986948
2014-09-02,2014-08-29,Prod. Sold Negotiated,9569,95.39,205.14,95.39,1962984.66,187249106.7174,2099965.53,203633657.4441,362,2014,171,96.20663455918468
2014-09-02,2014-08-29,Prod. Sold Swine or Pork Market Formula,149932,96.01,212.87,96.01,31916024.84,3064257544.8884,34716831.92,3363366676.4096,362,2014,171,96.46328453917543
2014-09-03,2014-09-02,Prod. Sold Negotiated,8494,93.29,199.26,93.29,1692514.44,157894672.1076,1962984.66,187249106.7174,363,2014,172,94.41768945449884
2014-09-03,2014-09-02,Prod. Sold Swine or Pork Market Formula,150926,95.48,211.64,95.48,31941978.64,3049820120.5472,31916024.84,3064257544.8884,363,2014,172,95.74489229608467
2014-09-04,2014-09-03,Prod. Sold Swine or Pork Market Formula,165835,95.59,212.37,95.59,35218378.95,3366524843.8305006,31941978.64,3049820120.5472,364,2014,173,95.53768316047616
2014-09-04,2014-09-03,Prod. Sold Negotiated,6543,93.97,197.52,93.97,1292373.36,121444324.6392,1692514.44,157894672.1076,364,2014,173,93.58442107834003
2014-09-05,2014-09-04,Prod. Sold Swine or Pork Market Formula,160481,96.16,213.26,96.16,34224178.059999995,3290996962.2495995,35218378.95,3366524843.8305006,365,2014,174,95.87091968864844
2014-09-05,2014-09-04,Prod. Sold Negotiated,9539,94.37,200.67,94.37,1914191.13,180642216.9381,1292373.36,121444324.6392,365,2014,174,94.20878404890587
2014-09-08,2014-09-05,Prod. Sold Swine or Pork Market Formula,223043,97.46,214.71,97.46,47889562.53,4667316764.1738,34224178.059999995,3290996962.2495995,371,2014,175,96.91817312476178
2014-09-08,2014-09-05,Prod. Sold Negotiated,14154,94.71,210.0,94.71,2972340.0,281510321.4,1914191.13,180642216.9381,371,2014,175,94.57681247558122
2014-09-09,2014-09-08,Prod. Sold Swine or Pork Market Formula,154192,98.54,212.9,98.54,32827476.8,3234819563.872,47889562.53,4667316764.1738,372,2014,176,97.8992340853714
2014-09-09,2014-09-08,Prod. Sold Negotiated,8518,98.23,200.0,98.23,1703600.0,167344628.0,2972340.0,281510321.4,372,2014,176,95.99245272608287
2014-09-10,2014-09-09,Prod. Sold Swine or Pork Market Formula,164734,99.52,212.83,99.52,35060337.22,3489204760.1344,32827476.8,3234819563.872,373,2014,177,99.04611631809912
2014-09-10,2014-09-09,Prod. Sold Negotiated,8604,98.87,200.98,98.87000000000002,1729231.92,170969159.9304,1703600.0,167344628.0,373,2014,177,98.55238934343164
2014-09-11,2014-09-10,Prod. Sold Negotiated,8651,99.62,201.16,99.62,1740235.16,173362226.6392,1729231.92,170969159.9304,374,2014,178,99.24618929360179
2014-09-11,2014-09-10,Prod. Sold Swine or Pork Market Formula,164488,100.97,213.31,100.97,35086935.28,3542727855.2216,35060337.22,3489204760.1344,374,2014,178,100.24527490154377
2014-09-12,2014-09-11,Prod. Sold Negotiated,9109,99.89,201.81,99.89,1838287.29,183626517.3981,1740235.16,173362226.6392,375,2014,179,99.758699023196
2014-09-12,2014-09-11,Prod. Sold Swine or Pork Market Formula,162963,101.88,213.1,101.88,34727415.3,3538029070.7639995,35086935.28,3542727855.2216,375,2014,179,101.4226569059292
2014-09-15,2014-09-12,Prod. Sold Swine or Pork Market Formula,157641,102.88,214.65,102.88,33837640.65,3481216470.0719995,34727415.3,3538029070.7639995,381,2014,180,102.37351145683706
2014-09-15,2014-09-12,Prod. Sold Negotiated,9188,100.42,206.1,100.42,1893646.8,190160011.656,1838287.29,183626517.3981,381,2014,180,100.15893100997934
2014-09-16,2014-09-15,Prod. Sold Swine or Pork Market Formula,150055,103.83,212.26,103.83,31850674.3,3307055512.569,33837640.65,3481216470.0719995,382,2014,181,103.34063201054909
2014-09-16,2014-09-15,Prod. Sold Negotiated,9749,101.95,204.15,101.95,1990258.35,202906838.78250003,1893646.8,190160011.656,382,2014,181,101.20402925867025
2014-09-17,2014-09-16,Prod. Sold Swine or Pork Market Formula,155603,104.69,212.08,104.69,33000284.24,3454799757.0856004,31850674.3,3307055512.569,383,2014,182,104.26762259009472
2014-09-17,2014-09-16,Prod. Sold Negotiated,11492,102.88,207.14,102.88,2380452.88,244900992.2944,1990258.35,202906838.78250003,383,2014,182,102.45651279892492
2014-09-18,2014-09-17,Prod. Sold Swine or Pork Market Formula,156791,104.98,213.4,104.98,33459199.4,3512546753.012001,33000284.24,3454799757.0856004,384,2014,183,104.83600125210964
2014-09-18,2014-09-17,Prod. Sold Negotiated,10239,103.97,203.59,103.97,2084558.01,216731496.2997,2380452.88,244900992.2944,384,2014,183,103.38888302108934
2014-09-19,2014-09-18,Prod. Sold Swine or Pork Market Formula,156308,105.43,214.19,105.43,33479610.52,3529755337.1236,33459199.4,3512546753.012001,385,2014,184,105.20506860746414
2014-09-19,2014-09-18,Prod. Sold Negotiated,12679,104.28,201.8,104.28,2558622.2,266813123.01600003,2084558.01,216731496.2997,385,2014,184,104.14082534946454
2014-09-22,2014-09-19,Prod. Sold Swine or Pork Market Formula,148503,105.47,214.15,105.47,31801917.45,3354148233.4515,33479610.52,3529755337.1236,391,2014,185,105.44948601292826
2014-09-22,2014-09-19,Prod. Sold Negotiated,13887,102.96,209.14,102.96,2904327.18,299029526.4528,2558622.2,266813123.01600003,391,2014,185,103.57823404704511
2014-09-23,2014-09-22,Prod. Sold Swine or Pork Market Formula,151919,106.39,213.63,106.39,32454455.97,3452829570.6483,31801917.45,3354148233.4515,392,2014,186,105.9346714077254
2014-09-23,2014-09-22,Prod. Sold Negotiated,9288,105.2,206.28,105.2,1915928.64,201555692.928,2904327.18,299029526.4528,392,2014,186,103.850342818693
2014-09-24,2014-09-23,Prod. Sold Negotiated,11020,105.69,202.68,105.69,2233533.6,236062166.184,1915928.64,201555692.928,393,2014,187,105.46375260231312
2014-09-24,2014-09-23,Prod. Sold Swine or Pork Market Formula,158966,106.81,213.42,106.81,33926523.72,3623691998.5332,32454455.97,3452829570.6483,393,2014,187,106.60465696994748
2014-09-25,2014-09-24,Prod. Sold Swine or Pork Market Formula,161647,107.49,213.69,107.49,34542347.43,3712956925.2507,33926523.72,3623691998.5332,394,2014,188,107.15305803291164
2014-09-25,2014-09-24,Prod. Sold Negotiated,8370,105.79,202.03,105.79,1690991.1,178889948.469,2233533.6,236062166.184,394,2014,188,105.73308779353586
2014-09-26,2014-09-25,Prod. Sold Negotiated,12172,106.47,205.11,106.47,2496598.9200000004,265812887.01240003,1690991.1,178889948.469,395,2014,189,106.1954091392643
2014-09-26,2014-09-25,Prod. Sold Swine or Pork Market Formula,158949,107.98,214.39,107.98,34077076.11,3679642678.3578,34542347.43,3712956925.2507,395,2014,189,107.7333387870734
2014-09-29,2014-09-26,Prod. Sold Negotiated,14024,105.65,211.95,105.65,2972386.8,314032665.42,2496598.9200000004,265812887.01240003,401,2014,190,106.02433104038164
2014-09-29,2014-09-26,Prod. Sold Swine or Pork Market Formula,159212,108.98,214.44,108.98,34141421.28,3720732091.0944,34077076.11,3679642678.3578,401,2014,190,108.4804716108714
2014-09-30,2014-09-29,Prod. Sold Negotiated,10205,106.36,207.28,106.36,2115292.4,224982499.664,2972386.8,314032665.42,402,2014,191,105.94519502801988
2014-09-30,2014-09-29,Prod. Sold Swine or Pork Market Formula,146295,109.43,213.41,109.43,31220815.95,3416493889.4085,34141421.28,3720732091.0944,402,2014,191,109.19494624071793
2014-10-01,2014-09-30,Prod. Sold Negotiated,9250,108.03,199.31,108.03,1843617.5,199165998.525,2115292.4,224982499.664,403,2014,192,107.13769924114716
2014-10-01,2014-09-30,Prod. Sold Swine or Pork Market Formula,162494,109.73,213.35,109.73,34668094.9,3804130053.377,31220815.95,3416493889.4085,403,2014,192,109.5878479342856
2014-10-02,2014-10-01,Prod. Sold Negotiated,9940,107.03,200.9,107.03,1996946.0,213733130.38,1843617.5,199165998.525,404,2014,193,107.51003828084082
2014-10-02,2014-10-01,Prod. Sold Swine or Pork Market Formula,154763,109.98,215.04,109.98,33280235.52,3660160302.4896,34668094.9,3804130053.377,404,2014,193,109.85244684790004
2014-10-03,2014-10-02,Prod. Sold Negotiated,12042,108.26,201.55,108.26,2427065.1,262754067.726,1996946.0,213733130.38,405,2014,194,107.7047926272156
2014-10-03,2014-10-02,Prod. Sold Swine or Pork Market Formula,159233,109.64,215.48,109.64,34311526.84,3761915802.7376,33280235.52,3660160302.4896,405,2014,194,109.80740619983445
2014-10-06,2014-10-03,Prod. Sold Negotiated,16178,107.67,208.6,107.67,3374730.8,363357265.236,2427065.1,262754067.726,411,2014,195,107.91681468181255
2014-10-06,2014-10-03,Prod. Sold Swine or Pork Market Formula,164787,109.7,216.0,109.7,35593992.0,3904660922.4,34311526.84,3761915802.7376,411,2014,195,109.67055037077812
2014-10-07,2014-10-06,Prod. Sold Negotiated,8901,108.84,204.56,108.84,1820788.56,198174626.8704,3374730.8,363357265.236,412,2014,196,108.08003073371285
2014-10-07,2014-10-06,Prod. Sold Swine or Pork Market Formula,164835,110.38,214.54,110.38,35363700.9,3903445305.342,35593992.0,3904660922.4,412,2014,196,110.03889654002546
2014-10-08,2014-10-07,Prod. Sold Swine or Pork Market Formula,165135,110.71,214.87,110.71,35482557.45,3928273935.2895,35363700.9,3903445305.342,413,2014,197,110.54527681533516
2014-10-08,2014-10-07,Prod. Sold Negotiated,11300,109.06,204.86,109.06,2314918.0,252464957.08,1820788.56,198174626.8704,413,2014,197,108.96314267286894
2014-10-09,2014-10-08,Prod. Sold Swine or Pork Market Formula,163953,110.68,214.28,110.68,35131848.84,3888393029.611201,35482557.45,3928273935.2895,414,2014,198,110.69507449795908
2014-10-09,2014-10-08,Prod. Sold Negotiated,7984,108.68,201.48,108.68,1608616.3199999998,174824421.6576,2314918.0,252464957.08,414,2014,198,108.9042031720013
2014-10-10,2014-10-09,Prod. Sold Negotiated,12642,108.42,204.79,108.42,2588955.18,280694520.6156,1608616.3199999998,174824421.6576,415,2014,199,108.5196386227608
2014-10-10,2014-10-09,Prod. Sold Swine or Pork Market Formula,163821,110.27,215.46,110.27,35296872.660000004,3892186148.2182,35131848.84,3888393029.611201,415,2014,199,110.4745196578558
2014-10-13,2014-10-10,Prod. Sold Swine or Pork Market Formula,179747,109.86,216.0,109.86,38825352.0,4265353170.72,35296872.660000004,3892186148.2182,421,2014,200,110.05524127691773
2014-10-13,2014-10-10,Prod. Sold Negotiated,16290,108.03,209.54,108.03,3413406.6,368750314.998,2588955.18,280694520.6156,421,2014,200,108.19821587188636
2014-10-14,2014-10-13,Prod. Sold Swine or Pork Market Formula,158954,109.75,214.66,109.75,34121065.64,3744786953.99,38825352.0,4265353170.72,422,2014,201,109.80854692880295
2014-10-14,2014-10-13,Prod. Sold Negotiated,9768,108.68,205.35,108.68000000000002,2005858.8,217996734.38400003,3413406.6,368750314.998,422,2014,201,108.270587630198
2014-10-15,2014-10-14,Prod. Sold Swine or Pork Market Formula,170477,109.42,215.31,109.42,36705402.87,4016305182.0354,34121065.64,3744786953.99,423,2014,202,109.57897943096812
2014-10-15,2014-10-14,Prod. Sold Negotiated,9118,109.12,198.92,109.12,1813752.56,197916679.3472,2005858.8,217996734.38400003,423,2014,202,108.88893516412622
2014-10-16,2014-10-15,Prod. Sold Negotiated,8385,107.66,202.12,107.66,1694776.2,182459605.692,1813752.56,197916679.3472,424,2014,203,108.41475474728614
2014-10-16,2014-10-15,Prod. Sold Swine or Pork Market Formula,164472,108.83,215.66,108.83,35470031.52,3860203530.3216,36705402.87,4016305182.0354,424,2014,203,109.1300492879098
2014-10-17,2014-10-16,Prod. Sold Swine or Pork Market Formula,168868,107.71,215.41,107.71,36375855.88,3918043436.8348,35470031.52,3860203530.3216,425,2014,204,108.26293958694149
2014-10-17,2014-10-16,Prod. Sold Negotiated,12804,107.12,206.8,107.12,2647867.2,283639534.46400005,1694776.2,182459605.692,425,2014,204,107.3307424127894
2014-10-20,2014-10-17,Prod. Sold Negotiated,16783,106.83,211.03,106.83,3541716.49,378361572.6267,2647867.2,283639534.46400005,431,2014,205,106.95406028037728
2014-10-20,2014-10-17,Prod. Sold Swine or Pork Market Formula,183283,105.89,216.37,105.89,39656942.71,4199273663.5619,36375855.88,3918043436.8348,431,2014,205,106.7607302496992
2014-10-21,2014-10-20,Prod. Sold Negotiated,12932,105.11,206.34,105.11,2668388.88,280474355.1768,3541716.49,378361572.6267,432,2014,206,106.09094186810876
2014-10-21,2014-10-20,Prod. Sold Swine or Pork Market Formula,168182,104.85,214.24,104.85,36031311.68,3777883029.648,39656942.71,4199273663.5619,432,2014,206,105.39490912428612
2014-10-22,2014-10-21,Prod. Sold Swine or Pork Market Formula,166860,103.4,214.46,103.4,35784795.6,3700147865.04,36031311.68,3777883029.648,433,2014,207,104.127488636112
2014-10-22,2014-10-21,Prod. Sold Negotiated,11162,104.33,205.71,104.33,2296135.02,239555766.6366,2668388.88,280474355.1768,433,2014,207,104.74924328864648
2014-10-23,2014-10-22,Prod. Sold Swine or Pork Market Formula,167244,101.25,215.57,101.25,36052789.08,3650344894.35,35784795.6,3700147865.04,434,2014,208,102.320989662065
2014-10-23,2014-10-22,Prod. Sold Negotiated,8529,103.0,200.15,103.0,1707079.35,175829173.05,2296135.02,239555766.6366,434,2014,208,103.76285187210696
2014-10-24,2014-10-23,Prod. Sold Negotiated,12762,100.84,207.26,100.84,2645052.12,266727055.7808,1707079.35,175829173.05,435,2014,209,101.68723805367948
2014-10-24,2014-10-23,Prod. Sold Swine or Pork Market Formula,165110,99.28,215.43,99.28,35569647.300000004,3531354583.9440007,36052789.08,3650344894.35,435,2014,209,100.27164449127054
2014-10-27,2014-10-24,Prod. Sold Negotiated,18164,101.08,209.46,101.08,3804631.44,384572145.9552,2645052.12,266727055.7808,441,2014,210,100.98157462720545
2014-10-27,2014-10-24,Prod. Sold Swine or Pork Market Formula,190487,97.24,216.99,97.24,41333774.13,4019296196.4012,35569647.300000004,3531354583.9440007,441,2014,210,98.18354814314792
2014-10-28,2014-10-27,Prod. Sold Negotiated,8459,96.0,202.18,96.0,1710240.62,164183099.52,3804631.44,384572145.9552,442,2014,211,99.5046194190768
2014-10-28,2014-10-27,Prod. Sold Swine or Pork Market Formula,162770,95.36,214.69,95.36,34945091.3,3332363906.368,41333774.13,4019296196.4012,442,2014,211,96.37872904016525
2014-10-29,2014-10-28,Prod. Sold Negotiated,7142,92.58,200.3,92.58,1430542.6,132439633.908,1710240.62,164183099.52,443,2014,212,94.4422816382724
2014-10-29,2014-10-28,Prod. Sold Swine or Pork Market Formula,178982,93.95,215.28,93.95,38531244.96,3620010463.992,34945091.3,3332363906.368,443,2014,212,94.62059112145504
2014-10-30,2014-10-29,Prod. Sold Negotiated,5950,91.66,190.58,91.66,1133951.0,103937948.66,1430542.6,132439633.908,444,2014,213,92.1732004197632
2014-10-30,2014-10-29,Prod. Sold Swine or Pork Market Formula,172323,92.13,216.16,92.13,37249339.68,3431781664.7184,38531244.96,3620010463.992,444,2014,213,93.05539357093035
2014-10-31,2014-10-30,Prod. Sold Negotiated,9357,91.1,202.82,91.1,1897786.74,172888372.014,1133951.0,103937948.66,445,2014,214,91.3094549774612
2014-10-31,2014-10-30,Prod. Sold Swine or Pork Market Formula,179482,90.67,216.19,90.67,38802213.58,3518196705.2986,37249339.68,3431781664.7184,445,2014,214,91.38509434852536
2014-11-03,2014-10-31,Prod. Sold Swine or Pork Market Formula,200023,89.41,217.94,89.41,43593012.62,3897651258.3542,38802213.58,3518196705.2986,451,2014,215,90.00336919583334
2014-11-03,2014-10-31,Prod. Sold Negotiated,13691,91.11,208.25,91.11,2851150.75,259768344.8325,1897786.74,172888372.014,451,2014,215,91.1060037655918
2014-11-04,2014-11-03,Prod. Sold Negotiated,10900,89.53,199.17,89.53,2170953.0,194365422.09,2851150.75,259768344.8325,452,2014,216,90.4269982320656
2014-11-04,2014-11-03,Prod. Sold Swine or Pork Market Formula,170391,88.96,214.45,88.96,36540349.95,3250629531.552,43593012.62,3897651258.3542,452,2014,216,89.20480260218535
2014-11-05,2014-11-04,Prod. Sold Swine or Pork Market Formula,170695,88.49,214.15,88.49,36554334.25,3234693037.7825,36540349.95,3250629531.552,453,2014,217,88.72495504036257
2014-11-05,2014-11-04,Prod. Sold Negotiated,9072,87.54,198.25,87.54,1798524.0,157442790.96,2170953.0,194365422.09,453,2014,217,88.62835407536056
2014-11-06,2014-11-05,Prod. Sold Swine or Pork Market Formula,180344,88.09,215.86,88.09,38929055.84,3429260528.9456005,36554334.25,3234693037.7825,454,2014,218,88.2837079625407
2014-11-06,2014-11-05,Prod. Sold Negotiated,7566,87.65,200.99,87.65,1520690.34,133288508.301,1798524.0,157442790.96,454,2014,218,87.59039624449201
2014-11-07,2014-11-06,Prod. Sold Swine or Pork Market Formula,170640,87.98,216.19,87.98,36890661.6,3245640407.5680003,38929055.84,3429260528.9456005,455,2014,219,88.03647866131644
2014-11-07,2014-11-06,Prod. Sold Negotiated,10022,87.39,203.86,87.39,2043084.92,178545191.1588,1520690.34,133288508.301,455,2014,219,87.50094400167086
2014-11-10,2014-11-07,Prod. Sold Swine or Pork Market Formula,199338,87.9,217.01,87.9,43258339.38,3802408031.502,36890661.6,3245640407.5680003,461,2014,220,87.9368220800249
2014-11-10,2014-11-07,Prod. Sold Negotiated,16055,87.8,208.76,87.8,3351641.8,294274150.04,2043084.92,178545191.1588,461,2014,220,87.64472525473914
2014-11-11,2014-11-10,Prod. Sold Negotiated,8741,86.49,213.41,86.49,1865416.81,161339899.8969,3351641.8,294274150.04,462,2014,221,87.33159506078465
2014-11-11,2014-11-10,Prod. Sold Swine or Pork Market Formula,147573,88.06,215.03,88.06,31732622.19,2794374710.0514,43258339.38,3802408031.502,462,2014,221,87.96770441989415
2014-11-12,2014-11-11,Prod. Sold Negotiated,7535,85.51,213.33,85.51,1607441.55,137452326.94050002,1865416.81,161339899.8969,463,2014,222,86.03639880015146
2014-11-12,2014-11-11,Prod. Sold Swine or Pork Market Formula,167144,88.12,214.24,88.12,35808930.56,3155482960.9472003,31732622.19,2794374710.0514,463,2014,222,88.09181057802378
2014-11-13,2014-11-12,Prod. Sold Negotiated,6661,86.49,214.65,86.49,1429783.65,123661987.8885,1607441.55,137452326.94050002,464,2014,223,85.9713381902007
2014-11-13,2014-11-12,Prod. Sold Swine or Pork Market Formula,171024,88.38,215.59,88.38,36871064.16,3258664650.4608,35808930.56,3155482960.9472003,464,2014,223,88.25189979881718
2014-11-14,2014-11-13,Prod. Sold Swine or Pork Market Formula,178170,88.24,215.86,88.24,38459776.2,3393690651.888,36871064.16,3258664650.4608,465,2014,224,88.30852371429458
2014-11-14,2014-11-13,Prod. Sold Negotiated,10689,87.43,202.28,87.43,2162170.92,189038603.5356,1429783.65,123661987.8885,465,2014,224,87.055831394911
2014-11-17,2014-11-14,Prod. Sold Swine or Pork Market Formula,231187,87.93,217.48,87.92999999999998,50278548.76,4420992792.4668,38459776.2,3393690651.888,471,2014,225,88.06435604770964
2014-11-17,2014-11-14,Prod. Sold Negotiated,17870,87.01,208.41,87.01,3724286.7,324050185.767,2162170.92,189038603.5356,471,2014,225,87.16427135384694
2014-11-18,2014-11-17,Prod. Sold Swine or Pork Market Formula,168655,88.55,214.18,88.55,36122527.9,3198649845.545,50278548.76,4420992792.4668,472,2014,226,88.189209354371
2014-11-18,2014-11-17,Prod. Sold Negotiated,10010,87.85,203.25,87.85,2034532.5,178733680.125,3724286.7,324050185.767,472,2014,226,87.30676349276605
2014-11-19,2014-11-18,Prod. Sold Swine or Pork Market Formula,165010,89.01,214.57,89.01,35406195.7,3151505479.257,36122527.9,3198649845.545,473,2014,227,88.77769663992719
2014-11-19,2014-11-18,Prod. Sold Negotiated,5692,88.67,196.9,88.67,1120754.8,99377328.116,2034532.5,178733680.125,473,2014,227,88.14126315565622
2014-11-20,2014-11-19,Prod. Sold Swine or Pork Market Formula,166259,88.97,215.03,88.97,35750672.77,3180737356.3469005,35406195.7,3151505479.257,474,2014,228,88.98990317812536
2014-11-20,2014-11-19,Prod. Sold Negotiated,7413,87.15,203.28,87.15,1506914.64,131327610.876,1120754.8,99377328.116,474,2014,228,87.79831111176601
2014-11-21,2014-11-20,Prod. Sold Swine or Pork Market Formula,167576,88.91,215.94,88.91,36186361.44,3217329395.6304,35750672.77,3180737356.3469005,475,2014,229,88.93981830415662
2014-11-21,2014-11-20,Prod. Sold Negotiated,6409,86.31,213.98,86.31,1371397.8199999998,118365345.8442,1506914.64,131327610.876,475,2014,229,86.74977445645357
2014-11-24,2014-11-21,Prod. Sold Swine or Pork Market Formula,200350,88.81,216.39,88.81,43353736.5,3850245338.565,36186361.44,3217329395.6304,481,2014,230,88.85549448941752
2014-11-24,2014-11-21,Prod. Sold Negotiated,9292,87.46,205.26,87.46,1907275.92,166810351.96319997,1371397.8199999998,118365345.8442,481,2014,230,86.97898004557172
2014-11-25,2014-11-24,Prod. Sold Swine or Pork Market Formula,162210,88.83,215.04,88.83,34881638.4,3098535939.072,43353736.5,3850245338.565,482,2014,231,88.81891710136101
2014-11-25,2014-11-24,Prod. Sold Negotiated,10651,86.95,209.63,86.95,2232769.13,194139275.8535,1907275.92,166810351.96319997,482,2014,231,87.18495172333934
2014-11-26,2014-11-25,Prod. Sold Swine or Pork Market Formula,166708,89.0,214.32,89.0,35728858.56,3179868411.84,34881638.4,3098535939.072,483,2014,232,88.91601987263509
2014-11-26,2014-11-25,Prod. Sold Negotiated,6208,88.67,196.97,88.67,1222789.76,108424768.0192,2232769.13,194139275.8535,483,2014,232,87.55864203277984
2014-11-28,2014-11-26,Prod. Sold Swine or Pork Market Formula,165113,88.62,215.71,88.62,35616525.230000004,3156336465.8826003,35728858.56,3179868411.84,485,2014,233,88.81029915506186
2014-11-28,2014-11-26,Prod. Sold Negotiated,6689,88.04,201.09,88.04,1345091.01,118421812.5204,1222789.76,108424768.0192,485,2014,233,88.33999739777639
2014-12-01,2014-11-28,Prod. Sold Swine or Pork Market Formula,279102,88.46,217.63,88.46,60740968.26,5373146052.279599,35616525.230000004,3156336465.8826003,491,2014,234,88.51914064210676
2014-12-01,2014-11-28,Prod. Sold Negotiated,20191,87.05,214.21,87.05,4325114.11,376501183.2755,1345091.01,118421812.5204,491,2014,234,87.28484866450475
2014-12-02,2014-12-01,Prod. Sold Swine or Pork Market Formula,166958,88.64,215.46,88.64,35972770.68,3188626393.0752,60740968.26,5373146052.279599,492,2014,235,88.52695117770617
2014-12-02,2014-12-01,Prod. Sold Negotiated,10946,87.62,202.21,87.62,2213390.66,193937289.6292,4325114.11,376501183.2755,492,2014,235,87.24295430998056
2014-12-03,2014-12-02,Prod. Sold Swine or Pork Market Formula,152941,88.74,215.2,88.74,32912903.2,2920691029.968,35972770.68,3188626393.0752,493,2014,236,88.68777902479017
2014-12-03,2014-12-02,Prod. Sold Negotiated,7361,87.75,195.78,87.75,1441136.58,126459734.895,2213390.66,193937289.6292,493,2014,236,87.67126456668579
2014-12-04,2014-12-03,Prod. Sold Swine or Pork Market Formula,157084,88.76,215.78,88.76,33895585.52,3008572170.7552004,32912903.2,2920691029.968,494,2014,237,88.7501470894401
2014-12-04,2014-12-03,Prod. Sold Negotiated,8749,88.36,203.05,88.36,1776484.4500000002,156970166.002,1441136.58,126459734.895,494,2014,237,88.08678780204269
2014-12-05,2014-12-04,Prod. Sold Negotiated,8034,87.87,206.6,87.87,1659824.4,145848770.028,1776484.4500000002,156970166.002,495,2014,238,88.12331756209862
2014-12-05,2014-12-04,Prod. Sold Swine or Pork Market Formula,155185,88.31,216.38,88.31,33578930.3,2965355334.793,33895585.52,3008572170.7552004,495,2014,238,88.53605591605417
2014-12-08,2014-12-05,Prod. Sold Negotiated,16364,87.15,213.57,87.15,3494859.48,304577003.68200004,1659824.4,145848770.028,501,2014,239,87.381842261489
2014-12-08,2014-12-05,Prod. Sold Swine or Pork Market Formula,187013,88.4,217.36,88.4,40649145.68,3593384478.112,33578930.3,2965355334.793,501,2014,239,88.35928624463048
2014-12-09,2014-12-08,Prod. Sold Negotiated,14439,86.72,204.92,86.72,2958839.88,256590594.3936,3494859.48,304577003.68200004,502,2014,240,86.95285707817665
2014-12-09,2014-12-08,Prod. Sold Swine or Pork Market Formula,159498,88.56,215.52,88.56,34375008.96,3044250793.4976,40649145.68,3593384478.112,502,2014,240,88.47330974217559
2014-12-10,2014-12-09,Prod. Sold Negotiated,9882,88.01,201.77,88.01,1993891.14,175482359.2314,2958839.88,256590594.3936,503,2014,241,87.23933358791612
2014-12-10,2014-12-09,Prod. Sold Swine or Pork Market Formula,162103,88.64,215.21,88.64,34886186.63,3092311582.8832,34375008.96,3044250793.4976,503,2014,241,88.6002952173526
2014-12-11,2014-12-10,Prod. Sold Negotiated,10768,87.03,203.51,87.03,2191395.68,190717166.0304,1993891.14,175482359.2314,504,2014,242,87.49687679990353
2014-12-11,2014-12-10,Prod. Sold Swine or Pork Market Formula,167358,88.35,215.6,88.35,36082384.8,3187878697.0799994,34886186.63,3092311582.8832,504,2014,242,88.49255597821464
2014-12-12,2014-12-11,Prod. Sold Negotiated,9806,86.47,202.82,86.47,1988852.92,171976111.9924,2191395.68,190717166.0304,505,2014,243,86.76356665074894
2014-12-12,2014-12-11,Prod. Sold Swine or Pork Market Formula,169870,87.9,216.09,87.9,36707208.3,3226563609.57,36082384.8,3187878697.0799994,505,2014,243,88.12306860731715
2014-12-15,2014-12-12,Prod. Sold Swine or Pork Market Formula,213398,86.99,216.24,86.99,46145183.52,4014169514.4048,36707208.3,3226563609.57,511,2014,244,87.39316952618064
2014-12-15,2014-12-12,Prod. Sold Negotiated,18521,85.8,213.23,85.8,3949232.83,338844176.81399995,1988852.92,171976111.9924,511,2014,244,86.02440421248545
2014-12-16,2014-12-15,Prod. Sold Negotiated,8514,84.13,195.59,84.13,1665253.26,140097756.7638,3949232.83,338844176.81399995,512,2014,245,85.30467898581969
2014-12-16,2014-12-15,Prod. Sold Swine or Pork Market Formula,170041,86.3,215.1,86.3,36575819.1,3156493188.33,46145183.52,4014169514.4048,512,2014,245,86.68491042927833
2014-12-17,2014-12-16,Prod. Sold Negotiated,6532,83.76,194.64,83.76,1271388.48,106491499.0848,1665253.26,140097756.7638,513,2014,246,83.9698123505525
2014-12-17,2014-12-16,Prod. Sold Swine or Pork Market Formula,162797,85.74,214.66,85.74,34946004.02,2996270384.6747994,36575819.1,3156493188.33,513,2014,246,86.02638054516076
2014-12-18,2014-12-17,Prod. Sold Negotiated,6471,83.38,194.51,83.38,1258674.21,104948255.6298,1271388.48,106491499.0848,514,2014,247,83.57095480294205
2014-12-18,2014-12-17,Prod. Sold Swine or Pork Market Formula,162644,84.67,215.26,84.67,35010747.44,2964359985.7448,34946004.02,2996270384.6747994,514,2014,247,85.20450486938033
2014-12-19,2014-12-18,Prod. Sold Negotiated,8291,82.14,199.3,82.14000000000001,1652396.3,135727832.08200002,1258674.21,104948255.6298,515,2014,248,82.6761450418458
2014-12-19,2014-12-18,Prod. Sold Swine or Pork Market Formula,167359,83.24,215.71,83.24,36101009.89,3005048063.2436,35010747.44,2964359985.7448,515,2014,248,83.94403785139028
2014-12-22,2014-12-19,Prod. Sold Swine or Pork Market Formula,214344,81.98,216.14,81.98,46328312.16,3797995030.8768,36101009.89,3005048063.2436,521,2014,249,82.53183363553333
2014-12-22,2014-12-19,Prod. Sold Negotiated,15349,82.83,210.04,82.83,3223903.96,267035965.0068,1652396.3,135727832.08200002,521,2014,249,82.59618473305416
2014-12-23,2014-12-22,Prod. Sold Swine or Pork Market Formula,165701,80.96,213.28,80.96,35340709.28,2861183823.3088,46328312.16,3797995030.8768,522,2014,250,81.5386144803745
2014-12-23,2014-12-22,Prod. Sold Negotiated,6618,79.18,196.56,79.18,1300834.08,103000042.45440002,3223903.96,267035965.0068,522,2014,250,81.780647672854
2014-12-24,2014-12-23,Prod. Sold Negotiated,6767,79.72,195.15,79.72,1320580.05,105276641.586,1300834.08,103000042.45440002,523,2014,251,79.45203379231043
2014-12-24,2014-12-23,Prod. Sold Swine or Pork Market Formula,126661,80.22,213.46,80.21999999999998,27037057.06,2168912717.3532,35340709.28,2861183823.3088,523,2014,251,80.63925394898966
2014-12-26,2014-12-25,Prod. Sold Swine or Pork Market Formula,77707,79.27,217.17,79.27,16875629.189999998,1337731125.8912995,16875629.189999998,1337731125.8912995,525,2014,252,79.27
2014-12-26,2014-12-24,Prod. Sold Swine or Pork Market Formula,77707,79.27,217.17,79.27,16875629.189999998,1337731125.8912995,27037057.06,2168912717.3532,525,2014,252,79.85491534908093
2014-12-26,2014-12-24,Prod. Sold Negotiated,5038,77.98,197.45,77.98,994753.1,77570846.738,1320580.05,105276641.586,525,2014,252,78.97243138595411
2014-12-26,2014-12-25,Prod. Sold Negotiated,5038,77.98,197.45,77.98,994753.1,77570846.738,994753.1,77570846.738,525,2014,252,77.98
2014-12-29,2014-12-26,Prod. Sold Negotiated,10135,77.19,206.22,77.19,2090039.7,161330164.443,994753.1,77570846.738,531,2014,253,77.44475129123745
2014-12-29,2014-12-26,Prod. Sold Swine or Pork Market Formula,264089,78.64,217.77,78.64,57510661.53,4522638422.7192,16875629.189999998,1337731125.8912995,531,2014,253,78.78292480895061
2014-12-30,2014-12-29,Prod. Sold Negotiated,8032,76.47,201.2,76.47,1616038.4,123578456.44799998,2090039.7,161330164.443,532,2014,254,76.87604340852934
2014-12-30,2014-12-29,Prod. Sold Swine or Pork Market Formula,177213,78.6,214.43,78.6,37999783.59,2986782990.1740003,57510661.53,4522638422.7192,532,2014,254,78.62408560088174
2014-12-31,2014-12-30,Prod. Sold Negotiated,8678,76.01,201.26,76.01,1746534.28,132754070.6228,1616038.4,123578456.44799998,533,2014,255,76.23107408069465
2014-12-31,2014-12-30,Prod. Sold Swine or Pork Market Formula,176502,78.13,215.57,78.13,38048536.14,2972732128.6182,37999783.59,2986782990.1740003,533,2014,255,78.36484934776611
2015-01-02,2014-12-31,Prod. Sold Swine or Pork Market Formula,147436,78.3,216.34,78.3,31896304.24,2497480621.992,38048536.14,2972732128.6182,15,2015,1,78.20752354128396
2015-01-02,2014-12-31,Prod. Sold Negotiated,6206,75.58,202.61,75.58,1257397.66,95034115.1428,1746534.28,132754070.6228,15,2015,1,75.83000890679301
2015-01-05,2015-01-02,Prod. Sold Swine or Pork Market Formula,295275,77.97,218.68,77.97,64570737.0,5034580363.89,31896304.24,2497480621.992,21,2015,2,78.07911271107622
2015-01-05,2015-01-02,Prod. Sold Negotiated,20324,74.79,213.97,74.79,4348726.28,325241238.48120004,1257397.66,95034115.1428,21,2015,2,74.9671891171211
2015-01-06,2015-01-05,Prod. Sold Negotiated,9675,76.39,207.42,76.39,2006788.5,153298573.515,4348726.28,325241238.48120004,22,2015,3,75.29520873778851
2015-01-06,2015-01-05,Prod. Sold Swine or Pork Market Formula,170298,77.91,216.59,77.91,36884843.82,2873698182.0162,64570737.0,5034580363.89,22,2015,3,77.9481866052975
2015-01-07,2015-01-06,Prod. Sold Negotiated,7327,76.65,199.32,76.65,1460417.64,111941012.106,2006788.5,153298573.515,23,2015,4,76.49951428068249
2015-01-07,2015-01-06,Prod. Sold Swine or Pork Market Formula,169683,77.64,217.61,77.64,36924717.63,2866835076.7932,36884843.82,2873698182.0162,23,2015,4,77.77492706955246
2015-01-08,2015-01-07,Prod. Sold Negotiated,7000,75.87,201.37,75.87,1409590.0,106945593.3,1460417.64,111941012.106,24,2015,5,76.26690687346044
2015-01-08,2015-01-07,Prod. Sold Swine or Pork Market Formula,160483,77.69,216.97,77.69,34819996.51,2705165528.8619,36924717.63,2866835076.7932,24,2015,5,77.66426659366294
2015-01-09,2015-01-08,Prod. Sold Negotiated,7315,75.43,204.43,75.43,1495405.45,112798433.0935,1409590.0,106945593.3,25,2015,6,75.64350105729082
2015-01-09,2015-01-08,Prod. Sold Swine or Pork Market Formula,169374,77.27,215.91,77.27,36569540.34,2825728382.0718,34819996.51,2705165528.8619,25,2015,6,77.47485352867506
2015-01-12,2015-01-09,Prod. Sold Swine or Pork Market Formula,219308,76.44,217.83,76.44,47771861.64,3651681103.7616,36569540.34,2825728382.0718,31,2015,7,76.79987922621203
2015-01-12,2015-01-09,Prod. Sold Negotiated,15536,75.12,214.96,75.12,3339618.56,250872146.22720003,1495405.45,112798433.0935,31,2015,7,75.2158786737235
2015-01-13,2015-01-12,Prod. Sold Negotiated,9759,75.33,206.62,75.33,2016404.58,151895757.0114,3339618.56,250872146.22720003,32,2015,8,75.19905958408536
2015-01-13,2015-01-12,Prod. Sold Swine or Pork Market Formula,176654,76.18,215.24,76.18,38023006.96,2896592670.2128005,47771861.64,3651681103.7616,32,2015,8,76.32477187539395
2015-01-14,2015-01-13,Prod. Sold Negotiated,8494,75.32,203.53,75.32,1728783.82,130211997.3224,2016404.58,151895757.0114,33,2015,9,75.32538398703785
2015-01-14,2015-01-13,Prod. Sold Swine or Pork Market Formula,181522,76.11,215.65,76.11,39145219.3,2979342640.9230003,38023006.96,2896592670.2128005,33,2015,9,76.14449101548912
2015-01-15,2015-01-14,Prod. Sold Negotiated,8330,74.17,204.99,74.17,1707566.7000000002,126650222.139,1728783.82,130211997.3224,34,2015,10,74.74855023270442
2015-01-15,2015-01-14,Prod. Sold Swine or Pork Market Formula,172404,75.96,215.59,75.96,37168578.36,2823325212.2256,39145219.3,2979342640.9230003,34,2015,10,76.03694261162524
2015-01-16,2015-01-15,Prod. Sold Negotiated,9493,73.97,206.29,73.97,1958310.97,144856262.4509,1707566.7000000002,126650222.139,35,2015,11,74.06316004808201
2015-01-16,2015-01-15,Prod. Sold Swine or Pork Market Formula,170627,75.34,216.42,75.34,36927095.34,2782087362.9156,37168578.36,2823325212.2256,35,2015,11,75.65101031183687
2015-01-19,2015-01-16,Prod. Sold Swine or Pork Market Formula,202450,75.05,217.58,75.05,44049071.0,3305882778.55,36927095.34,2782087362.9156,41,2015,12,75.18224703184434
2015-01-19,2015-01-16,Prod. Sold Negotiated,15496,73.2,212.12,73.2,3287011.52,240609243.264,1958310.97,144856262.4509,41,2015,12,73.4874750694118
2015-01-20,2015-01-19,Prod. Sold Negotiated,13007,72.76,206.99,72.76,2692318.93,195893125.34680003,3287011.52,240609243.264,42,2015,13,73.00188077258717
2015-01-20,2015-01-19,Prod. Sold Swine or Pork Market Formula,153530,74.91,214.88,74.91,32990526.4,2471320332.624,44049071.0,3305882778.55,42,2015,13,74.99004805513171
2015-01-21,2015-01-20,Prod. Sold Negotiated,8304,72.82,200.53,72.82,1665201.12,121259945.5584,2692318.93,195893125.34680003,43,2015,14,72.78292865346654
2015-01-21,2015-01-20,Prod. Sold Swine or Pork Market Formula,161745,74.42,215.03,74.42,34780027.35,2588329635.387,32990526.4,2471320332.624,43,2015,14,74.65853070458347
2015-01-22,2015-01-21,Prod. Sold Negotiated,8353,71.93,200.95,71.93,1678535.35,120737047.7255,1665201.12,121259945.5584,44,2015,15,72.37322541865866
2015-01-22,2015-01-21,Prod. Sold Swine or Pork Market Formula,163123,73.96,215.8,73.96,35201943.4,2603535733.864,34780027.35,2588329635.387,44,2015,15,74.18861334725986
2015-01-23,2015-01-22,Prod. Sold Negotiated,8726,71.58,200.17,71.58,1746683.42,125027599.2036,1678535.35,120737047.7255,45,2015,16,71.75151820422262
2015-01-23,2015-01-22,Prod. Sold Swine or Pork Market Formula,170426,73.36,215.76,73.36,36771113.76,2697528905.4336,35201943.4,2603535733.864,45,2015,16,73.6534593426127
2015-01-26,2015-01-23,Prod. Sold Negotiated,21176,71.87,214.16,71.87,4535052.16,325934198.73920006,1746683.42,125027599.2036,51,2015,17,71.78936333751254
2015-01-26,2015-01-23,Prod. Sold Swine or Pork Market Formula,244010,72.73,217.39,72.73,53045333.9,3857987134.547,36771113.76,2697528905.4336,51,2015,17,72.98792382433666
2015-01-27,2015-01-26,Prod. Sold Negotiated,10568,70.56,207.51,70.56,2192965.68,154735658.38079998,4535052.16,325934198.73920006,52,2015,18,71.44301167905346
2015-01-27,2015-01-26,Prod. Sold Swine or Pork Market Formula,169698,72.4,215.52,72.4,36573312.96,2647907858.3040004,53045333.9,3857987134.547,52,2015,18,72.59532720923967
2015-01-28,2015-01-27,Prod. Sold Negotiated,10055,70.05,204.56,70.05,2056850.8,144082398.54,2192965.68,154735658.38079998,53,2015,19,70.31316724547126
2015-01-28,2015-01-27,Prod. Sold Swine or Pork Market Formula,169998,72.09,215.03,72.09,36554669.94,2635226155.9746,36573312.96,2647907858.3040004,53,2015,19,72.24503951521683
2015-01-29,2015-01-28,Prod. Sold Negotiated,8333,69.53,203.22,69.53,1693432.26,117744345.0378,2056850.8,144082398.54,54,2015,20,69.81519511697871
2015-01-29,2015-01-28,Prod. Sold Swine or Pork Market Formula,168123,71.57,215.18,71.57,36176707.14,2589166930.0098,36554669.94,2635226155.9746,54,2015,20,71.83135114075857
2015-01-30,2015-01-29,Prod. Sold Swine or Pork Market Formula,174835,70.85,215.87,70.85,37741631.45,2673994588.2325,36176707.14,2589166930.0098,55,2015,21,71.20237844407292
2015-01-30,2015-01-29,Prod. Sold Negotiated,9763,69.7,203.45,69.7,1986282.35,138443879.795,1693432.26,117744345.0378,55,2015,21,69.62176472506383
2015-02-02,2015-01-30,Prod. Sold Negotiated,12368,69.37,216.46,69.37,2677177.2800000003,185715787.91360003,1986282.35,138443879.795,61,2015,22,69.51055513020492
2015-02-02,2015-01-30,Prod. Sold Swine or Pork Market Formula,212997,70.03,216.56,70.03,46126630.32,3230247921.3096,37741631.45,2673994588.2325,61,2015,22,70.39900893300819
2015-02-03,2015-02-02,Prod. Sold Negotiated,7496,68.41,213.81,68.41,1602719.76,109642058.7816,2677177.2800000003,185715787.91360003,62,2015,23,69.0105028076096
2015-02-03,2015-02-02,Prod. Sold Swine or Pork Market Formula,155657,69.63,215.5,69.63,33544083.5,2335674534.105,46126630.32,3230247921.3096,62,2015,23,69.86158637902614
2015-02-04,2015-02-03,Prod. Sold Negotiated,10587,69.06,201.1,69.06,2129045.7,147031896.042,1602719.76,109642058.7816,63,2015,24,68.7808378031346
2015-02-04,2015-02-03,Prod. Sold Swine or Pork Market Formula,176024,69.33,215.0,69.33,37845160.0,2623804942.8,33544083.5,2335674534.105,63,2015,24,69.47096276352893
2015-02-05,2015-02-04,Prod. Sold Negotiated,9457,68.03,198.36,68.03,1875890.52,127616832.0756,2129045.7,147031896.042,64,2015,25,68.57755355654577
2015-02-05,2015-02-04,Prod. Sold Swine or Pork Market Formula,172188,68.46,215.59,68.46,37122010.92,2541372867.5832,37845160.0,2623804942.8,64,2015,25,68.89919610138597
2015-02-06,2015-02-05,Prod. Sold Negotiated,12064,66.56,204.35,66.56,2465278.4,164088930.304,1875890.52,127616832.0756,65,2015,26,67.19521118740525
2015-02-06,2015-02-05,Prod. Sold Swine or Pork Market Formula,170907,67.43,216.53,67.43,37006492.71,2495347803.4353004,37122010.92,2541372867.5832,65,2015,26,67.94580255064162
2015-02-09,2015-02-06,Prod. Sold Negotiated,17323,66.31,207.41,66.31,3592963.43,238249405.04330003,2465278.4,164088930.304,71,2015,27,66.41173241961852
2015-02-09,2015-02-06,Prod. Sold Swine or Pork Market Formula,226085,66.1,216.94,66.1,49046879.9,3241998761.3899994,37006492.71,2495347803.4353004,71,2015,27,66.67195475100509
2015-02-10,2015-02-09,Prod. Sold Swine or Pork Market Formula,168338,65.38,215.25,65.38,36234754.5,2369028249.21,49046879.9,3241998761.3899994,72,2015,28,65.79408392060553
2015-02-10,2015-02-09,Prod. Sold Negotiated,11409,64.39,204.52,64.39,2333368.68,150245609.3052,3592963.43,238249405.04330003,72,2015,28,65.55404036384657
2015-02-11,2015-02-10,Prod. Sold Swine or Pork Market Formula,174707,64.4,216.03,64.4,37741953.21,2430581786.7240005,36234754.5,2369028249.21,73,2015,29,64.88001675810182
2015-02-11,2015-02-10,Prod. Sold Negotiated,9569,63.06,201.11,63.06,1924421.59,121354025.4654,2333368.68,150245609.3052,73,2015,29,63.78887111567381
2015-02-12,2015-02-11,Prod. Sold Swine or Pork Market Formula,173372,63.54,214.93,63.54,37262843.96,2367681105.2184,37741953.21,2430581786.7240005,74,2015,30,63.97274671734706
2015-02-12,2015-02-11,Prod. Sold Negotiated,8728,62.21,197.88,62.21,1727096.64,107442681.9744,1924421.59,121354025.4654,74,2015,30,62.65796663975577
2015-02-13,2015-02-12,Prod. Sold Swine or Pork Market Formula,171158,62.6,216.27,62.60000000000001,37016340.66,2317222925.3160005,37262843.96,2367681105.2184,75,2015,31,63.07155974451784
2015-02-13,2015-02-12,Prod. Sold Negotiated,9172,61.28,201.92,61.28,1852010.24,113491187.5072,1727096.64,107442681.9744,75,2015,31,61.728771140134256
2015-02-16,2015-02-13,Prod. Sold Swine or Pork Market Formula,222395,61.65,217.58,61.65,48388704.1,2983163607.765,37016340.66,2317222925.3160005,81,2015,32,62.061749958399055
2015-02-16,2015-02-13,Prod. Sold Negotiated,15953,59.96,217.2,59.96000000000001,3464991.6,207760896.336,1852010.24,113491187.5072,81,2015,32,60.41978045341432
2015-02-17,2015-02-16,Prod. Sold Negotiated,7073,59.36,208.0,59.36,1471184.0,87329482.24,3464991.6,207760896.336,82,2015,33,59.7811752434415
2015-02-17,2015-02-16,Prod. Sold Swine or Pork Market Formula,160509,61.34,215.55,61.34,34597714.95,2122223835.033,48388704.1,2983163607.765,82,2015,33,61.52075847159957
2015-02-18,2015-02-17,Prod. Sold Swine or Pork Market Formula,159388,60.71,215.0,60.71,34268420.0,2080435778.2,34597714.95,2122223835.033,83,2015,34,61.02650622521978
2015-02-18,2015-02-17,Prod. Sold Negotiated,9591,58.57,199.96,58.57,1917816.36,112326504.2052,1471184.0,87329482.24,83,2015,34,58.9129434159163
2015-02-19,2015-02-18,Prod. Sold Negotiated,6844,58.02,200.72,58.02,1373727.68,79703679.9936,1917816.36,112326504.2052,84,2015,35,58.340457203422375
2015-02-19,2015-02-18,Prod. Sold Swine or Pork Market Formula,164896,60.3,215.56,60.3,35544981.76,2143362400.128,34268420.0,2080435778.2,84,2015,35,60.501251505381454
2015-02-20,2015-02-19,Prod. Sold Negotiated,8314,57.47,196.13,57.470000000000006,1630624.82,93712008.4054,1373727.68,79703679.9936,85,2015,36,57.72148521153892
2015-02-20,2015-02-19,Prod. Sold Swine or Pork Market Formula,172358,60.45,215.63,60.45,37165555.54,2246657832.393,35544981.76,2143362400.128,85,2015,36,60.37667160136637
2015-02-23,2015-02-20,Prod. Sold Swine or Pork Market Formula,235493,60.65,216.11,60.65,50892392.23,3086623588.7495003,37165555.54,2246657832.393,91,2015,37,60.565588413127514
2015-02-23,2015-02-20,Prod. Sold Negotiated,22257,58.42,213.44,58.42,4750534.08,277526200.9536,1630624.82,93712008.4054,91,2015,37,58.17723946021779
2015-02-24,2015-02-23,Prod. Sold Negotiated,11576,58.86,201.33,58.85999999999999,2330596.08,137178885.2688,4750534.08,277526200.9536,92,2015,38,58.56481618781598
2015-02-24,2015-02-23,Prod. Sold Swine or Pork Market Formula,172768,61.64,213.79,61.64,36936070.72,2276739399.1808,50892392.23,3086623588.7495003,92,2015,38,61.066342365385765
2015-02-25,2015-02-24,Prod. Sold Negotiated,11065,60.05,201.08,60.05,2224950.2,133608259.51,2330596.08,137178885.2688,93,2015,39,59.441201589285576
2015-02-25,2015-02-24,Prod. Sold Swine or Pork Market Formula,167374,62.82,215.19,62.82000000000001,36017211.06,2262601198.7892003,36936070.72,2276739399.1808,93,2015,39,62.22256884424974
2015-02-26,2015-02-25,Prod. Sold Negotiated,10262,61.75,199.28,61.75,2045011.36,126279451.48,2224950.2,133608259.51,94,2015,40,60.864180470514576
2015-02-26,2015-02-25,Prod. Sold Swine or Pork Market Formula,168280,64.24,214.01,64.24,36013602.8,2313513843.872,36017211.06,2262601198.7892003,94,2015,40,63.529964433768505
2015-02-27,2015-02-26,Prod. Sold Negotiated,14240,62.18,204.3,62.18,2909232.0,180896045.76,2045011.36,126279451.48,95,2015,41,62.00250470538048
2015-02-27,2015-02-26,Prod. Sold Swine or Pork Market Formula,175386,65.06,215.05,65.06,37716759.3,2453852360.0580006,36013602.8,2313513843.872,95,2015,41,64.6594709173414
2015-03-02,2015-02-27,Prod. Sold Negotiated,19172,62.11,208.4,62.11,3995444.8,248157076.52800003,2909232.0,180896045.76,101,2015,42,62.13949395690758
2015-03-02,2015-02-27,Prod. Sold Swine or Pork Market Formula,228311,66.48,216.23,66.48,49367687.53,3281963866.9944005,37716759.3,2453852360.0580006,101,2015,42,65.8649900854219
2015-03-03,2015-03-02,Prod. Sold Swine or Pork Market Formula,165020,67.59,212.38,67.59,35046947.6,2368823188.2840004,49367687.53,3281963866.9944005,102,2015,43,66.94084558413468
2015-03-03,2015-03-02,Prod. Sold Negotiated,11497,64.46,199.31,64.46,2291467.07,147707967.33219996,3995444.8,248157076.52800003,102,2015,43,62.96653302063864
2015-03-04,2015-03-03,Prod. Sold Negotiated,8699,66.65,200.19,66.65,1741452.81,116067829.7865,2291467.07,147707967.33219996,103,2015,44,65.4056626383314
2015-03-04,2015-03-03,Prod. Sold Swine or Pork Market Formula,167606,68.13,213.54,68.13,35790585.24,2438412572.4012,35046947.6,2368823188.2840004,103,2015,44,67.86283440366638
2015-03-05,2015-03-04,Prod. Sold Swine or Pork Market Formula,169323,68.21,214.39,68.21,36301157.97,2476101985.1337,35790585.24,2438412572.4012,104,2015,45,68.17028329054466
2015-03-05,2015-03-04,Prod. Sold Negotiated,7098,65.79,200.01,65.79,1419670.98,93400153.7742,1741452.81,116067829.7865,104,2015,45,66.26377120166497
2015-03-06,2015-03-05,Prod. Sold Swine or Pork Market Formula,167494,67.82,215.0,67.82,36011210.0,2442280262.2,36301157.97,2476101985.1337,105,2015,46,68.01578188359387
2015-03-06,2015-03-05,Prod. Sold Negotiated,10355,66.21,202.67,66.21,2098647.85,138951474.1485,1419670.98,93400153.7742,105,2015,46,66.0405264984754
2015-03-09,2015-03-06,Prod. Sold Swine or Pork Market Formula,209823,67.4,215.36,67.4,45187481.28,3045636238.2720003,36011210.0,2442280262.2,111,2015,47,67.58626788143475
2015-03-09,2015-03-06,Prod. Sold Negotiated,17043,66.72,208.07,66.72,3546137.01,236598261.3072,2098647.85,138951474.1485,111,2015,47,66.53038951349866
2015-03-10,2015-03-09,Prod. Sold Negotiated,7887,65.79,198.88,65.79,1568566.56,103195993.9824,3546137.01,236598261.3072,112,2015,48,66.43478955117628
2015-03-10,2015-03-09,Prod. Sold Swine or Pork Market Formula,171385,67.11,212.99,67.11,36503291.15,2449735869.0765,45187481.28,3045636238.2720003,112,2015,48,67.2704143183054
2015-03-11,2015-03-10,Prod. Sold Swine or Pork Market Formula,172071,66.58,213.54,66.58,36744041.34,2446418272.4172,36503291.15,2449735869.0765,113,2015,49,66.84412899489742
2015-03-11,2015-03-10,Prod. Sold Negotiated,8646,65.81,201.38,65.81,1741131.48,114583862.6988,1568566.56,103195993.9824,113,2015,49,65.80052139173398
2015-03-12,2015-03-11,Prod. Sold Swine or Pork Market Formula,182402,66.23,214.29,66.23,39086924.58,2588727014.9334,36744041.34,2446418272.4172,114,2015,50,66.39959317757561
2015-03-12,2015-03-11,Prod. Sold Negotiated,10149,65.72,204.87,65.72,2079225.63,136646708.4036,1741131.48,114583862.6988,114,2015,50,65.76101758780345
2015-03-13,2015-03-12,Prod. Sold Negotiated,11368,65.62,200.92,65.62,2284058.56,149879922.70720002,2079225.63,136646708.4036,115,2015,51,65.66765276657353
2015-03-13,2015-03-12,Prod. Sold Swine or Pork Market Formula,176432,65.76,214.53,65.76,37849956.96,2489013169.6896005,39086924.58,2588727014.9334,115,2015,51,65.99877825803286
2015-03-16,2015-03-13,Prod. Sold Swine or Pork Market Formula,225268,64.93,216.43,64.93,48754753.24,3165646127.8732004,37849956.96,2489013169.6896005,121,2015,52,65.29274544657274
2015-03-16,2015-03-13,Prod. Sold Negotiated,13933,64.56,206.85,64.56,2882041.05,186064570.188,2284058.56,149879922.70720002,121,2015,52,65.02865183724168
2015-03-17,2015-03-16,Prod. Sold Swine or Pork Market Formula,155431,64.34,213.57,64.34,33195398.67,2135791950.4278,48754753.24,3165646127.8732004,122,2015,53,64.69100977534724
2015-03-17,2015-03-16,Prod. Sold Negotiated,11210,63.65,203.7,63.64999999999999,2283477.0,145343311.04999998,2882041.05,186064570.188,122,2015,53,64.15772397465535
2015-03-18,2015-03-17,Prod. Sold Swine or Pork Market Formula,170628,63.95,213.22,63.95,36381302.16,2326584273.132,33195398.67,2135791950.4278,123,2015,54,64.13607098823114
2015-03-18,2015-03-17,Prod. Sold Negotiated,8992,62.82,197.14,62.82,1772682.88,111359938.5216,2283477.0,145343311.04999998,123,2015,54,63.28726114504144
2015-03-19,2015-03-18,Prod. Sold Swine or Pork Market Formula,167513,63.3,214.1,63.3,35864533.3,2270224957.89,36381302.16,2326584273.132,124,2015,55,63.62732469980353
2015-03-19,2015-03-18,Prod. Sold Negotiated,8088,61.32,199.31,61.32000000000001,1612019.28,98849022.2496,1772682.88,111359938.5216,124,2015,55,62.1056006804451
2015-03-20,2015-03-19,Prod. Sold Negotiated,10783,61.58,203.89,61.58,2198545.87,135386454.67459998,1612019.28,98849022.2496,125,2015,56,61.470009750181035
2015-03-20,2015-03-19,Prod. Sold Swine or Pork Market Formula,173239,62.65,213.86,62.650000000000006,37048892.54,2321113117.631,35864533.3,2270224957.89,125,2015,56,62.96972090704056
2015-03-23,2015-03-20,Prod. Sold Swine or Pork Market Formula,221883,62.07,214.84,62.07,47669343.72,2958836164.7004,37048892.54,2321113117.631,131,2015,57,62.32364500751943
2015-03-23,2015-03-20,Prod. Sold Negotiated,16193,61.92,207.54,61.92,3360695.22,208094248.0224,2198545.87,135386454.67459998,131,2015,57,61.78553819420701
2015-03-24,2015-03-23,Prod. Sold Negotiated,10399,59.5,204.04,59.5,2121811.96,126247811.62,3360695.22,208094248.0224,132,2015,58,60.983423945538725
2015-03-24,2015-03-23,Prod. Sold Swine or Pork Market Formula,177803,61.61,213.34,61.60999999999999,37932492.02,2337020833.3522,47669343.72,2958836164.7004,132,2015,58,61.86616154048146
2015-03-25,2015-03-24,Prod. Sold Swine or Pork Market Formula,178485,61.19,212.39,61.19,37908429.15,2319616779.6885,37932492.02,2337020833.3522,133,2015,59,61.400066628973136
2015-03-25,2015-03-24,Prod. Sold Negotiated,7825,59.18,198.62,59.18,1554201.5,91977644.77,2121811.96,126247811.62,133,2015,59,59.36470547907079
2015-03-26,2015-03-25,Prod. Sold Negotiated,8323,58.94,200.03,58.94,1664849.69,98126240.7286,1554201.5,91977644.77,134,2015,60,59.05587524956383
2015-03-26,2015-03-25,Prod. Sold Swine or Pork Market Formula,174001,60.58,213.45,60.58,37140513.45,2249972304.801,37908429.15,2319616779.6885,134,2015,60,60.88812082063232
2015-03-27,2015-03-26,Prod. Sold Swine or Pork Market Formula,180168,60.38,214.13,60.38,38579373.84,2329422592.4592,37140513.45,2249972304.801,135,2015,61,60.478099758938505
2015-03-27,2015-03-26,Prod. Sold Negotiated,11812,58.76,201.26,58.760000000000005,2377283.12,139689156.13120002,1664849.69,98126240.7286,135,2015,61,58.83413733251383
2015-03-30,2015-03-27,Prod. Sold Swine or Pork Market Formula,223067,59.98,215.05,59.97999999999999,47970558.35,2877274089.833,38579373.84,2329422592.4592,141,2015,62,60.15829880562036
2015-03-30,2015-03-27,Prod. Sold Negotiated,23592,57.08,214.19,57.08,5053170.48,288434970.9984,2377283.12,139689156.13120002,141,2015,62,57.61749553615408
2015-03-31,2015-03-30,Prod. Sold Swine or Pork Market Formula,187140,59.79,213.04,59.78999999999999,39868305.6,2383725991.824,47970558.35,2877274089.833,142,2015,63,59.89376279560819
2015-03-31,2015-03-30,Prod. Sold Negotiated,10330,58.05,204.32,58.05,2110625.6,122521816.08,5053170.48,288434970.9984,142,2015,63,57.365785191138485
2015-04-01,2015-03-31,Prod. Sold Swine or Pork Market Formula,173351,59.76,212.35,59.760000000000005,36811084.85,2199830430.636,39868305.6,2383725991.824,143,2015,64,59.775598052631615
2015-04-01,2015-03-31,Prod. Sold Negotiated,9518,57.56,202.79,57.56,1930155.22,111099734.4632,2110625.6,122521816.08,143,2015,64,57.81594225226994
2015-04-02,2015-04-01,Prod. Sold Swine or Pork Market Formula,180972,59.75,213.19,59.75,38581420.68,2305239885.63,36811084.85,2199830430.636,144,2015,65,59.75488259205491
2015-04-02,2015-04-01,Prod. Sold Negotiated,8978,56.27,202.44,56.27,1817506.32,102271080.6264,1930155.22,111099734.4632,144,2015,65,56.9343877007634
2015-04-03,2015-04-02,Prod. Sold Negotiated,10805,57.02,202.29,57.02,2185743.45,124631091.519,1817506.32,102271080.6264,145,2015,66,56.67949420637824
2015-04-03,2015-04-02,Prod. Sold Swine or Pork Market Formula,183685,59.7,213.79,59.70000000000001,39270016.15,2344419964.155,38581420.68,2305239885.63,145,2015,66,59.72477887515695
2015-04-06,2015-04-03,Prod. Sold Negotiated,7212,56.0,213.65,55.99999999999999,1540843.8,86287252.8,2185743.45,124631091.519,151,2015,67,56.59825737851703
2015-04-06,2015-04-03,Prod. Sold Swine or Pork Market Formula,148102,59.91,216.18,59.91,32016690.36,1918119919.4676,39270016.15,2344419964.155,151,2015,67,59.79431639228076
2015-04-07,2015-04-06,Prod. Sold Negotiated,9581,57.69,206.26,57.69,1976177.06,114005654.59139998,1540843.8,86287252.8,152,2015,68,56.949593239375886
2015-04-07,2015-04-06,Prod. Sold Swine or Pork Market Formula,113925,60.06,214.26,60.06,24409570.5,1466038804.23,32016690.36,1918119919.4676,152,2015,68,59.97488885705336
2015-04-08,2015-04-07,Prod. Sold Negotiated,10380,56.69,202.88,56.69,2105894.4,119383153.53599998,1976177.06,114005654.59139998,153,2015,69,57.174111334003925
2015-04-08,2015-04-07,Prod. Sold Swine or Pork Market Formula,179036,60.29,213.04,60.28999999999999,38141829.44,2299570896.9376,24409570.5,1466038804.23,153,2015,69,60.2002465936752
2015-04-09,2015-04-08,Prod. Sold Swine or Pork Market Formula,184159,60.4,213.97,60.4,39404501.23,2380031874.292,38141829.44,2299570896.9376,154,2015,70,60.34589555428155
2015-04-09,2015-04-08,Prod. Sold Negotiated,8101,58.04,202.25,58.04,1638427.25,95094317.59,2105894.4,119383153.53599998,154,2015,70,57.280728306554536
2015-04-10,2015-04-09,Prod. Sold Swine or Pork Market Formula,176410,60.52,215.52,60.52,38019883.2,2300963331.2640004,39404501.23,2380031874.292,155,2015,71,60.458926990735385
2015-04-10,2015-04-09,Prod. Sold Negotiated,10245,58.13,202.43,58.13,2073895.35,120555536.69550002,1638427.25,95094317.59,155,2015,71,58.09027865345
2015-04-13,2015-04-10,Prod. Sold Swine or Pork Market Formula,246538,61.15,215.23,61.15,53062373.74,3244764154.201,38019883.2,2300963331.2640004,161,2015,72,60.887023134683865
2015-04-13,2015-04-10,Prod. Sold Negotiated,13681,57.84,206.66,57.84,2827315.46,163531926.2064,2073895.35,120555536.69550002,161,2015,72,57.96271042295771
2015-04-14,2015-04-13,Prod. Sold Swine or Pork Market Formula,181719,61.95,212.79,61.95,38667986.01,2395481733.3195,53062373.74,3244764154.201,162,2015,73,61.4872317397676
2015-04-14,2015-04-13,Prod. Sold Negotiated,9927,60.32,205.17,60.32,2036722.59,122855106.6288,2827315.46,163531926.2064,162,2015,73,58.878452407501214
2015-04-15,2015-04-14,Prod. Sold Negotiated,10773,61.11,199.64,61.11,2150721.72,131430604.3092,2036722.59,122855106.6288,163,2015,74,60.725753493781994
2015-04-15,2015-04-14,Prod. Sold Swine or Pork Market Formula,179591,62.52,213.29,62.52000000000001,38304964.39,2394826373.6628003,38667986.01,2395481733.3195,163,2015,74,62.23365587636744
2015-04-16,2015-04-15,Prod. Sold Negotiated,9611,60.92,204.99,60.92,1970158.89,120022079.5788,2150721.72,131430604.3092,164,2015,75,61.01916257360342
2015-04-16,2015-04-15,Prod. Sold Swine or Pork Market Formula,184290,63.63,213.21,63.63,39292470.9,2500179923.367,38304964.39,2394826373.6628003,164,2015,75,63.08206294107534
2015-04-17,2015-04-16,Prod. Sold Negotiated,10837,61.45,203.07,61.45,2200669.59,135231146.3055,1970158.89,120022079.5788,165,2015,76,61.19964585172776
2015-04-17,2015-04-16,Prod. Sold Swine or Pork Market Formula,176885,64.11,214.16,64.11,37881691.6,2428595248.4760003,39292470.9,2500179923.367,165,2015,76,63.86561268925984
2015-04-20,2015-04-17,Prod. Sold Swine or Pork Market Formula,203182,64.74,214.78,64.74,43639429.96,2825216695.6104,37881691.6,2428595248.4760003,171,2015,77,64.44724806956397
2015-04-20,2015-04-17,Prod. Sold Negotiated,17033,61.94,209.47,61.94,3567902.51,220995881.4694,2200669.59,135231146.3055,171,2015,77,61.753068454306046
2015-04-21,2015-04-20,Prod. Sold Negotiated,9878,63.52,205.45,63.52,2029435.1,128909717.552,3567902.51,220995881.4694,172,2015,78,62.51286297190139
2015-04-21,2015-04-20,Prod. Sold Swine or Pork Market Formula,166169,65.14,213.12,65.14,35413937.28,2306863874.4192,43639429.96,2825216695.6104,172,2015,78,64.9191900257581
2015-04-22,2015-04-21,Prod. Sold Swine or Pork Market Formula,180303,65.21,212.9,65.21,38386508.7,2503184232.327,35413937.28,2306863874.4192,173,2015,79,65.17640974757427
2015-04-22,2015-04-21,Prod. Sold Negotiated,9727,63.75,201.09,63.75,1956002.43,124695154.9125,2029435.1,128909717.552,173,2015,79,63.63288109662079
2015-04-23,2015-04-22,Prod. Sold Swine or Pork Market Formula,177426,65.33,213.58,65.33,37894645.080000006,2475657163.0764003,38386508.7,2503184232.327,174,2015,80,65.26961311784449
2015-04-23,2015-04-22,Prod. Sold Negotiated,9897,63.29,203.71,63.29,2016117.87,127600099.9923,1956002.43,124695154.9125,174,2015,80,63.5165191005922
2015-04-24,2015-04-23,Prod. Sold Swine or Pork Market Formula,176930,65.68,214.24,65.68,37905483.2,2489632136.5760007,37894645.080000006,2475657163.0764003,175,2015,81,65.50502502200253
2015-04-24,2015-04-23,Prod. Sold Negotiated,14576,63.86,205.59,63.86,2996679.84,191367974.5824,2016117.87,127600099.9923,175,2015,81,63.63074933951404
2015-04-27,2015-04-24,Prod. Sold Swine or Pork Market Formula,187698,66.31,214.11,66.31,40188018.78,2664867525.3018003,37905483.2,2489632136.5760007,181,2015,82,66.00420689544548
2015-04-27,2015-04-24,Prod. Sold Negotiated,15676,63.57,207.47,63.57,3252299.72,206748693.2004,2996679.84,191367974.5824,181,2015,82,63.70906865037017
2015-04-28,2015-04-27,Prod. Sold Swine or Pork Market Formula,178589,67.06,212.08,67.06,37875155.120000005,2539907902.3472004,40188018.78,2664867525.3018003,182,2015,83,66.67388946184008
2015-04-28,2015-04-27,Prod. Sold Negotiated,12688,64.56,206.81,64.56,2624005.2800000003,169405780.87680003,3252299.72,206748693.2004,182,2015,83,64.01207460763185
2015-04-29,2015-04-28,Prod. Sold Swine or Pork Market Formula,184545,67.7,212.41,67.7,39199203.45,2653786073.5650005,37875155.120000005,2539907902.3472004,183,2015,84,67.38549722986298
2015-04-29,2015-04-28,Prod. Sold Negotiated,12432,65.89,205.37,65.89,2553159.84,168227701.8576,2624005.2800000003,169405780.87680003,183,2015,84,65.21589999710112
2015-04-30,2015-04-29,Prod. Sold Negotiated,12143,66.51,202.96,66.51,2464543.2800000003,163916773.55280003,2553159.84,168227701.8576,184,2015,85,66.19452515763827
2015-04-30,2015-04-29,Prod. Sold Swine or Pork Market Formula,177327,68.9,212.69,68.9,37715679.63,2598610326.5070004,39199203.45,2653786073.5650005,184,2015,85,68.28842728147848
2015-05-01,2015-04-30,Prod. Sold Negotiated,14249,66.18,209.13,66.18,2979893.37,197209343.2266,2464543.2800000003,163916773.55280003,185,2015,86,66.32938171470873
2015-05-01,2015-04-30,Prod. Sold Swine or Pork Market Formula,174230,70.55,213.12,70.55,37131897.6,2619655375.68,37715679.63,2598610326.5070004,185,2015,86,69.71856532044758
2015-05-04,2015-05-01,Prod. Sold Swine or Pork Market Formula,165164,72.5,214.0,72.5,35345096.0,2562519460.0,37131897.6,2619655375.68,191,2015,87,71.50096297151046
2015-05-04,2015-05-01,Prod. Sold Negotiated,16117,68.44,208.31,68.44,3357332.27,229775820.5588,2979893.37,197209343.2266,191,2015,87,67.37730168392741
2015-05-05,2015-05-04,Prod. Sold Negotiated,12785,73.86,203.18,73.86,2597656.3000000003,191862894.318,3357332.27,229775820.5588,192,2015,88,70.80428617460805
2015-05-05,2015-05-04,Prod. Sold Swine or Pork Market Formula,162508,73.97,212.13,73.97,34472822.04,2549954646.2988,35345096.0,2562519460.0,192,2015,88,73.22581723748574
2015-05-06,2015-05-05,Prod. Sold Negotiated,10086,74.3,202.72,74.3,2044633.92,151916300.25599998,2597656.3000000003,191862894.318,193,2015,89,74.0537920470642
2015-05-06,2015-05-05,Prod. Sold Swine or Pork Market Formula,165755,75.23,212.2,75.23,35173211.0,2646080663.53,34472822.04,2549954646.2988,193,2015,89,74.60633553736719
2015-05-07,2015-05-06,Prod. Sold Negotiated,10620,75.12,200.03,75.12,2124318.6,159578813.23200002,2044633.92,151916300.25599998,194,2015,90,74.71783667327543
2015-05-07,2015-05-06,Prod. Sold Swine or Pork Market Formula,167691,76.86,212.42,76.86,35620922.22,2737824081.8292,35173211.0,2646080663.53,194,2015,90,76.0501541650092
2015-05-08,2015-05-07,Prod. Sold Negotiated,9311,76.65,200.54,76.65,1867227.94,143123021.601,2124318.6,159578813.23200002,195,2015,91,75.83572728003318
2015-05-08,2015-05-07,Prod. Sold Swine or Pork Market Formula,175556,77.55,212.74,77.55,37347783.440000005,2896320605.7720003,35620922.22,2737824081.8292,195,2015,91,77.21316469355612
2015-05-11,2015-05-08,Prod. Sold Swine or Pork Market Formula,166175,78.73,213.17,78.73,35423524.75,2788894103.5675,37347783.440000005,2896320605.7720003,201,2015,92,78.1243988976516
2015-05-11,2015-05-08,Prod. Sold Negotiated,14112,75.16,208.66,75.16,2944609.92,221316881.5872,1867227.94,143123021.601,201,2015,92,75.73819272210474
2015-05-12,2015-05-11,Prod. Sold Swine or Pork Market Formula,163431,79.8,212.85,79.8,34786288.35,2775945810.33,35423524.75,2788894103.5675,202,2015,93,79.26014424752115
2015-05-12,2015-05-11,Prod. Sold Negotiated,11359,79.08,203.7,79.08,2313828.3,182977541.964,2944609.92,221316881.5872,202,2015,93,76.88488608908673
2015-05-13,2015-05-12,Prod. Sold Negotiated,9735,79.44,202.97,79.44,1975912.95,156966524.748,2313828.3,182977541.964,203,2015,94,79.24582087835718
2015-05-13,2015-05-12,Prod. Sold Swine or Pork Market Formula,176976,80.64,212.7,80.64,37642795.2,3035515004.9279995,34786288.35,2775945810.33,203,2015,94,80.23656424212756
2015-05-14,2015-05-13,Prod. Sold Negotiated,9833,79.78,204.15,79.78,2007406.95,160150926.471,1975912.95,156966524.748,204,2015,95,79.6113440999303
2015-05-14,2015-05-13,Prod. Sold Swine or Pork Market Formula,175866,81.59,213.4,81.59,37529804.4,3062056740.996,37642795.2,3035515004.9279995,204,2015,95,81.11428603466841
2015-05-15,2015-05-14,Prod. Sold Negotiated,12910,80.76,205.21,80.76,2649261.1,213954326.436,2007406.95,160150926.471,205,2015,96,80.33753939300011
2015-05-15,2015-05-14,Prod. Sold Swine or Pork Market Formula,177220,81.91,213.05,81.91,37756721.0,3092653017.11,37529804.4,3062056740.996,205,2015,96,81.75048224640206
2015-05-18,2015-05-15,Prod. Sold Swine or Pork Market Formula,197976,82.32,214.43,82.32,42451993.68,3494648119.7376,37756721.0,3092653017.11,211,2015,97,82.12700032818425
2015-05-18,2015-05-15,Prod. Sold Negotiated,10943,81.33,201.57,81.33,2205780.51,179396128.87829998,2649261.1,213954326.436,211,2015,97,81.01896686201626
2015-05-19,2015-05-18,Prod. Sold Negotiated,9186,82.49,205.09,82.49000000000001,1883956.74,155407591.4826,2205780.51,179396128.87829998,212,2015,98,81.86435946732274
2015-05-19,2015-05-18,Prod. Sold Swine or Pork Market Formula,161368,82.97,212.28,82.97,34255199.04,2842153864.3488,42451993.68,3494648119.7376,212,2015,98,82.61027107610721
2015-05-20,2015-05-19,Prod. Sold Negotiated,10599,83.36,199.52,83.36,2114712.48,176282432.3328,1883956.74,155407591.4826,213,2015,99,82.95010303838035
2015-05-20,2015-05-19,Prod. Sold Swine or Pork Market Formula,166687,83.13,212.48,83.13,35417653.76,2944269557.0687995,34255199.04,2842153864.3488,213,2015,99,83.0513347577121
2015-05-21,2015-05-20,Prod. Sold Negotiated,7302,83.14,198.73,83.14,1451126.46,120646653.8844,2114712.48,176282432.3328,214,2015,100,83.27047048771081
2015-05-21,2015-05-20,Prod. Sold Swine or Pork Market Formula,168393,83.27,212.68,83.27,35813823.24,2982217061.1948,35417653.76,2944269557.0687995,214,2015,100,83.2003893203506
2015-05-22,2015-05-21,Prod. Sold Negotiated,9425,82.14,203.4,82.14,1917045.0,157466076.3,1451126.46,120646653.8844,215,2015,101,82.57083509175035
2015-05-22,2015-05-21,Prod. Sold Swine or Pork Market Formula,172301,83.03,213.63,83.03,36808662.63,3056223258.1689005,35813823.24,2982217061.1948,215,2015,101,83.1483561465107
2015-05-26,2015-05-22,Prod. Sold Negotiated,9804,82.37,205.34,82.37,2013153.36,165823442.2632,1917045.0,157466076.3,222,2015,102,82.25781218920461
2015-05-26,2015-05-22,Prod. Sold Swine or Pork Market Formula,164804,82.86,212.55,82.86,35029090.2,2902510413.972,36808662.63,3056223258.1689005,222,2015,102,82.94710562901248
2015-05-27,2015-05-26,Prod. Sold Negotiated,8285,81.43,199.37,81.43,1651780.45,134504482.0435,2013153.36,165823442.2632,223,2015,103,81.94634333838079
2015-05-27,2015-05-26,Prod. Sold Swine or Pork Market Formula,166537,82.22,212.86,82.22,35449065.82,2914622191.7204,35029090.2,2902510413.972,223,2015,103,82.53809313685275
2015-05-28,2015-05-27,Prod. Sold Negotiated,5638,80.58,196.09,80.58,1105555.42,89085655.7436,1651780.45,134504482.0435,224,2015,104,81.08919200586905
2015-05-28,2015-05-27,Prod. Sold Swine or Pork Market Formula,166385,82.27,213.36,82.27,35499903.6,2920577069.172,35449065.82,2914622191.7204,224,2015,104,82.2450179135019
2015-05-29,2015-05-28,Prod. Sold Swine or Pork Market Formula,154482,82.2,213.3,82.2,32951010.6,2708573071.32,35499903.6,2920577069.172,225,2015,105,82.23630328799902
2015-05-29,2015-05-28,Prod. Sold Negotiated,5844,80.6,199.9,80.6,1168215.6,94158177.36,1105555.42,89085655.7436,225,2015,105,80.59027557823302
2015-06-01,2015-05-29,Prod. Sold Swine or Pork Market Formula,242736,82.03,216.01,82.03,52433403.36,4301112077.6208,32951010.6,2708573071.32,231,2015,106,82.09560532001336
2015-06-01,2015-05-29,Prod. Sold Negotiated,12404,81.37,205.56,81.37,2549766.24,207474478.94880003,1168215.6,94158177.36,231,2015,106,81.1280606762727
2015-06-02,2015-06-01,Prod. Sold Swine or Pork Market Formula,151416,82.45,213.25,82.45,32289462.0,2662266141.9,52433403.36,4301112077.6208,232,2015,107,82.19006982273763
2015-06-02,2015-06-01,Prod. Sold Negotiated,8302,81.2,202.68,81.2,1682649.36,136631128.032,2549766.24,207474478.94880003,232,2015,107,81.30241438973998
2015-06-03,2015-06-02,Prod. Sold Swine or Pork Market Formula,174664,82.43,213.0,82.43,37203432.0,3066678899.76,32289462.0,2662266141.9,233,2015,108,82.43929288165779
2015-06-03,2015-06-02,Prod. Sold Negotiated,6845,81.34,199.55,81.34,1365919.75,111103912.465,1682649.36,136631128.032,233,2015,108,81.26272738392996
2015-06-04,2015-06-03,Prod. Sold Swine or Pork Market Formula,172769,82.59,213.3,82.59,36851627.7,3043575931.7430005,37203432.0,3066678899.76,234,2015,109,82.5096199538004
2015-06-04,2015-06-03,Prod. Sold Negotiated,7289,81.34,199.88,81.34,1456925.32,118506305.5288,1365919.75,111103912.465,234,2015,109,81.34
2015-06-05,2015-06-04,Prod. Sold Swine or Pork Market Formula,173255,82.38,213.81,82.38,37043651.55,3051656014.689,36851627.7,3043575931.7430005,235,2015,110,82.48472714760057
2015-06-05,2015-06-04,Prod. Sold Negotiated,10634,82.06,201.46,82.06,2142325.64,175799242.0184,1456925.32,118506305.5288,235,2015,110,81.76855429586382
2015-06-08,2015-06-05,Prod. Sold Negotiated,15818,81.37,207.52,81.37,3282551.3600000003,267101204.16320005,2142325.64,175799242.0184,241,2015,111,81.64248630551441
2015-06-08,2015-06-05,Prod. Sold Swine or Pork Market Formula,194609,82.45,213.51,82.45,41550967.59,3425877277.7955,37043651.55,3051656014.689,241,2015,111,82.4170072119838
2015-06-09,2015-06-08,Prod. Sold Negotiated,9029,81.55,201.95,81.55,1823406.55,148698804.15249997,3282551.3600000003,267101204.16320005,242,2015,112,81.43428043175939
2015-06-09,2015-06-08,Prod. Sold Swine or Pork Market Formula,174401,82.26,212.27,82.26,37020100.27,3045273448.2102003,41550967.59,3425877277.7955,242,2015,112,82.36047825563689
2015-06-10,2015-06-09,Prod. Sold Swine or Pork Market Formula,172989,82.12,211.12,82.12,36521437.68,2999140462.2816,37020100.27,3045273448.2102003,243,2015,113,82.19047464850848
2015-06-10,2015-06-09,Prod. Sold Negotiated,8256,81.33,199.68,81.33,1648558.08,134077228.6464,1823406.55,148698804.15249997,243,2015,113,81.44553961049425
2015-06-11,2015-06-10,Prod. Sold Negotiated,8492,80.79,198.4,80.79,1684812.8,136116026.11200002,1648558.08,134077228.6464,244,2015,114,81.05706340075787
2015-06-11,2015-06-10,Prod. Sold Swine or Pork Market Formula,173700,81.77,211.67,81.77,36767079.0,3006444049.83,36521437.68,2999140462.2816,244,2015,114,81.94441345202567
2015-06-12,2015-06-11,Prod. Sold Negotiated,9441,80.71,199.28,80.71,1881402.48,151847994.16079998,1684812.8,136116026.11200002,245,2015,115,80.74779497686409
2015-06-12,2015-06-11,Prod. Sold Swine or Pork Market Formula,177224,81.66,213.24,81.66,37791245.76,3086033128.7615995,36767079.0,3006444049.83,245,2015,115,81.71424449520585
2015-06-15,2015-06-12,Prod. Sold Negotiated,10168,80.07,205.83,80.07,2092879.44,167576856.7608,1881402.48,151847994.16079998,251,2015,116,80.37297236367168
2015-06-15,2015-06-12,Prod. Sold Swine or Pork Market Formula,179997,81.25,213.46,81.25,38422159.620000005,3121800469.1250005,37791245.76,3086033128.7615995,251,2015,116,81.45330295811277
2015-06-16,2015-06-15,Prod. Sold Negotiated,7194,78.57,200.27,78.57,1440742.38,113199128.7966,2092879.44,167576856.7608,252,2015,117,79.45841401822675
2015-06-16,2015-06-15,Prod. Sold Swine or Pork Market Formula,176879,80.93,210.42,80.93,37218879.18,3012123892.0374,38422159.620000005,3121800469.1250005,252,2015,117,81.09254524360658
2015-06-17,2015-06-16,Prod. Sold Negotiated,8018,80.16,196.63,80.16,1576579.34,126378599.8944,1440742.38,113199128.7966,253,2015,118,79.40079014544064
2015-06-17,2015-06-16,Prod. Sold Swine or Pork Market Formula,167846,80.3,210.67,80.3,35360116.82,2839417380.646,37218879.18,3012123892.0374,253,2015,118,80.6230672119438
2015-06-18,2015-06-17,Prod. Sold Negotiated,8124,79.27,194.97,79.27,1583936.28,125558628.9156,1576579.34,126378599.8944,254,2015,119,79.71396414424302
2015-06-18,2015-06-17,Prod. Sold Swine or Pork Market Formula,169603,79.95,211.33,79.95,35842201.99,2865584049.1005,35360116.82,2839417380.646,254,2015,119,80.12381513824043
2015-06-19,2015-06-18,Prod. Sold Negotiated,8294,79.32,201.25,79.32,1669167.5,132398366.1,1583936.28,125558628.9156,255,2015,120,79.2956549992389
2015-06-19,2015-06-18,Prod. Sold Swine or Pork Market Formula,157933,79.69,211.76,79.69,33443892.08,2665143759.8552,35842201.99,2865584049.1005,255,2015,120,79.82449989702097
2015-06-22,2015-06-19,Prod. Sold Swine or Pork Market Formula,176566,79.26,212.52,79.26,37523806.32,2974136888.9232,33443892.08,2665143759.8552,261,2015,121,79.4626397067768
2015-06-22,2015-06-19,Prod. Sold Negotiated,13874,78.63,201.25,78.63,2792142.5,219546164.775,1669167.5,132398366.1,261,2015,121,78.88815860700109
2015-06-23,2015-06-22,Prod. Sold Swine or Pork Market Formula,160237,79.09,209.96,79.09,33643360.52,2660853383.5268,37523806.32,2974136888.9232,262,2015,122,79.17963469191827
2015-06-23,2015-06-22,Prod. Sold Negotiated,11358,78.16,202.87,78.16,2304197.46,180096073.4736,2792142.5,219546164.775,262,2015,122,78.41749988919497
2015-06-24,2015-06-23,Prod. Sold Swine or Pork Market Formula,167773,78.9,210.89,78.9,35381647.97,2791612024.833,33643360.52,2660853383.5268,263,2015,123,78.9926075728006
2015-06-24,2015-06-23,Prod. Sold Negotiated,9420,77.54,204.42,77.54,1925636.4,149313846.456,2304197.46,180096073.4736,263,2015,123,77.87774433523496
2015-06-25,2015-06-24,Prod. Sold Swine or Pork Market Formula,166589,78.45,210.81,78.45,35118627.09,2755056295.2105,35381647.97,2791612024.833,264,2015,124,78.67583942506536
2015-06-25,2015-06-24,Prod. Sold Negotiated,8726,77.72,199.96,77.72,1744850.96,135609816.6112,1925636.4,149313846.456,264,2015,124,77.62556715825335
2015-06-26,2015-06-25,Prod. Sold Swine or Pork Market Formula,167192,77.89,211.32,77.89,35331013.44,2751932636.8416,35118627.09,2755056295.2105,265,2015,125,78.16915587677165
2015-06-26,2015-06-25,Prod. Sold Negotiated,10625,77.16,201.98,77.16,2146037.5,165588253.5,1744850.96,135609816.6112,265,2015,125,77.4111294136661
2015-06-29,2015-06-26,Prod. Sold Negotiated,14939,77.39,207.45,77.39,3099095.55,239839004.6145,2146037.5,165588253.5,271,2015,126,77.29589588094434
2015-06-29,2015-06-26,Prod. Sold Swine or Pork Market Formula,168300,77.45,212.21,77.45,35714943.0,2766122335.35,35331013.44,2751932636.8416,271,2015,126,77.66881112863516
2015-06-30,2015-06-29,Prod. Sold Swine or Pork Market Formula,170524,77.22,209.3,77.22,35690673.2,2756033784.504,35714943.0,2766122335.35,272,2015,127,77.3350390869395
2015-06-30,2015-06-29,Prod. Sold Negotiated,10713,76.64,201.66,76.64,2160383.58,165571797.5712,3099095.55,239839004.6145,272,2015,127,77.08193000961676
2015-07-01,2015-06-30,Prod. Sold Swine or Pork Market Formula,169928,77.19,209.21,77.19,35550636.88,2744153660.7672,35690673.2,2756033784.504,273,2015,128,77.20502948492661
2015-07-01,2015-06-30,Prod. Sold Negotiated,11272,76.02,200.53,76.02,2260374.16,171833643.6432,2160383.58,165571797.5712,273,2015,128,76.32298828806665
2015-07-02,2015-07-01,Prod. Sold Negotiated,11481,75.23,204.23,75.23,2344764.63,176396643.1149,2260374.16,171833643.6432,274,2015,129,75.6177615133506
2015-07-02,2015-07-01,Prod. Sold Swine or Pork Market Formula,167794,77.08,210.6,77.08,35337416.4,2723808056.112,35550636.88,2744153660.7672,274,2015,129,77.1351654316328
2015-07-06,2015-07-03,Prod. Sold Negotiated,18527,76.09,200.63,76.09,3717072.01,282832009.2409,2344764.63,176396643.1149,281,2015,130,75.7573454430471
2015-07-06,2015-07-03,Prod. Sold Swine or Pork Market Formula,238287,77.33,210.82,77.33,50235665.34,3884724000.7422,35337416.4,2723808056.112,281,2015,130,77.22676246407904
2015-07-07,2015-07-06,Prod. Sold Negotiated,9298,75.88,202.33,75.88,1881264.34,142750338.1192,3717072.01,282832009.2409,282,2015,131,76.0194316227713
2015-07-07,2015-07-06,Prod. Sold Swine or Pork Market Formula,146813,77.86,209.02,77.86,30686853.26,2389278394.8236003,50235665.34,3884724000.7422,282,2015,131,77.53098277351195
2015-07-08,2015-07-07,Prod. Sold Negotiated,10716,76.15,199.81,76.15,2141163.96,163049635.55400002,1881264.34,142750338.1192,283,2015,132,76.02372270332326
2015-07-08,2015-07-07,Prod. Sold Swine or Pork Market Formula,171465,78.47,209.84,78.47,35980215.6,2823367518.132,30686853.26,2389278394.8236003,283,2015,132,78.18921698660685
2015-07-09,2015-07-08,Prod. Sold Swine or Pork Market Formula,161350,79.08,211.4,79.08,34109390.0,2697370561.2,35980215.6,2823367518.132,284,2015,133,78.76685896677381
2015-07-09,2015-07-08,Prod. Sold Negotiated,6967,77.33,193.57,77.33,1348602.19,104287407.3527,2141163.96,163049635.55400002,284,2015,133,76.60600493437077
2015-07-10,2015-07-09,Prod. Sold Negotiated,9975,77.66,200.42,77.66,1999189.5,155257056.56999996,1348602.19,104287407.3527,285,2015,134,77.5270649897276
2015-07-10,2015-07-09,Prod. Sold Swine or Pork Market Formula,169208,79.56,211.89,79.56,35853483.12,2852503117.0272,34109390.0,2697370561.2,285,2015,134,79.32598292108561
2015-07-13,2015-07-10,Prod. Sold Swine or Pork Market Formula,173038,80.14,212.19,80.14,36716933.22,2942495028.2508,35853483.12,2852503117.0272,291,2015,135,79.85345044911726
2015-07-13,2015-07-10,Prod. Sold Negotiated,11822,78.39,198.76,78.39,2349740.72,184196175.0408,1999189.5,155257056.56999996,291,2015,135,78.05442130336132
2015-07-14,2015-07-13,Prod. Sold Negotiated,8220,79.36,199.42,79.36,1639232.4,130089483.264,2349740.72,184196175.0408,292,2015,136,78.7886127206593
2015-07-14,2015-07-13,Prod. Sold Swine or Pork Market Formula,157106,80.57,208.9,80.57,32819443.4,2644262554.738,36716933.22,2942495028.2508,292,2015,136,80.34294932448265
2015-07-15,2015-07-14,Prod. Sold Swine or Pork Market Formula,165397,80.74,208.5,80.74,34485274.5,2784341063.13,32819443.4,2644262554.738,293,2015,137,80.65710379967285
2015-07-15,2015-07-14,Prod. Sold Negotiated,8891,79.35,198.86,79.35,1768064.26,140295899.031,1639232.4,130089483.264,293,2015,137,79.3548109471043
2015-07-16,2015-07-15,Prod. Sold Negotiated,10232,79.11,199.18,79.11,2038009.76,161226952.1136,1768064.26,140295899.031,294,2015,138,79.22148900945442
2015-07-16,2015-07-15,Prod. Sold Swine or Pork Market Formula,179002,80.52,210.07,80.52,37602950.14,3027789545.2728,34485274.5,2784341063.13,294,2015,138,80.6252427137426
2015-07-17,2015-07-16,Prod. Sold Negotiated,9179,79.87,201.64,79.87,1850853.56,147827673.8372,2038009.76,161226952.1136,295,2015,139,79.4717120453593
2015-07-17,2015-07-16,Prod. Sold Swine or Pork Market Formula,172748,79.97,211.12,79.97,36470557.76,2916550504.0672,37602950.14,3027789545.2728,295,2015,139,80.24920403884369
2015-07-20,2015-07-17,Prod. Sold Swine or Pork Market Formula,163086,79.86,210.38,79.86,34310032.68,2739999209.8248,36470557.76,2916550504.0672,301,2015,140,79.91667883424907
2015-07-20,2015-07-17,Prod. Sold Negotiated,8060,79.02,199.49,79.02,1607889.4,127055420.388,1850853.56,147827673.8372,301,2015,140,79.47485470998977
2015-07-21,2015-07-20,Prod. Sold Negotiated,8660,78.49,200.73,78.49,1738321.7999999998,136440878.082,1607889.4,127055420.388,302,2015,141,78.74467053065865
2015-07-21,2015-07-20,Prod. Sold Swine or Pork Market Formula,143191,79.54,208.88,79.54,29909736.08,2379020407.8032,34310032.68,2739999209.8248,302,2015,141,79.71096309547036
2015-07-22,2015-07-21,Prod. Sold Swine or Pork Market Formula,164711,79.17,209.3,79.17,34474012.300000004,2729307553.7910004,29909736.08,2379020407.8032,303,2015,142,79.34188502732526
2015-07-22,2015-07-21,Prod. Sold Negotiated,9851,77.2,196.32,77.2,1933948.32,149300810.304,1738321.7999999998,136440878.082,303,2015,142,77.81064002612095
2015-07-23,2015-07-22,Prod. Sold Swine or Pork Market Formula,170559,78.87,210.0,78.87,35817390.0,2824917549.3,34474012.300000004,2729307553.7910004,304,2015,143,79.0171332673925
2015-07-23,2015-07-22,Prod. Sold Negotiated,8490,77.42,192.11,77.42,1631013.9,126273096.138,1933948.32,149300810.304,304,2015,143,77.300652695837
2015-07-24,2015-07-23,Prod. Sold Swine or Pork Market Formula,170141,78.71,210.11,78.71,35748325.510000005,2813750700.8921003,35817390.0,2824917549.3,305,2015,144,78.7900772039958
2015-07-24,2015-07-23,Prod. Sold Negotiated,8325,77.0,196.7,77.0,1637527.5,126089617.5,1631013.9,126273096.138,305,2015,144,77.2095815087427
2015-07-27,2015-07-24,Prod. Sold Swine or Pork Market Formula,170328,78.58,209.84,78.58,35741627.52,2808577090.5216,35748325.510000005,2813750700.8921003,311,2015,145,78.64500608993755
2015-07-27,2015-07-24,Prod. Sold Negotiated,14953,76.55,203.83,76.55,3047869.99,233314447.7345,1637527.5,126089617.5,311,2015,145,76.70727318260036
2015-07-28,2015-07-27,Prod. Sold Negotiated,10764,76.33,200.88,76.33,2162272.32,165046246.18559998,3047869.99,233314447.7345,312,2015,146,76.45869732876835
2015-07-28,2015-07-27,Prod. Sold Swine or Pork Market Formula,159721,78.43,207.82,78.43,33193218.22,2603344104.9946003,35741627.52,2808577090.5216,312,2015,146,78.50777262820347
2015-07-29,2015-07-28,Prod. Sold Negotiated,10319,76.37,196.0,76.37,2022524.0,154460157.88,2162272.32,165046246.18559998,313,2015,147,76.3493321141135
2015-07-29,2015-07-28,Prod. Sold Swine or Pork Market Formula,165986,78.47,208.25,78.47,34566584.5,2712439885.715,33193218.22,2603344104.9946003,313,2015,147,78.45040536312825
2015-07-30,2015-07-29,Prod. Sold Negotiated,8900,76.99,196.14,76.99,1745645.9999999998,134397285.53999996,2022524.0,154460157.88,314,2015,148,76.65722178670282
2015-07-30,2015-07-29,Prod. Sold Swine or Pork Market Formula,169947,78.75,208.97,78.75,35513824.59,2796713686.4625,34566584.5,2712439885.715,314,2015,148,78.6118923064851
2015-07-31,2015-07-30,Prod. Sold Swine or Pork Market Formula,164465,78.95,209.84,78.95,34511335.6,2724669945.6200004,35513824.59,2796713686.4625,315,2015,149,78.84856838743778
2015-07-31,2015-07-30,Prod. Sold Negotiated,9435,76.7,197.05,76.7,1859166.75,142598089.725,1745645.9999999998,134397285.53999996,315,2015,149,76.84043374097587
2015-08-03,2015-07-31,Prod. Sold Swine or Pork Market Formula,162190,78.6,210.54,78.6,34147482.6,2683992132.36,34511335.6,2724669945.6200004,321,2015,150,78.77592740126715
2015-08-03,2015-07-31,Prod. Sold Negotiated,10654,77.37,201.2,77.37,2143584.8,165849155.97599998,1859166.75,142598089.725,321,2015,150,77.05880363746283
2015-08-04,2015-08-03,Prod. Sold Swine or Pork Market Formula,140522,78.93,208.78,78.93000000000002,29338183.16,2315662796.8188004,34147482.6,2683992132.36,322,2015,151,78.7525005735846
2015-08-04,2015-08-03,Prod. Sold Negotiated,6640,77.38,198.76,77.38,1319766.4,102123524.032,2143584.8,165849155.97599998,322,2015,151,77.37381066292093
2015-08-05,2015-08-04,Prod. Sold Swine or Pork Market Formula,164044,79.1,208.66,79.1,34229421.04,2707547204.264,29338183.16,2315662796.8188004,323,2015,152,79.02154036320908
2015-08-05,2015-08-04,Prod. Sold Negotiated,7122,77.52,194.17,77.52,1382878.74,107200759.9248,1319766.4,102123524.032,323,2015,152,77.45163464442099
2015-08-06,2015-08-05,Prod. Sold Swine or Pork Market Formula,167821,79.2,209.1,79.2,35091371.1,2779236591.1200004,34229421.04,2707547204.264,324,2015,153,79.15062171105768
2015-08-06,2015-08-05,Prod. Sold Negotiated,6517,77.16,192.46,77.16,1254261.82,96778842.0312,1382878.74,107200759.9248,324,2015,153,77.3487788440067
2015-08-07,2015-08-06,Prod. Sold Swine or Pork Market Formula,164995,79.15,210.15,79.15,34673699.25,2744423295.6375003,35091371.1,2779236591.1200004,325,2015,154,79.17514967083382
2015-08-07,2015-08-06,Prod. Sold Negotiated,9228,77.46,196.58,77.46,1814040.24,140515556.99040002,1254261.82,96778842.0312,325,2015,154,77.33736587251124
2015-08-10,2015-08-07,Prod. Sold Swine or Pork Market Formula,169965,78.86,209.19,78.86,35554978.35,2803865592.681,34673699.25,2744423295.6375003,331,2015,155,79.00318043748129
2015-08-10,2015-08-07,Prod. Sold Negotiated,14250,77.4,202.32,77.4,2883060.0,223148844.00000003,1814040.24,140515556.99040002,331,2015,155,77.42317225710303
2015-08-11,2015-08-10,Prod. Sold Negotiated,6783,76.79,197.35,76.79,1338625.05,102793017.5895,2883060.0,223148844.00000003,332,2015,156,77.20657929930135
2015-08-11,2015-08-10,Prod. Sold Swine or Pork Market Formula,166022,78.92,207.37,78.92,34427982.14,2717056350.4888,35554978.35,2803865592.681,332,2015,156,78.88951688402342
2015-08-12,2015-08-11,Prod. Sold Swine or Pork Market Formula,163464,78.59,208.18,78.59,34029935.52,2674412632.5168004,34427982.14,2717056350.4888,333,2015,157,78.75595938781875
2015-08-12,2015-08-11,Prod. Sold Negotiated,7396,76.34,193.53,76.34,1431347.88,109269097.1592,1338625.05,102793017.5895,333,2015,157,76.55746828858
2015-08-13,2015-08-12,Prod. Sold Swine or Pork Market Formula,169499,78.49,208.33,78.49,35311726.67,2771617426.3283,34029935.52,2674412632.5168004,334,2015,158,78.5390757424112
2015-08-13,2015-08-12,Prod. Sold Negotiated,6671,76.08,192.06,76.08,1281232.26,97476150.3408,1431347.88,109269097.1592,334,2015,158,76.21719426877466
2015-08-14,2015-08-13,Prod. Sold Negotiated,7754,77.15,192.15,77.15,1489931.1,114948184.365,1281232.26,97476150.3408,335,2015,159,76.65529133793108
2015-08-14,2015-08-13,Prod. Sold Swine or Pork Market Formula,167061,78.72,209.36,78.72,34975890.96,2753302136.3712,35311726.67,2771617426.3283,335,2015,159,78.60445052759005
2015-08-17,2015-08-14,Prod. Sold Negotiated,13018,76.51,201.27,76.51,2620132.8600000003,200466365.11860004,1489931.1,114948184.365,341,2015,160,76.7420051252925
2015-08-17,2015-08-14,Prod. Sold Swine or Pork Market Formula,201533,78.87,209.58,78.87,42237286.14,3331254757.8618,34975890.96,2753302136.3712,341,2015,160,78.80205326032362
2015-08-18,2015-08-17,Prod. Sold Negotiated,9138,76.75,197.08,76.75,1800917.04,138220382.82,2620132.8600000003,200466365.11860004,342,2015,161,76.60776412828999
2015-08-18,2015-08-17,Prod. Sold Swine or Pork Market Formula,167340,78.99,207.26,78.99,34682888.4,2739601354.716,42237286.14,3331254757.8618,342,2015,161,78.92410734742725
2015-08-19,2015-08-18,Prod. Sold Negotiated,8695,77.22,194.5,77.22,1691177.5,130592726.55,1800917.04,138220382.82,343,2015,162,76.9776150934333
2015-08-19,2015-08-18,Prod. Sold Swine or Pork Market Formula,170979,79.07,207.96,79.07,35556792.84,2811475609.8588,34682888.4,2739601354.716,343,2015,162,79.03049766993503
2015-08-20,2015-08-19,Prod. Sold Swine or Pork Market Formula,170090,79.3,209.08,79.3,35562417.2,2820099683.96,35556792.84,2811475609.8588,344,2015,163,79.18500909460889
2015-08-20,2015-08-19,Prod. Sold Negotiated,9215,77.15,196.69,77.15,1812498.35,139834247.70250002,1691177.5,130592726.55,344,2015,163,77.18378806432676
2015-08-21,2015-08-20,Prod. Sold Swine or Pork Market Formula,181329,79.1,209.47,79.1,37982985.63,3004454163.333,35562417.2,2820099683.96,345,2015,164,79.19670874271283
2015-08-21,2015-08-20,Prod. Sold Negotiated,9174,76.66,200.2,76.66,1836634.8,140796423.76799998,1812498.35,139834247.70250002,345,2015,164,76.90337949726499
2015-08-24,2015-08-21,Prod. Sold Negotiated,21545,77.06,204.14,77.06,4398196.3,338925006.878,1836634.8,140796423.76799998,351,2015,165,76.94216939509397
2015-08-24,2015-08-21,Prod. Sold Swine or Pork Market Formula,224617,78.97,209.06,78.97,46958430.02,3708307218.6794,37982985.63,3004454163.333,351,2015,165,79.0281316910498
2015-08-25,2015-08-24,Prod. Sold Negotiated,9878,76.81,200.43,76.81,1979847.54,152072089.5474,4398196.3,338925006.878,352,2015,166,76.98239597321425
2015-08-25,2015-08-24,Prod. Sold Swine or Pork Market Formula,169748,78.87,207.97,78.87,35302491.56,2784307509.3372,46958430.02,3708307218.6794,352,2015,166,78.9270847361275
2015-08-26,2015-08-25,Prod. Sold Negotiated,9507,77.68,196.36,77.68,1866794.52,145012598.3136,1979847.54,152072089.5474,353,2015,167,77.23221532626822
2015-08-26,2015-08-25,Prod. Sold Swine or Pork Market Formula,170613,78.88,207.79,78.88,35451675.27,2796428145.2976,35302491.56,2784307509.3372,353,2015,167,78.87501054239748
2015-08-27,2015-08-26,Prod. Sold Negotiated,8869,76.33,195.45,76.33,1733446.0499999998,132313936.9965,1866794.52,145012598.3136,354,2015,168,77.03000116742199
2015-08-27,2015-08-26,Prod. Sold Swine or Pork Market Formula,179879,78.65,207.88,78.65,37393246.52,2940978838.798,35451675.27,2796428145.2976,354,2015,168,78.76193484887808
2015-08-28,2015-08-27,Prod. Sold Negotiated,11295,76.38,197.75,76.38,2233586.25,170601317.77499998,1733446.0499999998,132313936.9965,355,2015,169,76.35815185359091
2015-08-28,2015-08-27,Prod. Sold Swine or Pork Market Formula,177831,78.11,209.13,78.11,37189797.03,2904895046.0133,37393246.52,2940978838.798,355,2015,169,78.38073651274722
2015-08-31,2015-08-28,Prod. Sold Swine or Pork Market Formula,204506,77.51,208.98,77.51,42737663.88,3312596327.3388,37189797.03,2904895046.0133,361,2015,170,77.7891766179477
2015-08-31,2015-08-28,Prod. Sold Negotiated,17146,76.52,200.69,76.52,3441030.74,263307672.2248,2233586.25,170601317.77499998,361,2015,170,76.46489459367018
2015-09-01,2015-08-31,Prod. Sold Swine or Pork Market Formula,172262,77.06,206.93,77.06,35646175.660000004,2746894296.3596005,42737663.88,3312596327.3388,362,2015,171,77.30535604352714
2015-09-01,2015-08-31,Prod. Sold Negotiated,9689,75.42,196.93,75.42,1908054.77,143905490.7534,3441030.74,263307672.2248,362,2015,171,76.12762260332606
2015-09-02,2015-09-01,Prod. Sold Negotiated,11080,74.59,195.75,74.59,2168910.0,161778996.9,1908054.77,143905490.7534,363,2015,172,74.9784471778499
2015-09-02,2015-09-01,Prod. Sold Swine or Pork Market Formula,168944,76.92,206.32,76.92,34856526.08,2681163986.0736,35646175.660000004,2746894296.3596005,363,2015,172,76.99078401918275
2015-09-03,2015-09-02,Prod. Sold Swine or Pork Market Formula,176099,76.11,208.07,76.11,36640918.93,2788740339.7623,34856526.08,2681163986.0736,364,2015,173,76.50489223874854
2015-09-03,2015-09-02,Prod. Sold Negotiated,9653,74.08,196.19,74.08,1893822.07,140294338.9456,2168910.0,161778996.9,364,2015,173,74.352266071437
2015-09-04,2015-09-03,Prod. Sold Swine or Pork Market Formula,178441,75.2,209.21,75.2,37331641.61,2807339449.072,36640918.93,2788740339.7623,365,2015,174,75.65075141353624
2015-09-04,2015-09-03,Prod. Sold Negotiated,11736,73.2,199.01,73.2,2335581.36,170964555.552,1893822.07,140294338.9456,365,2015,174,73.59404219748313
2015-09-08,2015-09-04,Prod. Sold Swine or Pork Market Formula,198262,74.52,209.62,74.52,41559680.44,3097027386.3888,37331641.61,2807339449.072,372,2015,175,74.84177831015067
2015-09-08,2015-09-04,Prod. Sold Negotiated,13726,73.72,202.18,73.72,2775122.68,204582043.9696,2335581.36,170964555.552,372,2015,175,73.48236105677526
2015-09-09,2015-09-08,Prod. Sold Swine or Pork Market Formula,162994,73.41,208.51,73.41,33985878.94,2494903372.9854,41559680.44,3097027386.3888,373,2015,176,74.02064138867986
2015-09-09,2015-09-08,Prod. Sold Negotiated,10553,70.62,195.23,70.62,2060262.19,145495715.8578,2775122.68,204582043.9696,373,2015,176,72.39915109950702
2015-09-10,2015-09-09,Prod. Sold Negotiated,8307,70.24,192.53,70.24,1599346.71,112338112.9104,2060262.19,145495715.8578,374,2015,177,70.45392986343431
2015-09-10,2015-09-09,Prod. Sold Swine or Pork Market Formula,177728,73.03,209.45,73.03,37225129.6,2718551214.688,33985878.94,2494903372.9854,374,2015,177,73.21135726851763
2015-09-11,2015-09-10,Prod. Sold Swine or Pork Market Formula,175561,72.61,210.96,72.61,37036348.56,2689209268.9416003,37225129.6,2718551214.688,375,2015,178,72.82053384364792
2015-09-11,2015-09-10,Prod. Sold Negotiated,7838,69.48,195.34,69.48,1531074.92,106379085.4416,1599346.71,112338112.9104,375,2015,178,69.8682874715506
2015-09-14,2015-09-11,Prod. Sold Negotiated,21981,70.11,204.0,70.11,4484124.0,314381933.64,1531074.92,106379085.4416,381,2015,179,69.94964334140424
2015-09-14,2015-09-11,Prod. Sold Swine or Pork Market Formula,300521,71.74,211.07,71.74000000000001,63430967.47,4550537606.2978,37036348.56,2689209268.9416003,381,2015,179,72.0607174683315
2015-09-15,2015-09-14,Prod. Sold Swine or Pork Market Formula,168866,71.22,208.35,71.22,35183231.1,2505749718.942,63430967.47,4550537606.2978,382,2015,180,71.55447620690227
2015-09-15,2015-09-14,Prod. Sold Negotiated,10773,68.95,198.79,68.95,2141564.67,147660883.99650002,4484124.0,314381933.64,382,2015,180,69.73506312310627
2015-09-16,2015-09-15,Prod. Sold Negotiated,10361,68.29,196.0,68.29,2030756.0,138680327.24,2141564.67,147660883.99650002,383,2015,181,68.62876415405051
2015-09-16,2015-09-15,Prod. Sold Swine or Pork Market Formula,179996,71.02,208.9,71.02,37601164.4,2670434695.688,35183231.1,2505749718.942,383,2015,181,71.11667795097644
2015-09-17,2015-09-16,Prod. Sold Swine or Pork Market Formula,173482,71.22,209.26,71.22,36302843.32,2585488501.2504,37601164.4,2670434695.688,384,2015,182,71.1182432331885
2015-09-17,2015-09-16,Prod. Sold Negotiated,9600,68.16,195.78,68.16,1879488.0,128105902.08,2030756.0,138680327.24,384,2015,182,68.22751452850513
2015-09-18,2015-09-17,Prod. Sold Negotiated,10947,69.01,195.61,69.01,2141342.67,147774057.65670002,1879488.0,128105902.08,385,2015,183,68.6126779212764
2015-09-18,2015-09-17,Prod. Sold Swine or Pork Market Formula,162083,71.47,209.64,71.47,33979080.12,2428484856.1764,36302843.32,2585488501.2504,385,2015,183,71.34086706814807
2015-09-21,2015-09-18,Prod. Sold Negotiated,19109,68.78,203.42,68.78,3887152.78,267358368.2084,2141342.67,147774057.65670002,391,2015,184,68.86169680448214
2015-09-21,2015-09-18,Prod. Sold Swine or Pork Market Formula,222493,71.43,210.31,71.43,46792502.83,3342388477.1469,33979080.12,2428484856.1764,391,2015,184,71.44682724486954
2015-09-22,2015-09-21,Prod. Sold Swine or Pork Market Formula,160334,71.85,209.19,71.85,33540269.46,2409868360.701,46792502.83,3342388477.1469,392,2015,185,71.60535699032454
2015-09-22,2015-09-21,Prod. Sold Negotiated,10055,69.48,200.8,69.48,2019044.0,140283177.12,3887152.78,267358368.2084,392,2015,185,69.01929625995294
2015-09-23,2015-09-22,Prod. Sold Swine or Pork Market Formula,174605,71.88,208.91,71.88,36476730.55,2621947391.9339995,33540269.46,2409868360.701,393,2015,186,71.86562908888332
2015-09-23,2015-09-22,Prod. Sold Negotiated,9922,69.5,196.32,69.5,1947887.04,135378149.28,2019044.0,140283177.12,393,2015,186,69.48982062466102
2015-09-24,2015-09-23,Prod. Sold Negotiated,6512,69.78,201.07,69.78,1309367.84,91367687.8752,1947887.04,135378149.28,394,2015,187,69.61255582037842
2015-09-24,2015-09-23,Prod. Sold Swine or Pork Market Formula,170821,71.99,209.18,71.99,35732336.78,2572370924.7922,36476730.55,2621947391.9339995,394,2015,187,71.93443301223982
2015-09-25,2015-09-24,Prod. Sold Negotiated,10125,69.94,195.95,69.94,1983993.75,138760522.875,1309367.84,91367687.8752,395,2015,188,69.87638753332274
2015-09-25,2015-09-24,Prod. Sold Swine or Pork Market Formula,169373,71.81,209.92,71.81,35554780.16,2553188763.2896,35732336.78,2572370924.7922,395,2015,188,71.90022416526978
2015-09-28,2015-09-25,Prod. Sold Swine or Pork Market Formula,216723,72.14,210.81,72.14,45687375.63,3295887277.9482,35554780.16,2553188763.2896,401,2015,189,71.99557894988499
2015-09-28,2015-09-25,Prod. Sold Negotiated,19718,70.02,201.68,70.02,3976726.24,278450371.3248,1983993.75,138760522.875,401,2015,189,69.99337242811836
2015-09-29,2015-09-28,Prod. Sold Negotiated,9715,70.26,197.43,70.26,1918032.45,134760959.937,3976726.24,278450371.3248,402,2015,190,70.09809103174672
2015-09-29,2015-09-28,Prod. Sold Swine or Pork Market Formula,172294,72.16,209.48,72.16,36092147.12,2604409336.1792,45687375.63,3295887277.9482,402,2015,190,72.1488266954627
2015-09-30,2015-09-29,Prod. Sold Negotiated,8586,71.0,198.18,71.0,1701573.48,120811717.08,1918032.45,134760959.937,403,2015,191,70.60787333194584
2015-09-30,2015-09-29,Prod. Sold Swine or Pork Market Formula,175712,72.46,209.05,72.46,36732593.6,2661643732.256,36092147.12,2604409336.1792,403,2015,191,72.31131915295613
2015-10-01,2015-09-30,Prod. Sold Swine or Pork Market Formula,169335,73.0,210.98,73.0,35726298.3,2608019775.9,36732593.6,2661643732.256,404,2015,192,72.72625029138763
2015-10-01,2015-09-30,Prod. Sold Negotiated,6956,70.88,194.2,70.88,1350855.2,95748616.576,1701573.48,120811717.08,404,2015,192,70.94689388647731
2015-10-02,2015-10-01,Prod. Sold Negotiated,10178,71.44,201.2,71.44,2047813.6,146295803.584,1350855.2,95748616.576,405,2015,193,71.21741905536662
2015-10-02,2015-10-01,Prod. Sold Swine or Pork Market Formula,173861,73.29,211.57,73.29,36783771.77,2695882633.0233,35726298.3,2608019775.9,405,2015,193,73.1471146532199
2015-10-05,2015-10-02,Prod. Sold Swine or Pork Market Formula,220701,73.64,211.36,73.64,46647363.36,3435111837.8304,36783771.77,2695882633.0233,411,2015,194,73.48568926097626
2015-10-05,2015-10-02,Prod. Sold Negotiated,12124,71.39,201.62,71.39,2444440.88,174508634.42319998,2047813.6,146295803.584,411,2015,194,71.41279271587483
2015-10-06,2015-10-05,Prod. Sold Negotiated,8972,72.06,199.45,72.06,1789465.4,128948876.724,2444440.88,174508634.42319998,412,2015,195,71.67317627710929
2015-10-06,2015-10-05,Prod. Sold Swine or Pork Market Formula,164031,74.15,209.69,74.15,34395660.39,2550438217.9185004,46647363.36,3435111837.8304,412,2015,195,73.85645029994208
2015-10-07,2015-10-06,Prod. Sold Negotiated,10213,73.28,206.09,73.28,2104797.17,154239536.6176,1789465.4,128948876.724,413,2015,196,72.71939378797461
2015-10-07,2015-10-06,Prod. Sold Swine or Pork Market Formula,172237,74.6,209.66,74.6,36111209.42,2693896222.732,34395660.39,2550438217.9185004,413,2015,196,74.38047462300892
2015-10-08,2015-10-07,Prod. Sold Negotiated,8100,73.12,196.37,73.12,1590597.0,116304452.64,2104797.17,154239536.6176,414,2015,197,73.21113169846237
2015-10-08,2015-10-07,Prod. Sold Swine or Pork Market Formula,169435,75.07,210.75,75.07,35708426.25,2680631558.5875,36111209.42,2693896222.732,414,2015,197,74.83368205896525
2015-10-09,2015-10-08,Prod. Sold Negotiated,9692,73.62,202.87,73.62,1966216.04,144752824.8648,1590597.0,116304452.64,415,2015,198,73.3964013764412
2015-10-09,2015-10-08,Prod. Sold Swine or Pork Market Formula,174717,74.76,211.92,74.76,37026026.64,2768065751.6064,35708426.25,2680631558.5875,415,2015,198,74.91219214138093
2015-10-12,2015-10-09,Prod. Sold Negotiated,16055,73.52,205.23,73.52,3294967.65,242246021.628,1966216.04,144752824.8648,421,2015,199,73.55737212300224
2015-10-12,2015-10-09,Prod. Sold Swine or Pork Market Formula,219867,74.92,211.36,74.92,46471089.120000005,3481613996.8704004,37026026.64,2768065751.6064,421,2015,199,74.84904947424259
2015-10-13,2015-10-12,Prod. Sold Swine or Pork Market Formula,154504,75.04,210.59,75.04,32536997.36,2441576281.8944,46471089.120000005,3481613996.8704004,422,2015,200,74.96941822865422
2015-10-13,2015-10-12,Prod. Sold Negotiated,10169,72.48,199.49,72.47999999999999,2028613.81,147033928.9488,3294967.65,242246021.628,422,2015,200,73.12369567400212
2015-10-14,2015-10-13,Prod. Sold Negotiated,8514,73.18,196.81,73.18,1675640.34,122623360.08120002,2028613.81,147033928.9488,423,2015,201,72.7966489637327
2015-10-14,2015-10-13,Prod. Sold Swine or Pork Market Formula,168504,75.08,210.89,75.08,35535808.559999995,2668028506.6848,32536997.36,2441576281.8944,423,2015,201,75.060881059965
2015-10-15,2015-10-14,Prod. Sold Negotiated,7423,72.8,198.21,72.8,1471312.83,107111574.024,1675640.34,122623360.08120002,424,2015,202,73.002336448877
2015-10-15,2015-10-14,Prod. Sold Swine or Pork Market Formula,178699,75.06,211.44,75.06,37784116.56,2836075788.9936004,35535808.559999995,2668028506.6848,424,2015,202,75.069693356479
2015-10-16,2015-10-15,Prod. Sold Swine or Pork Market Formula,179202,75.05,212.28,75.05,38041000.56,2854977092.028,37784116.56,2836075788.9936004,425,2015,203,75.05498306075813
2015-10-16,2015-10-15,Prod. Sold Negotiated,9407,72.79,204.41,72.79,1922884.87,139966789.6873,1471312.83,107111574.024,425,2015,203,72.7943347882476
2015-10-19,2015-10-16,Prod. Sold Swine or Pork Market Formula,238058,74.45,212.73,74.45,50642078.34,3770302732.413,38041000.56,2854977092.028,431,2015,204,74.70737266476435
2015-10-19,2015-10-16,Prod. Sold Negotiated,18801,72.93,208.51,72.93,3920196.51,285899931.4743,1922884.87,139966789.6873,431,2015,204,72.88392775416041
2015-10-20,2015-10-19,Prod. Sold Swine or Pork Market Formula,157131,74.48,212.01,74.48,33313343.31,2481177809.7288,50642078.34,3770302732.413,432,2015,205,74.4619039399679
2015-10-20,2015-10-19,Prod. Sold Negotiated,8063,72.22,201.32,72.22,1623243.16,117230621.0152,3920196.51,285899931.4743,432,2015,205,72.72209611501013
2015-10-21,2015-10-20,Prod. Sold Negotiated,7838,72.66,209.72,72.66,1643785.36,119437444.2576,1623243.16,117230621.0152,433,2015,206,72.44138330105545
2015-10-21,2015-10-20,Prod. Sold Swine or Pork Market Formula,163729,74.34,211.74,74.34,34667978.46,2577217518.7164,33313343.31,2481177809.7288,433,2015,206,74.40860513949961
2015-10-22,2015-10-21,Prod. Sold Negotiated,7874,72.03,211.12,72.03,1662358.88,119739710.1264,1643785.36,119437444.2576,434,2015,207,72.34323036795274
2015-10-22,2015-10-21,Prod. Sold Swine or Pork Market Formula,180107,74.37,211.76,74.37,38139458.32,2836431515.2584,34667978.46,2577217518.7164,434,2015,207,74.355715204383
2015-10-23,2015-10-22,Prod. Sold Swine or Pork Market Formula,172788,74.05,213.02,74.05,36807299.760000005,2725580547.228,38139458.32,2836431515.2584,435,2015,208,74.21284395716451
2015-10-23,2015-10-22,Prod. Sold Negotiated,8444,72.04,207.5,72.04,1752130.0,126223445.20000002,1662358.88,119739710.1264,435,2015,208,72.03513145616103
2015-10-26,2015-10-23,Prod. Sold Swine or Pork Market Formula,265279,73.49,213.85,73.49,56729914.15,4169081390.8835,36807299.760000005,2725580547.228,441,2015,209,73.71036243120767
2015-10-26,2015-10-23,Prod. Sold Negotiated,22239,72.54,211.01,72.54,4692651.39,340404931.8306,1752130.0,126223445.20000002,441,2015,209,72.40406598657337
2015-10-27,2015-10-26,Prod. Sold Swine or Pork Market Formula,164524,73.12,212.67,73.12,34989319.08,2558419011.1296,56729914.15,4169081390.8835,442,2015,210,73.34885132699337
2015-10-27,2015-10-26,Prod. Sold Negotiated,13454,72.68,204.07,72.68,2745557.78,199547139.4504,4692651.39,340404931.8306,442,2015,210,72.59167616027123
2015-10-28,2015-10-27,Prod. Sold Swine or Pork Market Formula,172761,72.47,213.14,72.47,36822279.54,2668510598.2638,34989319.08,2558419011.1296,443,2015,211,72.78670451346373
2015-10-28,2015-10-27,Prod. Sold Negotiated,8112,71.08,202.25,71.08,1640652.0,116617544.16,2745557.78,199547139.4504,443,2015,211,72.0815235632437
2015-10-29,2015-10-28,Prod. Sold Swine or Pork Market Formula,170787,71.92,212.4,71.92,36275158.8,2608909420.8960004,36822279.54,2668510598.2638,444,2015,212,72.19705832388817
2015-10-29,2015-10-28,Prod. Sold Negotiated,4807,68.69,208.54,68.69,1002451.78,68858412.7682,1640652.0,116617544.16,444,2015,212,70.17354306390497
2015-10-30,2015-10-29,Prod. Sold Swine or Pork Market Formula,188273,70.69,213.78,70.69,40249001.94,2845201947.1386,36275158.8,2608909420.8960004,445,2015,213,71.2730635042911
2015-10-30,2015-10-29,Prod. Sold Negotiated,6857,67.96,209.95,67.96,1439627.15,97837061.11399996,1002451.78,68858412.7682,445,2015,213,68.25965853699904
2015-11-02,2015-10-30,Prod. Sold Swine or Pork Market Formula,216500,69.47,213.22,69.47,46162130.0,3206883171.1,40249001.94,2845201947.1386,451,2015,214,70.03825759904285
2015-11-02,2015-10-30,Prod. Sold Negotiated,18927,69.35,213.32,69.35,4037507.64,280001154.83399993,1439627.15,97837061.11399996,451,2015,214,68.98464807509329
2015-11-03,2015-11-02,Prod. Sold Negotiated,11668,65.6,204.49,65.6,2385989.3200000003,156520899.39200002,4037507.64,280001154.83399993,452,2015,215,67.95707337362855
2015-11-03,2015-11-02,Prod. Sold Swine or Pork Market Formula,169831,68.26,212.65,68.26,36114562.15,2465180012.359,46162130.0,3206883171.1,452,2015,215,68.9388821456041
2015-11-04,2015-11-03,Prod. Sold Swine or Pork Market Formula,176731,67.45,212.51,67.45,37557104.81,2533226719.4345,36114562.15,2465180012.359,453,2015,216,67.84706981732045
2015-11-04,2015-11-03,Prod. Sold Negotiated,8903,62.92,204.06,62.92000000000001,1816746.18,114309669.6456,2385989.3200000003,156520899.39200002,453,2015,216,64.44149745745361
2015-11-05,2015-11-04,Prod. Sold Swine or Pork Market Formula,173882,65.66,214.07,65.66,37222919.74,2444056910.1284,37557104.81,2533226719.4345,454,2015,217,66.55899967289993
2015-11-05,2015-11-04,Prod. Sold Negotiated,7575,63.52,196.27,63.52,1486745.25,94438058.28,1816746.18,114309669.6456,454,2015,217,63.190031622270624
2015-11-06,2015-11-05,Prod. Sold Swine or Pork Market Formula,178018,63.88,214.06,63.88000000000001,38106533.08,2434245333.1504,37222919.74,2444056910.1284,455,2015,218,64.7595603134875
2015-11-06,2015-11-05,Prod. Sold Negotiated,12702,60.93,205.22,60.93,2606704.44,158826501.5292,1486745.25,94438058.28,455,2015,218,61.8706907349825
2015-11-09,2015-11-06,Prod. Sold Swine or Pork Market Formula,246148,61.82,215.8,61.82,53118738.400000006,3283800407.8880005,38106533.08,2434245333.1504,461,2015,219,62.680501228127454
2015-11-09,2015-11-06,Prod. Sold Negotiated,21309,60.88,211.31,60.88000000000001,4502804.79,274130755.61520004,2606704.44,158826501.5292,461,2015,219,60.898332520260325
2015-11-10,2015-11-09,Prod. Sold Swine or Pork Market Formula,158370,60.4,213.5,60.4,33811995.0,2042244498.0,53118738.400000006,3283800407.8880005,462,2015,220,61.26768632424767
2015-11-10,2015-11-09,Prod. Sold Negotiated,16011,59.1,203.13,59.1,3252314.43,192211782.813,4502804.79,274130755.61520004,462,2015,220,60.13350990472588
2015-11-11,2015-11-10,Prod. Sold Negotiated,6077,58.25,211.36,58.25,1284434.72,74818322.44,3252314.43,192211782.813,463,2015,221,58.85934981725847
2015-11-11,2015-11-10,Prod. Sold Swine or Pork Market Formula,163975,59.41,214.75,59.41,35213631.25,2092041832.5625,33811995.0,2042244498.0,463,2015,221,59.89494851649391
2015-11-12,2015-11-11,Prod. Sold Negotiated,9990,57.03,199.82,57.03,1996201.8,113843388.654,1284434.72,74818322.44,464,2015,222,57.50765436641545
2015-11-12,2015-11-11,Prod. Sold Swine or Pork Market Formula,171124,58.52,214.16,58.52,36647915.84,2144636034.9568,35213631.25,2092041832.5625,464,2015,222,58.95611824517568
2015-11-13,2015-11-12,Prod. Sold Swine or Pork Market Formula,182945,57.6,214.59,57.60000000000001,39258167.55,2261270450.88,36647915.84,2144636034.9568,465,2015,223,58.04418156051564
2015-11-13,2015-11-12,Prod. Sold Negotiated,10130,54.73,203.2,54.73,2058416.0,112657107.68,1996201.8,113843388.654,465,2015,223,55.86235435902245
2015-11-16,2015-11-13,Prod. Sold Negotiated,29933,55.14,211.6,55.14,6333822.8,349246989.192,2058416.0,112657107.68,471,2015,224,55.039436779611165
2015-11-16,2015-11-13,Prod. Sold Swine or Pork Market Formula,283995,56.85,214.69,56.85,60970886.55,3466194900.3675,39258167.55,2261270450.88,471,2015,224,57.143763379559815
2015-11-17,2015-11-16,Prod. Sold Swine or Pork Market Formula,164640,56.37,213.1,56.37,35084784.0,1977729274.08,60970886.55,3466194900.3675,472,2015,225,56.674677749646925
2015-11-17,2015-11-16,Prod. Sold Negotiated,15255,53.54,203.32,53.540000000000006,3101646.6,166062158.96400002,6333822.8,349246989.192,472,2015,225,54.61404476135549
2015-11-18,2015-11-17,Prod. Sold Swine or Pork Market Formula,173273,56.1,214.22,56.1,37118542.06,2082350209.566,35084784.0,1977729274.08,473,2015,226,56.231197441958955
2015-11-18,2015-11-17,Prod. Sold Negotiated,9412,52.88,201.27,52.88,1894353.24,100173399.3312,3101646.6,166062158.96400002,473,2015,226,53.289745160440205
2015-11-19,2015-11-18,Prod. Sold Swine or Pork Market Formula,174097,55.99,213.62,55.99,37190601.14,2082301757.8286,37118542.06,2082350209.566,474,2015,227,56.04494666538694
2015-11-19,2015-11-18,Prod. Sold Negotiated,8386,51.62,199.33,51.62,1671581.38,86287030.8356,1894353.24,100173399.3312,474,2015,227,52.28935749999814
2015-11-20,2015-11-19,Prod. Sold Swine or Pork Market Formula,178560,55.42,214.4,55.42,38283264.0,2121658490.88,37190601.14,2082301757.8286,475,2015,228,55.70087395034662
2015-11-20,2015-11-19,Prod. Sold Negotiated,9315,51.79,197.34,51.79,1838222.1,95201522.559,1671581.38,86287030.8356,475,2015,228,51.7090356849837
2015-11-23,2015-11-20,Prod. Sold Swine or Pork Market Formula,268315,55.71,214.69,55.71,57604547.35,3209149332.8685,38283264.0,2121658490.88,481,2015,229,55.59421733269649
2015-11-23,2015-11-20,Prod. Sold Negotiated,22988,52.21,208.78,52.21,4799434.64,250578482.5544,1838222.1,95201522.559,481,2015,229,52.0936858680342
2015-11-24,2015-11-23,Prod. Sold Swine or Pork Market Formula,162373,55.83,212.25,55.83,34463669.25,1924106654.2275,57604547.35,3209149332.8685,482,2015,230,55.75491930508407
2015-11-24,2015-11-23,Prod. Sold Negotiated,9728,51.63,199.56,51.63,1941319.68,100230335.0784,4799434.64,250578482.5544,482,2015,230,52.04296151128677
2015-11-25,2015-11-24,Prod. Sold Swine or Pork Market Formula,179794,55.76,212.95,55.76,38287132.3,2134890497.048,34463669.25,1924106654.2275,483,2015,231,55.79316055350733
2015-11-25,2015-11-24,Prod. Sold Negotiated,6018,52.67,195.25,52.67,1175014.5,61888013.715,1941319.68,100230335.0784,483,2015,231,52.02213223275047
2015-11-27,2015-11-25,Prod. Sold Swine or Pork Market Formula,176728,55.96,214.12,55.96,37840999.36,2117582324.1856,38287132.3,2134890497.048,485,2015,232,55.85941397098514
2015-11-27,2015-11-25,Prod. Sold Negotiated,7443,52.09,200.14,52.09,1489642.0199999998,77595452.8218,1175014.5,61888013.715,485,2015,232,52.3457584457452
2015-11-30,2015-11-27,Prod. Sold Swine or Pork Market Formula,332214,55.68,215.7,55.68,71658559.8,3989948609.664,37840999.36,2117582324.1856,491,2015,233,55.77676276235339
2015-11-30,2015-11-27,Prod. Sold Negotiated,15213,51.91,206.54,51.91,3142093.02,163106048.6682,1489642.0199999998,77595452.8218,491,2015,233,51.96789095474684
2015-12-01,2015-11-30,Prod. Sold Negotiated,10118,52.61,201.85,52.61,2042318.3,107446365.763,3142093.02,163106048.6682,492,2015,234,52.18575412554264
2015-12-01,2015-11-30,Prod. Sold Swine or Pork Market Formula,166668,55.74,213.63,55.74,35605284.84,1984638576.9816,71658559.8,3989948609.664,492,2015,234,55.69991646950163
2015-12-02,2015-12-01,Prod. Sold Negotiated,8683,52.64,201.75,52.64000000000001,1751795.25,92214501.96,2042318.3,107446365.763,493,2015,235,52.6238514192597
2015-12-02,2015-12-01,Prod. Sold Swine or Pork Market Formula,178231,56.19,213.35,56.19,38025583.85,2136657556.5315,35605284.84,1984638576.9816,493,2015,235,55.97239590998909
2015-12-03,2015-12-02,Prod. Sold Swine or Pork Market Formula,166211,56.38,214.94,56.38,35725392.34,2014197620.1292,38025583.85,2136657556.5315,494,2015,236,56.28203708066335
2015-12-03,2015-12-02,Prod. Sold Negotiated,8168,52.79,200.54,52.78999999999999,1638010.72,86470585.90879999,1751795.25,92214501.96,494,2015,236,52.71248249904993
2015-12-04,2015-12-03,Prod. Sold Swine or Pork Market Formula,175101,56.58,214.73,56.58,37599437.73,2127376186.7634,35725392.34,2014197620.1292,495,2015,237,56.482555812796576
2015-12-04,2015-12-03,Prod. Sold Negotiated,10502,52.79,203.34,52.79,2135476.68,112731813.9372,1638010.72,86470585.90879999,495,2015,237,52.79
2015-12-07,2015-12-04,Prod. Sold Negotiated,27230,52.46,210.0,52.46,5718300.0,299982018.0,2135476.68,112731813.9372,501,2015,238,52.549728462256205
2015-12-07,2015-12-04,Prod. Sold Swine or Pork Market Formula,275903,56.47,216.52,56.47,59738517.56,3373434086.6132,37599437.73,2127376186.7634,501,2015,238,56.51249049754516
2015-12-08,2015-12-07,Prod. Sold Negotiated,12755,52.85,204.13,52.85,2603678.15,137604390.2275,5718300.0,299982018.0,502,2015,239,52.58201840237948
2015-12-08,2015-12-07,Prod. Sold Swine or Pork Market Formula,174219,56.91,213.8,56.91,37248022.2,2119784943.402,59738517.56,3373434086.6132,502,2015,239,56.63898354976429
2015-12-09,2015-12-08,Prod. Sold Swine or Pork Market Formula,180686,56.85,213.19,56.85,38520448.34,2189887488.129,37248022.2,2119784943.402,503,2015,240,56.87949619170181
2015-12-09,2015-12-08,Prod. Sold Negotiated,7707,52.48,202.12,52.48,1557738.84,81750134.3232,2603678.15,137604390.2275,503,2015,240,52.711498289600634
2015-12-10,2015-12-09,Prod. Sold Swine or Pork Market Formula,181342,56.7,214.18,56.7,38839829.56,2202218336.052,38520448.34,2189887488.129,504,2015,241,56.774690363166336
2015-12-10,2015-12-09,Prod. Sold Negotiated,9822,53.0,202.04,53.0,1984436.88,105175154.64,1557738.84,81750134.3232,504,2015,241,52.77132015438241
2015-12-11,2015-12-10,Prod. Sold Negotiated,9736,52.86,198.98,52.86,1937269.28,102404054.14079998,1984436.88,105175154.64,505,2015,242,52.93084191213347
2015-12-11,2015-12-10,Prod. Sold Swine or Pork Market Formula,175648,56.46,213.92,56.46,37574620.16,2121463054.2336,38839829.56,2202218336.052,505,2015,242,56.58198686411479
2015-12-14,2015-12-11,Prod. Sold Negotiated,19352,52.73,209.92,52.73,4062371.84,214208867.1232,1937269.28,102404054.14079998,511,2015,243,52.77197667849839
2015-12-14,2015-12-11,Prod. Sold Swine or Pork Market Formula,289175,56.0,215.55,56.0,62331671.25,3490573590.0,37574620.16,2121463054.2336,511,2015,243,56.17300537363225
2015-12-15,2015-12-14,Prod. Sold Negotiated,13743,52.5,204.19,52.49999999999999,2806183.17,147324616.42499998,4062371.84,214208867.1232,512,2015,244,52.636032327300235
2015-12-15,2015-12-14,Prod. Sold Swine or Pork Market Formula,169544,56.34,213.39,56.34,36178994.16,2038324530.9744,62331671.25,3490573590.0,512,2015,244,56.124868286730205
2015-12-16,2015-12-15,Prod. Sold Negotiated,8822,52.16,201.61,52.16,1778603.4200000002,92771954.3872,2806183.17,147324616.42499998,513,2015,245,52.368101785998284
2015-12-16,2015-12-15,Prod. Sold Swine or Pork Market Formula,188089,55.87,212.27,55.87,39925652.03,2230646178.9161,36178994.16,2038324530.9744,513,2015,245,56.093430869289485
2015-12-17,2015-12-16,Prod. Sold Negotiated,10245,51.92,202.88,51.92,2078505.6,107916010.752,1778603.4200000002,92771954.3872,514,2015,246,52.03066962810399
2015-12-17,2015-12-16,Prod. Sold Swine or Pork Market Formula,170543,55.61,212.77,55.61,36286434.11,2017888600.8571,39925652.03,2230646178.9161,514,2015,246,55.7462076548952
2015-12-18,2015-12-17,Prod. Sold Negotiated,10705,51.32,202.9,51.32,2172044.5,111469323.74,2078505.6,107916010.752,515,2015,247,51.6133981086354
2015-12-18,2015-12-17,Prod. Sold Swine or Pork Market Formula,171825,55.24,213.85,55.24,36744776.25,2029781440.05,36286434.11,2017888600.8571,515,2015,247,55.42383894439813
2015-12-21,2015-12-18,Prod. Sold Negotiated,23559,50.91,208.24,50.91,4905926.16,249760700.8056,2172044.5,111469323.74,521,2015,248,51.03581830128694
2015-12-21,2015-12-18,Prod. Sold Swine or Pork Market Formula,301031,54.71,214.08,54.71,64444716.48,3525770438.6208005,36744776.25,2029781440.05,521,2015,248,54.90245803973407
2015-12-22,2015-12-21,Prod. Sold Negotiated,6943,50.93,195.81,50.93000000000001,1359508.83,69239784.71190001,4905926.16,249760700.8056,522,2015,249,50.91433971091287
2015-12-22,2015-12-21,Prod. Sold Swine or Pork Market Formula,163154,54.47,212.22,54.47,34624541.88,1885998796.2036,64444716.48,3525770438.6208005,522,2015,249,54.626120397096315
2015-12-23,2015-12-22,Prod. Sold Negotiated,6624,50.04,192.29,50.04,1273728.96,63737397.1584,1359508.83,69239784.71190001,523,2015,250,50.499496238165406
2015-12-23,2015-12-22,Prod. Sold Swine or Pork Market Formula,175073,54.32,211.89,54.32,37096217.97,2015066560.1304,34624541.88,1885998796.2036,523,2015,250,54.3924153131236
2015-12-24,2015-12-23,Prod. Sold Swine or Pork Market Formula,127943,53.97,213.56,53.96999999999999,27323507.08,1474649677.1076,37096217.97,2015066560.1304,524,2015,251,54.17154814817081
2015-12-24,2015-12-23,Prod. Sold Negotiated,7130,49.94,193.63,49.94,1380581.9,68946260.086,1273728.96,63737397.1584,524,2015,251,49.98798718112467
2015-12-28,2015-12-24,Prod. Sold Swine or Pork Market Formula,156153,53.44,214.69,53.44,33524487.57,1791548615.7408,27323507.08,1474649677.1076,531,2015,252,53.677994018302456
2015-12-28,2015-12-24,Prod. Sold Negotiated,7011,49.24,203.46,49.24,1426458.06,70238794.8744,1380581.9,68946260.086,531,2015,252,49.58427986197959
2015-12-29,2015-12-28,Prod. Sold Negotiated,9122,49.22,205.2,49.22,1871834.4,92131689.168,1426458.06,70238794.8744,532,2015,253,49.22864967602055
2015-12-29,2015-12-28,Prod. Sold Swine or Pork Market Formula,168437,53.19,214.54,53.19,36136473.98,1922099050.9962,33524487.57,1791548615.7408,532,2015,253,53.310313037690186
2015-12-30,2015-12-29,Prod. Sold Swine or Pork Market Formula,177266,53.1,213.06,53.1,37768293.96,2005496409.276,36136473.98,1922099050.9962,533,2015,254,53.144006398353625
2015-12-30,2015-12-29,Prod. Sold Negotiated,7414,49.3,201.23,49.29999999999999,1491919.22,73551617.546,1871834.4,92131689.168,533,2015,254,49.25548224724021
2015-12-31,2015-12-30,Prod. Sold Swine or Pork Market Formula,178172,53.1,214.57,53.1,38230366.04,2030032436.724,37768293.96,2005496409.276,534,2015,255,53.1
2015-12-31,2015-12-30,Prod. Sold Negotiated,8687,48.15,207.61,48.15,1803508.07,86838913.5705,1491919.22,73551617.546,534,2015,255,48.67063266824497
2016-01-04,2015-12-31,Prod. Sold Swine or Pork Market Formula,290270,53.07,216.3,53.07,62785401.0,3332021231.07,38230366.04,2030032436.724,21,2016,1,53.0813537818383
2016-01-04,2015-12-31,Prod. Sold Negotiated,16793,49.29,210.13,49.29,3528713.09,173930268.2061,1803508.07,86838913.5705,21,2016,1,48.90441974402277
2016-01-05,2016-01-04,Prod. Sold Swine or Pork Market Formula,167639,53.25,215.61,53.25,36144644.79,1924702335.0675,62785401.0,3332021231.07,22,2016,2,53.13576400536608
2016-01-05,2016-01-04,Prod. Sold Negotiated,10162,50.27,205.02,50.27,2083413.24,104733183.5748,3528713.09,173930268.2061,22,2016,2,49.653809518022726
2016-01-06,2016-01-05,Prod. Sold Swine or Pork Market Formula,175909,53.67,214.49,53.67,37730721.41,2025007818.0747004,36144644.79,1924702335.0675,23,2016,3,53.464508621849646
2016-01-06,2016-01-05,Prod. Sold Negotiated,11135,50.3,204.86,50.3,2281116.1,114740139.83,2083413.24,104733183.5748,23,2016,3,50.28567946453535
2016-01-07,2016-01-06,Prod. Sold Swine or Pork Market Formula,172701,53.77,215.8,53.77,37268875.8,2003947451.7660005,37730721.41,2025007818.0747004,24,2016,4,53.71969210127309
2016-01-07,2016-01-06,Prod. Sold Negotiated,10796,49.39,209.78,49.39,2264784.88,111857725.2232,2281116.1,114740139.83,24,2016,4,49.84663459457931
2016-01-08,2016-01-07,Prod. Sold Negotiated,9205,50.57,205.82,50.57,1894573.1,95808561.667,2264784.88,111857725.2232,25,2016,5,49.92748589776348
2016-01-08,2016-01-07,Prod. Sold Swine or Pork Market Formula,173453,54.12,215.66,54.12,37406873.98,2024460019.7976,37268875.8,2003947451.7660005,25,2016,5,53.94532339389389
2016-01-11,2016-01-08,Prod. Sold Swine or Pork Market Formula,250602,54.21,216.71,54.21,54307959.42,2944034480.1582003,37406873.98,2024460019.7976,31,2016,6,54.17329253913032
2016-01-11,2016-01-08,Prod. Sold Negotiated,15151,50.9,208.38,50.89999999999999,3157165.38,160699717.84199998,1894573.1,95808561.667,31,2016,6,50.77623881848294
2016-01-12,2016-01-11,Prod. Sold Swine or Pork Market Formula,115744,54.9,214.73,54.89999999999999,24853709.12,1364468630.6879995,54307959.42,2944034480.1582003,32,2016,7,54.426633373311674
2016-01-12,2016-01-11,Prod. Sold Negotiated,11103,51.16,209.57,51.16,2326855.71,119041938.1236,3157165.38,160699717.84199998,32,2016,7,51.010317315464576
2016-01-13,2016-01-12,Prod. Sold Swine or Pork Market Formula,183684,55.07,213.55,55.07,39225718.2,2160160301.274,24853709.12,1364468630.6879995,33,2016,8,55.00406416494173
2016-01-13,2016-01-12,Prod. Sold Negotiated,8939,51.71,200.45,51.71,1791822.5499999998,92655144.0605,2326855.71,119041938.1236,33,2016,8,51.39927637467365
2016-01-14,2016-01-13,Prod. Sold Swine or Pork Market Formula,182281,55.5,214.16,55.50000000000001,39037298.96,2166570092.28,39225718.2,2160160301.274,34,2016,9,55.28448238468093
2016-01-14,2016-01-13,Prod. Sold Negotiated,9104,51.68,206.26,51.68,1877791.04,97044240.94719999,1791822.5499999998,92655144.0605,34,2016,9,51.69464859315064
2016-01-15,2016-01-14,Prod. Sold Swine or Pork Market Formula,181914,55.71,214.25,55.71,38975074.5,2171301400.395,39037298.96,2166570092.28,35,2016,10,55.60491624958952
2016-01-15,2016-01-14,Prod. Sold Negotiated,10525,52.04,206.73,52.04,2175833.25,113230362.33,1877791.04,97044240.94719999,35,2016,10,51.87323447709062
2016-01-18,2016-01-15,Prod. Sold Swine or Pork Market Formula,272810,56.28,215.81,56.28,58875126.1,3313492096.908,38975074.5,2171301400.395,41,2016,11,56.05296119651491
2016-01-18,2016-01-15,Prod. Sold Negotiated,20536,52.6,209.85,52.6,4309479.6,226678626.96,2175833.25,113230362.33,41,2016,11,52.41211906839621
2016-01-19,2016-01-18,Prod. Sold Swine or Pork Market Formula,154647,56.87,213.54,56.87,33023320.38,1878036230.0106,58875126.1,3313492096.908,42,2016,12,56.492014019501845
2016-01-19,2016-01-18,Prod. Sold Negotiated,11180,53.41,202.66,53.41,2265738.8,121013109.30799998,4309479.6,226678626.96,42,2016,12,52.87911596487806
2016-01-20,2016-01-19,Prod. Sold Swine or Pork Market Formula,169893,57.07,213.4,57.07,36255166.2,2069082335.034,33023320.38,1878036230.0106,43,2016,13,56.97466500638156
2016-01-20,2016-01-19,Prod. Sold Negotiated,9410,53.42,199.98,53.42,1881811.8,100526386.356,2265738.8,121013109.30799998,43,2016,13,53.41453716417588
2016-01-21,2016-01-20,Prod. Sold Negotiated,10924,53.91,205.38,53.91,2243571.12,120950919.0792,1881811.8,100526386.356,44,2016,14,53.68648431675768
2016-01-21,2016-01-20,Prod. Sold Swine or Pork Market Formula,159470,57.77,213.34,57.77,34021329.8,1965412222.546,36255166.2,2069082335.034,44,2016,14,57.40887476205416
2016-01-22,2016-01-21,Prod. Sold Swine or Pork Market Formula,186694,58.3,214.64,58.3,40072000.16,2336197609.328,34021329.8,1965412222.546,45,2016,15,58.05664064763003
2016-01-22,2016-01-21,Prod. Sold Negotiated,11210,54.63,202.92,54.63,2274733.2,124268674.716,2243571.12,120950919.0792,45,2016,15,54.27248286702388
2016-01-25,2016-01-22,Prod. Sold Swine or Pork Market Formula,238490,58.81,214.48,58.81,51151335.2,3008210023.112,40072000.16,2336197609.328,51,2016,16,58.58597047947273
2016-01-25,2016-01-22,Prod. Sold Negotiated,15219,54.88,205.82,54.88000000000001,3132374.58,171904716.95040002,2274733.2,124268674.716,51,2016,16,54.77482671270149
2016-01-26,2016-01-25,Prod. Sold Swine or Pork Market Formula,164194,59.25,212.96,59.25,34966754.24,2071780188.72,51151335.2,3008210023.112,52,2016,17,58.98865435665893
2016-01-26,2016-01-25,Prod. Sold Negotiated,14075,56.35,207.05,56.35,2914228.75,164216790.0625,3132374.58,171904716.95040002,52,2016,17,55.58848309847704
2016-01-27,2016-01-26,Prod. Sold Swine or Pork Market Formula,174909,60.02,213.37,60.02,37320333.33,2239966406.4666,34966754.24,2071780188.72,53,2016,18,59.647535128749965
2016-01-27,2016-01-26,Prod. Sold Negotiated,11686,57.14,206.22,57.14,2409886.92,137700938.6088,2914228.75,164216790.0625,53,2016,18,56.70758251413047
2016-01-28,2016-01-27,Prod. Sold Negotiated,10533,57.11,202.43,57.11,2132195.19,121769667.3009,2409886.92,137700938.6088,54,2016,19,57.12591706311096
2016-01-28,2016-01-27,Prod. Sold Swine or Pork Market Formula,169022,60.83,212.9,60.830000000000005,35984783.800000004,2188954398.5540004,37320333.33,2239966406.4666,54,2016,19,60.41762128510496
2016-01-29,2016-01-28,Prod. Sold Swine or Pork Market Formula,179439,61.64,213.64,61.64000000000001,38335347.96,2362990848.2544003,35984783.800000004,2188954398.5540004,55,2016,20,61.247809160348034
2016-01-29,2016-01-28,Prod. Sold Negotiated,8836,58.5,198.93,58.5,1757745.48,102828110.58,2132195.19,121769667.3009,55,2016,20,57.73809858156525
2016-02-01,2016-01-29,Prod. Sold Negotiated,18302,57.93,210.98,57.93,3861355.96,223688350.7628,1757745.48,102828110.58,61,2016,21,58.1083051853216
2016-02-01,2016-01-29,Prod. Sold Swine or Pork Market Formula,230893,62.47,214.85,62.470000000000006,49607361.05,3098971844.7935,38335347.96,2362990848.2544003,61,2016,21,62.10819241907614
2016-02-02,2016-02-01,Prod. Sold Negotiated,8553,60.56,208.43,60.56,1782701.79,107960420.4024,3861355.96,223688350.7628,62,2016,22,58.76069768513619
2016-02-02,2016-02-01,Prod. Sold Swine or Pork Market Formula,160681,63.2,212.01,63.2,34065978.809999995,2152969860.792,49607361.05,3098971844.7935,62,2016,22,62.7672053532572
2016-02-03,2016-02-02,Prod. Sold Negotiated,8318,61.99,197.11,61.99,1639560.9800000002,101636385.1502,1782701.79,107960420.4024,63,2016,23,61.24509414938935
2016-02-03,2016-02-02,Prod. Sold Swine or Pork Market Formula,95462,63.83,209.78,63.83,20026018.36,1278260751.9188,34065978.809999995,2152969860.792,63,2016,23,63.433239522052574
2016-02-04,2016-02-03,Prod. Sold Swine or Pork Market Formula,155523,64.28,211.93,64.28,32959989.39,2118668117.9892,20026018.36,1278260751.9188,64,2016,24,64.10992286747627
2016-02-04,2016-02-03,Prod. Sold Negotiated,8333,61.69,199.62,61.69,1663433.46,102617210.1474,1639560.9800000002,101636385.1502,64,2016,24,61.838915871017925
2016-02-05,2016-02-04,Prod. Sold Swine or Pork Market Formula,169534,64.62,213.67,64.62,36224329.78,2340816190.3836,32959989.39,2118668117.9892,65,2016,25,64.4580211509336
2016-02-05,2016-02-04,Prod. Sold Negotiated,11169,61.5,200.53,61.49999999999999,2239719.57,137742753.55499998,1663433.46,102617210.1474,65,2016,25,61.58097360133481
2016-02-08,2016-02-05,Prod. Sold Negotiated,19095,60.93,208.0,60.93,3971760.0,241999336.8,2239719.57,137742753.55499998,71,2016,26,61.13552915622002
2016-02-08,2016-02-05,Prod. Sold Swine or Pork Market Formula,279523,64.98,214.94,64.98,60080673.62,3904042171.8276,36224329.78,2340816190.3836,71,2016,26,64.84458898021492
2016-02-09,2016-02-08,Prod. Sold Swine or Pork Market Formula,142499,65.39,212.56,65.39,30289587.44,1980636122.7016,60080673.62,3904042171.8276,72,2016,27,65.1174205485824
2016-02-09,2016-02-08,Prod. Sold Negotiated,10877,62.87,200.03,62.87,2175726.31,136787913.1097,3971760.0,241999336.8,72,2016,27,61.6166073104602
2016-02-10,2016-02-09,Prod. Sold Negotiated,11044,62.75,204.6,62.75,2259602.4,141790050.6,2175726.31,136787913.1097,73,2016,28,62.80886534556308
2016-02-10,2016-02-09,Prod. Sold Swine or Pork Market Formula,176758,65.5,212.29,65.5,37523955.82,2457819106.21,30289587.44,1980636122.7016,73,2016,28,65.45086741588437
2016-02-11,2016-02-10,Prod. Sold Swine or Pork Market Formula,181547,65.99,213.0,65.99,38669511.0,2551801030.89,37523955.82,2457819106.21,74,2016,29,65.74868353128969
2016-02-11,2016-02-10,Prod. Sold Negotiated,10203,63.15,201.34,63.15,2054272.02,129727278.063,2259602.4,141790050.6,74,2016,29,62.940480465585736
2016-02-12,2016-02-11,Prod. Sold Negotiated,8762,63.22,198.95,63.22,1743199.9,110205097.678,2054272.02,129727278.063,75,2016,30,63.18213295465263
2016-02-12,2016-02-11,Prod. Sold Swine or Pork Market Formula,184237,66.09,213.09,66.09,39259062.33,2594631429.3897,38669511.0,2551801030.89,75,2016,30,66.04037826390552
2016-02-15,2016-02-12,Prod. Sold Swine or Pork Market Formula,238218,65.93,214.37,65.93,51066792.66,3366833640.0738006,39259062.33,2594631429.3897,81,2016,31,65.99954210368112
2016-02-15,2016-02-12,Prod. Sold Negotiated,8606,62.93,210.6,62.93,1812423.6,114055817.148,1743199.9,110205097.678,81,2016,31,63.07217702492966
2016-02-16,2016-02-15,Prod. Sold Negotiated,5638,63.42,205.77,63.42000000000001,1160131.26,73575524.5092,1812423.6,114055817.148,82,2016,32,63.121237620220064
2016-02-16,2016-02-15,Prod. Sold Swine or Pork Market Formula,169268,66.13,212.42,66.13,35955908.559999995,2377764233.0728,51066792.66,3366833640.0738006,82,2016,32,66.01263569863019
2016-02-17,2016-02-16,Prod. Sold Swine or Pork Market Formula,172901,66.21,211.89,66.21,36635992.89,2425669089.2469,35955908.559999995,2377764233.0728,83,2016,33,66.17037474391299
2016-02-17,2016-02-16,Prod. Sold Negotiated,10855,64.47,197.93,64.47,2148530.15,138515738.7705,1160131.26,73575524.5092,83,2016,33,64.10183364144837
2016-02-18,2016-02-17,Prod. Sold Swine or Pork Market Formula,172111,66.53,212.57,66.53,36585635.27,2434042314.5131,36635992.89,2425669089.2469,84,2016,34,66.36988996121224
2016-02-18,2016-02-17,Prod. Sold Negotiated,9427,63.94,200.2,63.94,1887285.4,120673028.476,2148530.15,138515738.7705,84,2016,34,64.22215387085765
2016-02-19,2016-02-18,Prod. Sold Swine or Pork Market Formula,177117,66.54,213.79,66.54,37865843.43,2519593221.8322,36585635.27,2434042314.5131,85,2016,35,66.53508597600629
2016-02-19,2016-02-18,Prod. Sold Negotiated,10916,64.05,203.49,64.05,2221296.8400000003,142274062.60200003,1887285.4,120673028.476,85,2016,35,63.999471281850255
2016-02-22,2016-02-19,Prod. Sold Negotiated,15990,64.62,207.56,64.62,3318884.4,214466309.928,2221296.8400000003,142274062.60200003,91,2016,36,64.39146249482626
2016-02-22,2016-02-19,Prod. Sold Swine or Pork Market Formula,227103,66.48,214.66,66.48,48749929.98,3240895345.0704,37865843.43,2519593221.8322,91,2016,36,66.5062302178501
2016-02-23,2016-02-22,Prod. Sold Negotiated,10932,64.3,201.51,64.3,2202907.32,141646940.67599997,3318884.4,214466309.928,92,2016,37,64.49233666567923
2016-02-23,2016-02-22,Prod. Sold Swine or Pork Market Formula,164617,66.58,212.45,66.58,34972881.65,2328494460.257,48749929.98,3240895345.0704,92,2016,37,66.52177222547728
2016-02-24,2016-02-23,Prod. Sold Swine or Pork Market Formula,171963,66.67,212.43,66.67,36530100.09,2435461773.0003004,34972881.65,2328494460.257,93,2016,38,66.62598002667993
2016-02-24,2016-02-23,Prod. Sold Negotiated,11055,64.48,204.09,64.48,2256214.95,145480739.976,2202907.32,141646940.67599997,93,2016,38,64.39107592624948
2016-02-25,2016-02-24,Prod. Sold Swine or Pork Market Formula,157356,66.64,213.01,66.64,33518401.56,2233666279.9584,36530100.09,2435461773.0003004,94,2016,39,66.65564491712007
2016-02-25,2016-02-24,Prod. Sold Negotiated,9907,64.13,197.35,64.13,1955146.45,125383541.8385,2256214.95,145480739.976,94,2016,39,64.31751067825714
2016-02-26,2016-02-25,Prod. Sold Negotiated,10143,64.32,201.8,64.32,2046857.4,131653867.968,1955146.45,125383541.8385,95,2016,40,64.22717704444487
2016-02-26,2016-02-25,Prod. Sold Swine or Pork Market Formula,157790,66.85,213.02,66.85,33612425.800000004,2246990664.73,33518401.56,2233666279.9584,95,2016,40,66.7451470642563
2016-02-29,2016-02-26,Prod. Sold Negotiated,12580,64.25,205.03,64.25,2579277.4,165718572.95,2046857.4,131653867.968,101,2016,41,64.28097186402782
2016-02-29,2016-02-26,Prod. Sold Swine or Pork Market Formula,215846,66.94,214.39,66.94,46275223.94,3097663490.5436,33612425.800000004,2246990664.73,101,2016,41,66.90213284116072
2016-03-01,2016-02-29,Prod. Sold Swine or Pork Market Formula,148513,66.84,212.22,66.84,31517428.86,2106624945.0024,46275223.94,3097663490.5436,102,2016,42,66.89948533990604
2016-03-01,2016-02-29,Prod. Sold Negotiated,9778,64.53,202.2,64.53,1977111.6,127583011.548,2579277.4,165718572.95,102,2016,42,64.37149780187775
2016-03-02,2016-03-01,Prod. Sold Negotiated,8500,65.47,201.41,65.47,1711985.0,112083657.95,1977111.6,127583011.548,103,2016,43,64.96622221765622
2016-03-02,2016-03-01,Prod. Sold Swine or Pork Market Formula,161499,66.89,213.47,66.89,34475191.53,2306045561.4417,31517428.86,2106624945.0024,103,2016,43,66.86612048993226
2016-03-03,2016-03-02,Prod. Sold Negotiated,6168,63.93,195.98,63.93,1208804.64,77278880.6352,1711985.0,112083657.95,104,2016,44,64.83265209924534
2016-03-03,2016-03-02,Prod. Sold Swine or Pork Market Formula,175324,67.1,212.69,67.1,37289661.56,2502136290.676,34475191.53,2306045561.4417,104,2016,44,66.99911788417904
2016-03-04,2016-03-03,Prod. Sold Negotiated,7904,63.64,198.0,63.63999999999999,1564992.0,99596090.88,1208804.64,77278880.6352,105,2016,45,63.76638033392384
2016-03-04,2016-03-03,Prod. Sold Swine or Pork Market Formula,164685,66.93,212.8,66.93,35044968.0,2345559708.24,37289661.56,2502136290.676,105,2016,45,67.01763772626971
2016-03-07,2016-03-04,Prod. Sold Negotiated,14184,65.09,205.98,65.09,2921620.32,190168266.6288,1564992.0,99596090.88,111,2016,46,64.58422008452025
2016-03-07,2016-03-04,Prod. Sold Swine or Pork Market Formula,193241,66.56,214.72,66.56,41492707.52,2761754612.5312004,35044968.0,2345559708.24,111,2016,46,66.72941510271777
2016-03-08,2016-03-07,Prod. Sold Swine or Pork Market Formula,159581,66.57,212.46,66.57,33904579.26,2257027841.3382,41492707.52,2761754612.5312004,112,2016,47,66.56449679036315
2016-03-08,2016-03-07,Prod. Sold Negotiated,8393,64.28,200.62,64.28,1683803.66,108234899.2648,2921620.32,190168266.6288,112,2016,47,64.79385333239176
2016-03-09,2016-03-08,Prod. Sold Negotiated,8881,64.1,198.41,64.1,1762079.21,112949277.361,1683803.66,108234899.2648,113,2016,48,64.18795558939007
2016-03-09,2016-03-08,Prod. Sold Swine or Pork Market Formula,173991,66.61,212.63,66.61,36995706.33,2464283998.6413,33904579.26,2257027841.3382,113,2016,48,66.59087196463153
2016-03-10,2016-03-09,Prod. Sold Swine or Pork Market Formula,175476,66.72,213.94,66.72,37541335.44,2504757900.5568,36995706.33,2464283998.6413,114,2016,49,66.6654026132556
2016-03-10,2016-03-09,Prod. Sold Negotiated,7595,64.0,197.74,64.0,1501835.3,96117459.2,1762079.21,112949277.361,114,2016,49,64.05398668392206
2016-03-11,2016-03-10,Prod. Sold Negotiated,8785,63.66,203.54,63.66,1788098.9,113830375.974,1501835.3,96117459.2,115,2016,50,63.81520796798914
2016-03-11,2016-03-10,Prod. Sold Swine or Pork Market Formula,177108,66.84,213.34,66.84,37784220.72,2525497312.9248,37541335.44,2504757900.5568,115,2016,50,66.78019346842616
2016-03-14,2016-03-11,Prod. Sold Swine or Pork Market Formula,191562,66.98,214.45,66.98,41080470.9,2751569940.882,37784220.72,2525497312.9248,121,2016,51,66.9129257391091
2016-03-14,2016-03-11,Prod. Sold Negotiated,11812,63.74,205.52,63.74,2427602.24,154735366.77760002,1788098.9,113830375.974,121,2016,51,63.70606782424809
2016-03-15,2016-03-14,Prod. Sold Swine or Pork Market Formula,164610,66.86,212.79,66.86,35027361.9,2341929416.634,41080470.9,2751569940.882,122,2016,52,66.92477199949911
2016-03-15,2016-03-14,Prod. Sold Negotiated,9387,65.09,197.7,65.09,1855809.9,120794666.391,2427602.24,154735366.77760002,122,2016,52,64.32489430461389
2016-03-16,2016-03-15,Prod. Sold Swine or Pork Market Formula,180037,66.94,212.14,66.94,38193049.18,2556642712.1092,35027361.9,2341929416.634,123,2016,53,66.90172940153343
2016-03-16,2016-03-15,Prod. Sold Negotiated,10325,63.83,199.22,63.83,2056946.5,131294895.095,1855809.9,120794666.391,123,2016,53,64.42761463146543
2016-03-17,2016-03-16,Prod. Sold Negotiated,8950,64.46,199.48,64.46,1785346.0,115083403.15999998,2056946.5,131294895.095,124,2016,54,64.12273356466224
2016-03-17,2016-03-16,Prod. Sold Swine or Pork Market Formula,160125,66.91,212.14,66.91,33968917.5,2272860269.925,38193049.18,2556642712.1092,124,2016,54,66.92587805222216
2016-03-18,2016-03-17,Prod. Sold Negotiated,8806,64.23,199.24,64.23,1754507.4400000002,112692012.87120004,1785346.0,115083403.15999998,125,2016,55,64.34600185910521
2016-03-18,2016-03-17,Prod. Sold Swine or Pork Market Formula,157969,66.54,213.58,66.54,33739019.02,2244994325.5908003,33968917.5,2272860269.925,125,2016,55,66.72562815706675
2016-03-21,2016-03-18,Prod. Sold Negotiated,14930,64.57,206.72,64.57,3086329.6,199284302.272,1754507.4400000002,112692012.87120004,131,2016,56,64.44677078887995
2016-03-21,2016-03-18,Prod. Sold Swine or Pork Market Formula,218589,66.11,215.19,66.11,47038166.91,3109693214.4201,33739019.02,2244994325.5908003,131,2016,56,66.28960242129718
2016-03-22,2016-03-21,Prod. Sold Negotiated,7706,63.14,200.45,63.14,1544667.7,97530318.578,3086329.6,199284302.272,132,2016,57,64.09302394756308
2016-03-22,2016-03-21,Prod. Sold Swine or Pork Market Formula,150746,66.11,212.76,66.11,32072718.96,2120327450.4456,47038166.91,3109693214.4201,132,2016,57,66.11
2016-03-23,2016-03-22,Prod. Sold Negotiated,9859,63.27,195.3,63.27,1925462.7,121824025.029,1544667.7,97530318.578,133,2016,58,63.21213277950592
2016-03-23,2016-03-22,Prod. Sold Swine or Pork Market Formula,171355,65.95,212.73,65.95,36452349.15,2404032426.4425,32072718.96,2120327450.4456,133,2016,58,66.02488697457932
2016-03-24,2016-03-23,Prod. Sold Swine or Pork Market Formula,175583,65.65,212.71,65.65,37348259.93,2451913264.4045,36452349.15,2404032426.4425,134,2016,59,65.79817905815852
2016-03-24,2016-03-23,Prod. Sold Negotiated,6925,62.43,199.53,62.43,1381745.25,86262355.9575,1925462.7,121824025.029,134,2016,59,62.91904958274547
2016-03-25,2016-03-24,Prod. Sold Negotiated,6660,62.01,211.94,62.01,1411520.4,87528380.004,1381745.25,86262355.9575,135,2016,60,62.21776147982917
2016-03-25,2016-03-24,Prod. Sold Swine or Pork Market Formula,167871,65.37,213.57,65.37,35852209.47,2343658933.0539,37348259.93,2451913264.4045,135,2016,60,65.51286128034583
2016-03-28,2016-03-25,Prod. Sold Swine or Pork Market Formula,164679,64.96,214.55,64.96,35331879.45,2295158889.072,35852209.47,2343658933.0539,141,2016,61,65.16649847607405
2016-03-28,2016-03-25,Prod. Sold Negotiated,9039,63.42,200.29,63.42,1810421.31,114816919.4802,1411520.4,87528380.004,141,2016,61,62.80228436665293
2016-03-29,2016-03-28,Prod. Sold Swine or Pork Market Formula,110860,65.1,212.4,65.1,23546664.0,1532887826.4,35331879.45,2295158889.072,142,2016,62,65.01598869752611
2016-03-29,2016-03-28,Prod. Sold Negotiated,5605,62.89,201.14,62.89,1127389.7,70901538.233,1810421.31,114816919.4802,142,2016,62,63.21661164759539
2016-03-30,2016-03-29,Prod. Sold Negotiated,9232,63.2,202.03,63.2,1865140.96,117876908.672,1127389.7,70901538.233,143,2016,63,63.083212288625305
2016-03-30,2016-03-29,Prod. Sold Swine or Pork Market Formula,172449,65.53,211.95,65.53,36550565.55,2395158560.4915,23546664.0,1532887826.4,143,2016,63,65.3615219254562
2016-03-31,2016-03-30,Prod. Sold Negotiated,9534,63.66,203.36,63.66,1938834.24,123426187.7184,1865140.96,117876908.672,144,2016,64,63.43445572158304
2016-03-31,2016-03-30,Prod. Sold Swine or Pork Market Formula,172663,65.76,213.32,65.76,36832471.16,2422103303.4816,36550565.55,2395158560.4915,144,2016,64,65.64544177982548
2016-04-01,2016-03-31,Prod. Sold Negotiated,9164,63.14,202.09,63.13999999999999,1851952.76,116932297.2664,1938834.24,123426187.7184,145,2016,65,63.40595896968096
2016-04-01,2016-03-31,Prod. Sold Swine or Pork Market Formula,178455,65.91,213.72,65.91,38139402.6,2513768025.366,36832471.16,2422103303.4816,145,2016,65,65.83630742174478
2016-04-04,2016-04-01,Prod. Sold Swine or Pork Market Formula,230363,66.06,214.92,66.06,49509615.95999999,3270605230.3176,38139402.6,2513768025.366,151,2016,66,65.99472932744723
2016-04-04,2016-04-01,Prod. Sold Negotiated,11695,63.05,207.27,63.05,2424022.65,152834628.08249998,1851952.76,116932297.2664,151,2016,66,63.08897958533862
2016-04-05,2016-04-04,Prod. Sold Negotiated,10344,63.46,206.48,63.46,2135829.12,135539715.95520002,2424022.65,152834628.08249998,152,2016,67,63.242043510045946
2016-04-05,2016-04-04,Prod. Sold Swine or Pork Market Formula,164019,66.27,212.96,66.27,34929486.24,2314777053.1248,49509615.95999999,3270605230.3176,152,2016,67,66.14686961276574
2016-04-06,2016-04-05,Prod. Sold Swine or Pork Market Formula,175730,66.62,212.72,66.62,37381285.6,2490341246.6720004,34929486.24,2314777053.1248,153,2016,68,66.45093362340191
2016-04-06,2016-04-05,Prod. Sold Negotiated,7883,63.79,205.48,63.79,1619798.84,103326968.0036,2135829.12,135539715.95520002,153,2016,68,63.60232869253642
2016-04-07,2016-04-06,Prod. Sold Swine or Pork Market Formula,171858,66.71,213.9,66.71,36760426.2,2452288031.802,37381285.6,2490341246.6720004,154,2016,69,66.66462317199965
2016-04-07,2016-04-06,Prod. Sold Negotiated,6945,64.24,197.18,64.24,1369415.1,87971226.024,1619798.84,103326968.0036,154,2016,69,63.99615345952789
2016-04-08,2016-04-07,Prod. Sold Swine or Pork Market Formula,158283,66.63,214.76,66.63,33992857.08,2264944067.2404,36760426.2,2452288031.802,155,2016,70,66.67156463077993
2016-04-08,2016-04-07,Prod. Sold Negotiated,8942,64.21,199.65,64.21,1785270.3,114632205.96299998,1369415.1,87971226.024,155,2016,70,64.22302267826768
2016-04-11,2016-04-08,Prod. Sold Swine or Pork Market Formula,201412,66.61,214.77,66.61,43257255.24,2881365771.5364003,33992857.08,2264944067.2404,161,2016,71,66.61880072690101
2016-04-11,2016-04-08,Prod. Sold Negotiated,8843,64.77,201.3,64.77,1780095.9,115296811.443,1785270.3,114632205.96299998,161,2016,71,64.48959363725386
2016-04-12,2016-04-11,Prod. Sold Swine or Pork Market Formula,160449,66.92,212.22,66.92,34050486.78,2278658575.3176003,43257255.24,2881365771.5364003,162,2016,72,66.74654067013196
2016-04-12,2016-04-11,Prod. Sold Negotiated,9253,64.17,204.27,64.17,1890110.31,121288378.5927,1780095.9,115296811.443,162,2016,72,64.46100750172836
2016-04-13,2016-04-12,Prod. Sold Negotiated,8808,64.2,205.87,64.2,1813302.96,116414050.032,1890110.31,121288378.5927,163,2016,73,64.1846889058374
2016-04-13,2016-04-12,Prod. Sold Swine or Pork Market Formula,172404,66.74,211.71,66.74,36499650.84,2435986697.0616,34050486.78,2278658575.3176003,163,2016,73,66.82687562954749
2016-04-14,2016-04-13,Prod. Sold Negotiated,7744,64.44,197.95,64.44,1532924.7999999998,98781674.112,1813302.96,116414050.032,164,2016,74,64.30994528119031
2016-04-14,2016-04-13,Prod. Sold Swine or Pork Market Formula,174945,66.9,212.49,66.9,37174063.05,2486944818.045001,36499650.84,2435986697.0616,164,2016,74,66.8207323232935
2016-04-15,2016-04-14,Prod. Sold Swine or Pork Market Formula,182502,66.68,213.63,66.68,38987902.26,2599713322.6968,37174063.05,2486944818.045001,165,2016,75,66.78738028933093
2016-04-15,2016-04-14,Prod. Sold Negotiated,9435,63.92,200.23,63.92,1889170.05,120755749.596,1532924.7999999998,98781674.112,165,2016,75,64.15293360673506
2016-04-18,2016-04-15,Prod. Sold Negotiated,8061,63.52,204.95,63.52,1652101.95,104941515.864,1889170.05,120755749.596,171,2016,76,63.733388867051154
2016-04-18,2016-04-15,Prod. Sold Swine or Pork Market Formula,203884,66.67,213.88,66.67,43606709.92,2907259350.3664,38987902.26,2599713322.6968,171,2016,76,66.67472039292042
2016-04-19,2016-04-18,Prod. Sold Negotiated,8483,64.13,198.12,64.13,1680651.96,107780210.1948,1652101.95,104941515.864,172,2016,77,63.82761278008672
2016-04-19,2016-04-18,Prod. Sold Swine or Pork Market Formula,159721,67.01,212.79,67.01,33987031.59,2277470986.8459,43606709.92,2907259350.3664,172,2016,77,66.8189242626496
2016-04-20,2016-04-19,Prod. Sold Swine or Pork Market Formula,165295,67.3,211.97,67.3,35037581.15,2358029211.395,33987031.59,2277470986.8459,173,2016,78,67.15720688940007
2016-04-20,2016-04-19,Prod. Sold Negotiated,7522,63.9,197.21,63.9,1483413.62,94790130.318,1680651.96,107780210.1948,173,2016,78,64.02216875441627
2016-04-21,2016-04-20,Prod. Sold Swine or Pork Market Formula,163548,67.67,212.66,67.67,34780117.68,2353570563.4056,35037581.15,2358029211.395,174,2016,79,67.48431778413286
2016-04-21,2016-04-20,Prod. Sold Negotiated,6838,64.91,193.39,64.91,1322400.8199999998,85837037.22619998,1483413.62,94790130.318,174,2016,79,64.376020370114
2016-04-22,2016-04-21,Prod. Sold Swine or Pork Market Formula,163252,67.93,213.96,67.93,34929397.92,2372754000.7056003,34780117.68,2353570563.4056,175,2016,80,67.80027838998785
2016-04-22,2016-04-21,Prod. Sold Negotiated,8735,65.07,200.46,65.07,1751018.1,113938747.767,1322400.8199999998,85837037.22619998,175,2016,80,65.00115675516177
2016-04-25,2016-04-22,Prod. Sold Negotiated,9108,64.6,209.06,64.6,1904118.48,123006053.80799998,1751018.1,113938747.767,181,2016,81,64.82515670454097
2016-04-25,2016-04-22,Prod. Sold Swine or Pork Market Formula,204840,68.44,214.24,68.44,43884921.6,3003484034.304,34929397.92,2372754000.7056003,181,2016,81,68.21397517294201
2016-04-26,2016-04-25,Prod. Sold Negotiated,8556,65.71,201.13,65.71,1720868.28,113078254.6788,1904118.48,123006053.80799998,182,2016,82,65.12694366000939
2016-04-26,2016-04-25,Prod. Sold Swine or Pork Market Formula,152255,68.91,212.48,68.91,32351142.4,2229317222.784,43884921.6,3003484034.304,182,2016,82,68.63944677269801
2016-04-27,2016-04-26,Prod. Sold Swine or Pork Market Formula,154658,69.51,212.44,69.51,32855545.52,2283788969.0952,32351142.4,2229317222.784,183,2016,83,69.21232063521131
2016-04-27,2016-04-26,Prod. Sold Negotiated,8697,66.61,201.4,66.61,1751575.8,116672464.038,1720868.28,113078254.6788,183,2016,83,66.16397944032549
2016-04-28,2016-04-27,Prod. Sold Swine or Pork Market Formula,166403,70.36,213.15,70.36,35468799.45,2495584729.302,32855545.52,2283788969.0952,184,2016,84,69.95125530286073
2016-04-28,2016-04-27,Prod. Sold Negotiated,9153,67.48,198.66,67.48,1818334.98,122701244.4504,1751575.8,116672464.038,184,2016,84,67.05313472523254
2016-04-29,2016-04-28,Prod. Sold Swine or Pork Market Formula,159652,70.84,213.31,70.84,34055368.12,2412482277.6208,35468799.45,2495584729.302,185,2016,85,70.59512078272843
2016-04-29,2016-04-28,Prod. Sold Negotiated,8842,68.57,201.17,68.57,1778745.14,121968554.24979998,1818334.98,122701244.4504,185,2016,85,68.01900167300137
2016-05-02,2016-04-29,Prod. Sold Negotiated,8600,69.01,204.18,69.01,1755948.0,121177971.48,1778745.14,121968554.24979998,191,2016,86,68.7885811014984
2016-05-02,2016-04-29,Prod. Sold Swine or Pork Market Formula,174057,71.57,215.05,71.57,37430957.85,2678933653.3245,34055368.12,2412482277.6208,191,2016,86,71.22223532766206
2016-05-03,2016-05-02,Prod. Sold Negotiated,9354,69.63,204.45,69.63,1912425.3,133162173.63899998,1755948.0,121177971.48,192,2016,87,69.33322328973445
2016-05-03,2016-05-02,Prod. Sold Swine or Pork Market Formula,141362,72.32,213.33,72.32,30156755.46,2180936554.8672,37430957.85,2678933653.3245,192,2016,87,71.90464021028883
2016-05-04,2016-05-03,Prod. Sold Swine or Pork Market Formula,156127,73.21,212.79,73.21,33222264.33,2432201971.5992994,30156755.46,2180936554.8672,193,2016,88,72.78652370692492
2016-05-04,2016-05-03,Prod. Sold Negotiated,8404,70.6,201.43,70.6,1692817.72,119512931.032,1912425.3,133162173.63899998,193,2016,88,70.08545700505925
2016-05-05,2016-05-04,Prod. Sold Negotiated,7761,70.43,198.52,70.43,1540713.72,108512467.2996,1692817.72,119512931.032,194,2016,89,70.51899836532903
2016-05-05,2016-05-04,Prod. Sold Swine or Pork Market Formula,151872,74.28,212.76,74.28,32312286.72,2400156657.5616,33222264.33,2432201971.5992994,194,2016,89,73.73757127708132
2016-05-06,2016-05-05,Prod. Sold Swine or Pork Market Formula,155961,74.7,212.82,74.7,33191620.02,2479414015.494,32312286.72,2400156657.5616,195,2016,90,74.49281906839133
2016-05-06,2016-05-05,Prod. Sold Negotiated,8872,71.77,200.41,71.77,1778037.52,127609752.8104,1540713.72,108512467.2996,195,2016,90,71.14791167957499
2016-05-09,2016-05-06,Prod. Sold Swine or Pork Market Formula,183048,75.15,213.88,75.15,39150306.24,2942145513.9360003,33191620.02,2479414015.494,201,2016,91,74.94353288222766
2016-05-09,2016-05-06,Prod. Sold Negotiated,12979,71.23,204.83,71.23,2658488.5700000003,189364140.84110004,1778037.52,127609752.8104,201,2016,91,71.44641713388415
2016-05-10,2016-05-09,Prod. Sold Swine or Pork Market Formula,137424,75.59,210.7,75.59,28955236.8,2188726349.712,39150306.24,2942145513.9360003,202,2016,92,75.33706706713312
2016-05-10,2016-05-09,Prod. Sold Negotiated,8453,72.42,207.79,72.42,1756448.87,127202027.1654,2658488.5700000003,189364140.84110004,202,2016,92,71.70343233821677
2016-05-11,2016-05-10,Prod. Sold Negotiated,6955,73.61,197.4,73.61,1372917.0,101060420.37,1756448.87,127202027.1654,203,2016,93,72.94207741052662
2016-05-11,2016-05-10,Prod. Sold Swine or Pork Market Formula,156731,75.87,211.66,75.87,33173683.46,2516887364.1102004,28955236.8,2188726349.712,203,2016,93,75.73950575883066
2016-05-12,2016-05-11,Prod. Sold Negotiated,7308,74.29,195.71,74.29,1430248.6800000002,106253174.43720002,1372917.0,101060420.37,204,2016,94,73.95695384198623
2016-05-12,2016-05-11,Prod. Sold Swine or Pork Market Formula,155004,76.4,213.02,76.4,33018952.08,2522647938.912,33173683.46,2516887364.1102004,204,2016,94,76.13438053810117
2016-05-13,2016-05-12,Prod. Sold Negotiated,9015,73.9,200.29,73.9,1805614.35,133434900.465,1430248.6800000002,106253174.43720002,205,2016,95,74.07237966503175
2016-05-13,2016-05-12,Prod. Sold Swine or Pork Market Formula,168627,76.67,213.32,76.67,35971511.64,2757935797.4388003,33018952.08,2522647938.912,205,2016,95,76.5407775454622
2016-05-16,2016-05-13,Prod. Sold Negotiated,13267,74.24,206.43,74.24,2738706.81,203321593.5744,1805614.35,133434900.465,211,2016,96,74.10490636172378
2016-05-16,2016-05-13,Prod. Sold Swine or Pork Market Formula,162962,77.11,214.19,77.11,34904830.78,2691511501.4458003,35971511.64,2757935797.4388003,211,2016,96,76.88668902512195
2016-05-17,2016-05-16,Prod. Sold Negotiated,8461,76.14,203.96,76.14,1725705.56,131395221.3384,2738706.81,203321593.5744,212,2016,97,74.9744394496425
2016-05-17,2016-05-16,Prod. Sold Swine or Pork Market Formula,137762,77.49,212.82,77.49,29318508.84,2271891250.0116,34904830.78,2691511501.4458003,212,2016,97,77.28347327973165
2016-05-18,2016-05-17,Prod. Sold Swine or Pork Market Formula,153671,78.2,212.17,78.2,32604376.07,2549662208.674,29318508.84,2271891250.0116,213,2016,98,77.86383766992358
2016-05-18,2016-05-17,Prod. Sold Negotiated,7559,76.68,193.76,76.68,1464631.84,112307969.4912,1725705.56,131395221.3384,213,2016,98,76.38790518820988
2016-05-19,2016-05-18,Prod. Sold Negotiated,7876,76.62,196.14,76.62,1544798.64,118362471.7968,1464631.84,112307969.4912,214,2016,99,76.64920084414112
2016-05-19,2016-05-18,Prod. Sold Swine or Pork Market Formula,146689,78.85,212.97,78.85,31240356.33,2463302096.6205,32604376.07,2549662208.674,214,2016,99,78.51805649191662
2016-05-20,2016-05-19,Prod. Sold Swine or Pork Market Formula,148384,79.02,213.24,79.02,31641404.16,2500303756.7232,31240356.33,2463302096.6205,215,2016,100,78.93554211372717
2016-05-20,2016-05-19,Prod. Sold Negotiated,8723,76.38,201.73,76.38,1759690.7899999998,134405182.54019997,1544798.64,118362471.7968,215,2016,100,76.49219635633695
2016-05-23,2016-05-20,Prod. Sold Negotiated,11587,75.96,207.23,75.96,2401174.01,182393177.7996,1759690.7899999998,134405182.54019997,221,2016,101,76.13762416404397
2016-05-23,2016-05-20,Prod. Sold Swine or Pork Market Formula,147397,79.21,212.7,79.21,31351341.9,2483339791.899,31641404.16,2500303756.7232,221,2016,101,79.1145625541602
2016-05-24,2016-05-23,Prod. Sold Negotiated,9652,77.27,197.93,77.27,1910420.36,147618181.2172,2401174.01,182393177.7996,222,2016,102,76.54044668789193
2016-05-24,2016-05-23,Prod. Sold Swine or Pork Market Formula,149068,79.05,211.49,79.05,31526391.32,2492161233.846,31351341.9,2483339791.899,222,2016,102,79.12977728278544
2016-05-25,2016-05-24,Prod. Sold Swine or Pork Market Formula,149686,78.83,211.05,78.83,31591230.3,2490336684.549,31526391.32,2492161233.846,223,2016,103,78.93988700005454
2016-05-25,2016-05-24,Prod. Sold Negotiated,8876,77.94,196.53,77.94,1744400.28,135958557.8232,1910420.36,147618181.2172,223,2016,103,77.58978263852642
2016-05-26,2016-05-25,Prod. Sold Swine or Pork Market Formula,145314,78.47,212.13,78.47,30825458.82,2418873753.6054,31591230.3,2490336684.549,224,2016,104,78.65220836555643
2016-05-26,2016-05-25,Prod. Sold Negotiated,8602,77.45,197.43,77.45,1698292.86,131532782.007,1744400.28,135958557.8232,224,2016,104,77.69828124449106
2016-05-27,2016-05-26,Prod. Sold Swine or Pork Market Formula,155029,78.1,212.39,78.1,32926609.31,2571568187.111,30825458.82,2418873753.6054,225,2016,105,78.2789027414788
2016-05-27,2016-05-26,Prod. Sold Negotiated,9721,77.32,197.83,77.32,1923105.43,148694511.8476,1698292.86,131532782.007,225,2016,105,77.38096486884906
2016-05-31,2016-05-27,Prod. Sold Swine or Pork Market Formula,163192,77.52,212.91,77.52,34745208.72,2693448579.9744,32926609.31,2571568187.111,232,2016,106,77.8022065958289
2016-05-31,2016-05-27,Prod. Sold Negotiated,9671,76.81,198.48,76.81,1919500.08,147436801.14479998,1923105.43,148694511.8476,232,2016,106,77.06523925543425
2016-06-01,2016-05-31,Prod. Sold Negotiated,7480,75.44,198.81,75.44,1487098.8,112186733.472,1919500.08,147436801.14479998,233,2016,107,76.21194738865174
2016-06-01,2016-05-31,Prod. Sold Swine or Pork Market Formula,155588,76.82,211.58,76.82,32919309.040000003,2528861320.4528,34745208.72,2693448579.9744,233,2016,107,77.17944460862435
2016-06-02,2016-06-01,Prod. Sold Swine or Pork Market Formula,144257,76.63,212.58,76.63,30666153.06,2349947308.9878,32919309.040000003,2528861320.4528,234,2016,108,76.7283663326652
2016-06-02,2016-06-01,Prod. Sold Negotiated,5804,75.46,198.0,75.46,1149192.0,86718028.32,1487098.8,112186733.472,234,2016,108,75.44871824914003
2016-06-03,2016-06-02,Prod. Sold Swine or Pork Market Formula,140526,77.1,212.51,77.1,29863180.26,2302451198.0459995,30666153.06,2349947308.9878,235,2016,109,76.86188252624554
2016-06-03,2016-06-02,Prod. Sold Negotiated,8628,75.32,201.11,75.32,1735177.08,130693537.6656,1149192.0,86718028.32,235,2016,109,75.37577888111323
2016-06-06,2016-06-03,Prod. Sold Negotiated,9525,75.78,203.65,75.78,1939766.25,146995486.425,1735177.08,130693537.6656,241,2016,110,75.56280441761261
2016-06-06,2016-06-03,Prod. Sold Swine or Pork Market Formula,213426,77.94,215.08,77.94,45903664.080000006,3577731578.3952003,29863180.26,2302451198.0459995,241,2016,110,77.60891756365315
2016-06-07,2016-06-06,Prod. Sold Swine or Pork Market Formula,127332,78.85,212.61,78.85,27072056.520000003,2134631656.602,45903664.080000006,3577731578.3952003,242,2016,111,78.27758586048411
2016-06-07,2016-06-06,Prod. Sold Negotiated,8800,76.2,206.55,76.2,1817640.0,138504168.0,1939766.25,146995486.425,242,2016,111,75.98317441053918
2016-06-08,2016-06-07,Prod. Sold Negotiated,9389,76.71,201.76,76.71,1894324.64,145313643.13439998,1817640.0,138504168.0,243,2016,112,76.4602679874666
2016-06-08,2016-06-07,Prod. Sold Swine or Pork Market Formula,140695,79.5,211.88,79.5,29810456.6,2369931299.7,27072056.520000003,2134631656.602,243,2016,112,79.19064593364787
2016-06-09,2016-06-08,Prod. Sold Swine or Pork Market Formula,138924,80.36,212.32,80.35999999999999,29496343.68,2370326178.1248,29810456.6,2369931299.7,244,2016,113,79.92772254522309
2016-06-09,2016-06-08,Prod. Sold Negotiated,8465,77.3,201.74,77.3,1707729.1,132007459.43,1894324.64,145313643.13439998,244,2016,113,76.98971825012248
2016-06-10,2016-06-09,Prod. Sold Swine or Pork Market Formula,143104,80.84,211.84,80.84,30315151.36,2450676835.9424,29496343.68,2370326178.1248,245,2016,114,80.60328555310427
2016-06-10,2016-06-09,Prod. Sold Negotiated,9478,77.37,197.86,77.37,1875317.08,145093282.4796,1707729.1,132007459.43,245,2016,114,77.33663703703645
2016-06-13,2016-06-10,Prod. Sold Swine or Pork Market Formula,143997,81.21,211.71,81.21,30485604.87,2475735971.4927,30315151.36,2450676835.9424,251,2016,115,81.02551864320948
2016-06-13,2016-06-10,Prod. Sold Negotiated,13021,77.22,204.35,77.22,2660841.35,205470169.047,1875317.08,145093282.4796,251,2016,115,77.28201228778512
2016-06-14,2016-06-13,Prod. Sold Swine or Pork Market Formula,138799,81.46,209.65,81.46,29099210.35,2370421675.111,30485604.87,2475735971.4927,252,2016,116,81.33209155236348
2016-06-14,2016-06-13,Prod. Sold Negotiated,12102,79.78,205.35,79.78,2485145.7,198264923.946,2660841.35,205470169.047,252,2016,116,78.45629790168243
2016-06-15,2016-06-14,Prod. Sold Swine or Pork Market Formula,131250,82.07,209.07,82.07,27440437.5,2252036705.625,29099210.35,2370421675.111,253,2016,117,81.7560518416989
2016-06-15,2016-06-14,Prod. Sold Negotiated,11137,80.18,200.77,80.18,2235975.49,179280514.78820002,2485145.7,198264923.946,253,2016,117,79.96944444762285
2016-06-16,2016-06-15,Prod. Sold Swine or Pork Market Formula,143113,82.54,209.76,82.54,30019382.88,2477799862.9152,27440437.5,2252036705.625,254,2016,118,82.31554740791553
2016-06-16,2016-06-15,Prod. Sold Negotiated,8407,80.63,197.03,80.63,1656431.21,133558048.4623,2235975.49,179280514.78820002,254,2016,118,80.37149952765728
2016-06-17,2016-06-16,Prod. Sold Negotiated,9464,81.15,199.61,81.15,1889109.04,153301198.59600002,1656431.21,133558048.4623,255,2016,119,80.90706262841043
2016-06-17,2016-06-16,Prod. Sold Swine or Pork Market Formula,141390,82.91,210.73,82.91,29795114.7,2470312959.777,30019382.88,2477799862.9152,255,2016,119,82.72430636191929
2016-06-20,2016-06-17,Prod. Sold Swine or Pork Market Formula,134739,83.25,210.23,83.25,28326179.97,2358154482.5025,29795114.7,2470312959.777,261,2016,120,83.07570348689721
2016-06-20,2016-06-17,Prod. Sold Negotiated,12098,80.56,205.35,80.56,2484324.3,200137165.608,1889109.04,153301198.59600002,261,2016,120,80.81485110825993
2016-06-21,2016-06-20,Prod. Sold Negotiated,10272,82.03,205.09,82.03,2106684.48,172811327.8944,2484324.3,200137165.608,262,2016,121,81.2345415515411
2016-06-21,2016-06-20,Prod. Sold Swine or Pork Market Formula,127091,83.34,208.84,83.34000000000003,26541684.44,2211983981.2296004,28326179.97,2358154482.5025,262,2016,121,83.29353644205561
2016-06-22,2016-06-21,Prod. Sold Negotiated,8627,81.86,204.28,81.86,1762323.56,144263806.6216,2106684.48,172811327.8944,263,2016,122,81.9525654219111
2016-06-22,2016-06-21,Prod. Sold Swine or Pork Market Formula,143792,83.86,208.71,83.86000000000001,30010828.32,2516708062.9152,26541684.44,2211983981.2296004,263,2016,122,83.61594937810504
2016-06-23,2016-06-22,Prod. Sold Swine or Pork Market Formula,129647,84.43,209.76,84.43,27194754.72,2296053141.0096,30010828.32,2516708062.9152,264,2016,123,84.13097023343968
2016-06-23,2016-06-22,Prod. Sold Negotiated,8695,82.42,198.61,82.42000000000002,1726913.9500000002,142332247.75900003,1762323.56,144263806.6216,264,2016,123,82.13715849357587
2016-06-24,2016-06-23,Prod. Sold Swine or Pork Market Formula,129109,84.75,208.99,84.75,26982489.91,2286766019.8725,27194754.72,2296053141.0096,265,2016,124,84.589373124827
2016-06-24,2016-06-23,Prod. Sold Negotiated,13705,82.19,203.49,82.19,2788830.45,229213974.6855,1726913.9500000002,142332247.75900003,265,2016,124,82.27795675160446
2016-06-27,2016-06-24,Prod. Sold Swine or Pork Market Formula,126345,84.89,209.67,84.88999999999999,26490756.15,2248800289.5735,26982489.91,2286766019.8725,271,2016,125,84.81935628813028
2016-06-27,2016-06-24,Prod. Sold Negotiated,11761,82.77,199.97,82.77,2351847.17,194662390.2609,2788830.45,229213974.6855,271,2016,125,82.45534855118963
2016-06-28,2016-06-27,Prod. Sold Negotiated,10913,82.9,206.78,82.9,2256590.14,187071322.60600004,2351847.17,194662390.2609,272,2016,126,82.8336564411028
2016-06-28,2016-06-27,Prod. Sold Swine or Pork Market Formula,120809,85.21,208.31,85.21,25165722.79,2144371238.9359,26490756.15,2248800289.5735,272,2016,126,85.04589586162373
2016-06-29,2016-06-28,Prod. Sold Swine or Pork Market Formula,137715,85.1,207.8,85.1,28617177.0,2435321762.7,25165722.79,2144371238.9359,273,2016,127,85.15147043981838
2016-06-29,2016-06-28,Prod. Sold Negotiated,9276,83.95,196.24,83.95,1820322.24,152816052.048,2256590.14,187071322.60600004,273,2016,127,83.36882007113434
2016-06-30,2016-06-29,Prod. Sold Swine or Pork Market Formula,139837,84.84,208.73,84.84,29188177.01,2476324937.5284,28617177.0,2435321762.7,274,2016,128,84.96871586287166
2016-06-30,2016-06-29,Prod. Sold Negotiated,7506,83.91,196.13,83.91,1472151.78,123528255.8598,1820322.24,152816052.048,274,2016,128,83.93211494734892
2016-07-01,2016-06-30,Prod. Sold Negotiated,8197,82.62,195.24,82.62,1600382.28,132223583.97360002,1472151.78,123528255.8598,275,2016,129,83.23808128375966
2016-07-01,2016-06-30,Prod. Sold Swine or Pork Market Formula,137979,84.19,208.7,84.19,28796217.3,2424353534.4869995,29188177.01,2476324937.5284,275,2016,129,84.51719691707166
2016-07-05,2016-07-01,Prod. Sold Negotiated,7990,81.74,193.32,81.74,1544626.8,126257794.632,1600382.28,132223583.97360002,282,2016,130,82.18780042619146
2016-07-05,2016-07-01,Prod. Sold Swine or Pork Market Formula,123250,83.63,210.0,83.63,25882500.0,2164553475.0,28796217.3,2424353534.4869995,282,2016,130,83.92492062879829
2016-07-06,2016-07-05,Prod. Sold Negotiated,7836,80.51,198.17,80.51,1552860.12,125020768.2612,1544626.8,126257794.632,283,2016,131,81.12336529033672
2016-07-06,2016-07-05,Prod. Sold Swine or Pork Market Formula,124325,83.11,207.86,83.11,25842194.5,2147744784.895,25882500.0,2164553475.0,283,2016,131,83.3702026001333
2016-07-07,2016-07-06,Prod. Sold Negotiated,5734,80.97,193.77,80.97,1111077.1800000002,89963919.26460001,1552860.12,125020768.2612,284,2016,132,80.70185718177376
2016-07-07,2016-07-06,Prod. Sold Swine or Pork Market Formula,130419,82.93,209.29,82.93,27295392.51,2263606900.8543,25842194.5,2147744784.895,284,2016,132,83.01753869476845
2016-07-08,2016-07-07,Prod. Sold Negotiated,8549,80.06,199.01,80.06,1701336.49,136208999.3894,1111077.1800000002,89963919.26460001,285,2016,133,80.41950622932366
2016-07-08,2016-07-07,Prod. Sold Swine or Pork Market Formula,138168,82.46,209.5,82.46,28946196.0,2386903322.16,27295392.51,2263606900.8543,285,2016,133,82.68810227839526
2016-07-11,2016-07-08,Prod. Sold Negotiated,8514,80.95,197.77,80.95,1683813.78,136304725.491,1701336.49,136208999.3894,291,2016,134,80.50269652590637
2016-07-11,2016-07-08,Prod. Sold Swine or Pork Market Formula,181230,82.29,211.58,82.29,38344643.400000006,3155380705.3860006,28946196.0,2386903322.16,291,2016,134,82.36312813101868
2016-07-12,2016-07-11,Prod. Sold Swine or Pork Market Formula,120351,81.72,208.28,81.72,25066706.28,2048451237.2016,38344643.400000006,3155380705.3860006,292,2016,135,82.06467720444836
2016-07-12,2016-07-11,Prod. Sold Negotiated,8876,79.48,198.89,79.48,1765347.64,140309830.4272,1683813.78,136304725.491,292,2016,135,80.19762551971256
2016-07-13,2016-07-12,Prod. Sold Swine or Pork Market Formula,133635,81.33,208.58,81.33,27873588.3,2266958936.439,25066706.28,2048451237.2016,293,2016,136,81.51466114566905
2016-07-13,2016-07-12,Prod. Sold Negotiated,8632,78.7,195.8,78.7,1690145.6,133014458.72,1765347.64,140309830.4272,293,2016,136,79.09848758587066
2016-07-14,2016-07-13,Prod. Sold Negotiated,7811,77.65,194.7,77.65,1520801.7,118090252.005,1690145.6,133014458.72,294,2016,137,78.20268826118698
2016-07-14,2016-07-13,Prod. Sold Swine or Pork Market Formula,131380,81.0,208.92,81.0,27447909.6,2223280677.6,27873588.3,2266958936.439,294,2016,137,81.16626961467361
2016-07-15,2016-07-14,Prod. Sold Negotiated,10022,77.24,198.53,77.24,1989667.66,153681930.05839998,1520801.7,118090252.005,295,2016,138,77.41761975196387
2016-07-15,2016-07-14,Prod. Sold Swine or Pork Market Formula,138891,80.32,209.4,80.32,29083775.4,2336008840.128,27447909.6,2223280677.6,295,2016,138,80.65016136929228
2016-07-18,2016-07-15,Prod. Sold Negotiated,7980,77.5,197.85,77.5,1578843.0,122360332.5,1989667.66,153681930.05839998,301,2016,139,77.35503375472611
2016-07-18,2016-07-15,Prod. Sold Swine or Pork Market Formula,131020,79.79,210.44,79.79,27571848.8,2199957815.7520003,29083775.4,2336008840.128,301,2016,139,80.0620718583487
2016-07-19,2016-07-18,Prod. Sold Swine or Pork Market Formula,118943,78.67,208.88,78.67,24844813.84,1954541504.7928,27571848.8,2199957815.7520003,302,2016,140,79.25913462057073
2016-07-19,2016-07-18,Prod. Sold Negotiated,7881,76.33,196.9,76.33,1551768.9,118446520.137,1578843.0,122360332.5,302,2016,140,76.92005918619296
2016-07-20,2016-07-19,Prod. Sold Negotiated,7783,75.27,195.57,75.27,1522121.31,114570071.0037,1551768.9,118446520.137,303,2016,141,75.80511183602097
2016-07-20,2016-07-19,Prod. Sold Swine or Pork Market Formula,125070,78.41,208.18,78.41,26037072.6,2041566862.566,24844813.84,1954541504.7928,303,2016,141,78.53695385431547
2016-07-21,2016-07-20,Prod. Sold Swine or Pork Market Formula,122550,77.68,207.75,77.68,25459762.5,1977714351.0,26037072.6,2041566862.566,304,2016,142,78.04909186673491
2016-07-21,2016-07-20,Prod. Sold Negotiated,8575,74.82,196.67,74.82,1686445.25,126179833.605,1522121.31,114570071.0037,304,2016,142,75.03347682109482
2016-07-22,2016-07-21,Prod. Sold Negotiated,10777,75.52,197.59,75.52,2129427.43,160814359.5136,1686445.25,126179833.605,305,2016,143,75.21063127258219
2016-07-22,2016-07-21,Prod. Sold Swine or Pork Market Formula,123455,76.86,208.33,76.86,25719380.15,1976791558.329,25459762.5,1977714351.0,305,2016,143,77.26792018328193
2016-07-25,2016-07-22,Prod. Sold Negotiated,12391,73.78,202.94,73.78,2514629.54,185529367.4612,2129427.43,160814359.5136,311,2016,144,74.5778376992649
2016-07-25,2016-07-22,Prod. Sold Swine or Pork Market Formula,124870,76.38,207.97,76.38,25969213.9,1983528557.682,25719380.15,1976791558.329,311,2016,144,76.61883997425154
2016-07-26,2016-07-25,Prod. Sold Negotiated,8972,72.14,197.09,72.14,1768291.48,127564547.3672,2514629.54,185529367.4612,312,2016,145,73.10289248070235
2016-07-26,2016-07-25,Prod. Sold Swine or Pork Market Formula,129994,75.36,207.96,75.36,27033552.24,2037248496.8064,25969213.9,1983528557.682,312,2016,145,75.85975878821179
2016-07-27,2016-07-26,Prod. Sold Negotiated,10077,71.67,195.91,71.67,1974185.07,141489843.96690002,1768291.48,127564547.3672,313,2016,146,71.89207139697376
2016-07-27,2016-07-26,Prod. Sold Swine or Pork Market Formula,125773,74.84,207.42,74.84,26087835.66,1952413620.7944,27033552.24,2037248496.8064,313,2016,146,75.10462876292432
2016-07-28,2016-07-27,Prod. Sold Negotiated,8630,72.49,195.63,72.49,1688286.9,122383917.38099998,1974185.07,141489843.96690002,314,2016,147,72.047994772203
2016-07-28,2016-07-27,Prod. Sold Swine or Pork Market Formula,134745,74.45,207.03,74.45,27896257.35,2076876359.7075,26087835.66,1952413620.7944,314,2016,147,74.63846766408608
2016-07-29,2016-07-28,Prod. Sold Negotiated,7030,70.38,195.57,70.38,1374857.1,96762442.69799998,1688286.9,122383917.38099998,315,2016,148,71.54295066735354
2016-07-29,2016-07-28,Prod. Sold Swine or Pork Market Formula,131114,73.23,207.71,73.23,27233688.94,1994323041.0762,27896257.35,2076876359.7075,315,2016,148,73.84733116495296
2016-08-01,2016-07-29,Prod. Sold Negotiated,9440,69.94,200.71,69.94,1894702.4,132515485.856,1374857.1,96762442.69799998,321,2016,149,70.12502098646621
2016-08-01,2016-07-29,Prod. Sold Swine or Pork Market Formula,133660,72.58,209.9,72.58,28055234.0,2036248883.72,27233688.94,1994323041.0762,321,2016,149,72.90017078412272
2016-08-02,2016-08-01,Prod. Sold Negotiated,9048,69.8,199.09,69.8,1801366.32,125735369.136,1894702.4,132515485.856,322,2016,150,69.87176769592097
2016-08-02,2016-08-01,Prod. Sold Swine or Pork Market Formula,98253,72.13,208.12,72.13,20448414.36,1474944127.7868,28055234.0,2036248883.72,322,2016,150,72.39028671505896
2016-08-03,2016-08-02,Prod. Sold Negotiated,7958,68.47,190.8,68.47,1518386.4,103963916.808,1801366.32,125735369.136,323,2016,151,69.19168544095658
2016-08-03,2016-08-02,Prod. Sold Swine or Pork Market Formula,124103,71.5,207.8,71.5,25788603.4,1843885143.1,20448414.36,1474944127.7868,323,2016,151,71.7786187706497
2016-08-04,2016-08-03,Prod. Sold Swine or Pork Market Formula,137255,70.85,207.66,70.85,28502373.3,2019393148.305,25788603.4,1843885143.1,324,2016,152,71.15875466290883
2016-08-04,2016-08-03,Prod. Sold Negotiated,7409,67.95,192.19,67.95,1423935.71,96756431.4945,1518386.4,103963916.808,324,2016,152,68.21834619000977
2016-08-05,2016-08-04,Prod. Sold Negotiated,7444,67.71,192.61,67.71,1433788.84,97081842.3564,1423935.71,96756431.4945,325,2016,153,67.82958625277584
2016-08-05,2016-08-04,Prod. Sold Swine or Pork Market Formula,126015,70.36,206.98,70.36,26082584.7,1835170659.492,28502373.3,2019393148.305,325,2016,153,70.61586101792
2016-08-08,2016-08-05,Prod. Sold Negotiated,11260,67.07,200.06,67.07,2252675.6,151086952.49199998,1433788.84,97081842.3564,331,2016,154,67.31891732241962
2016-08-08,2016-08-05,Prod. Sold Swine or Pork Market Formula,177594,69.88,209.54,69.88,37213046.76,2600447707.5887995,26082584.7,1835170659.492,331,2016,154,70.07779628336453
2016-08-09,2016-08-08,Prod. Sold Negotiated,7437,65.57,197.79,65.57,1470964.23,96451124.5611,2252675.6,151086952.49199998,332,2016,155,66.47744904294355
2016-08-09,2016-08-08,Prod. Sold Swine or Pork Market Formula,133017,69.19,208.21,69.19,27695469.57,1916249539.5483,37213046.76,2600447707.5887995,332,2016,155,69.5855875702636
2016-08-10,2016-08-09,Prod. Sold Negotiated,7680,65.22,193.48,65.22,1485926.4,96912119.808,1470964.23,96451124.5611,333,2016,156,65.39411448204291
2016-08-10,2016-08-09,Prod. Sold Swine or Pork Market Formula,135185,68.76,208.03,68.76,28122535.55,1933705544.418,27695469.57,1916249539.5483,333,2016,156,68.97335502566774
2016-08-11,2016-08-10,Prod. Sold Negotiated,7691,63.85,196.53,63.85,1511512.23,96510055.8855,1485926.4,96912119.808,334,2016,157,64.52915290996299
2016-08-11,2016-08-10,Prod. Sold Swine or Pork Market Formula,140605,68.03,207.17,68.03,29129137.85,1981655247.9355,28122535.55,1933705544.418,334,2016,157,68.38858254846225
2016-08-12,2016-08-11,Prod. Sold Swine or Pork Market Formula,138931,67.49,206.65,67.49,28710091.15,1937644051.7135,29129137.85,1981655247.9355,335,2016,158,67.76195615693632
2016-08-12,2016-08-11,Prod. Sold Negotiated,7927,63.84,194.79,63.84,1544100.3299999998,98575365.0672,1511512.23,96510055.8855,335,2016,158,63.84494667501302
2016-08-15,2016-08-12,Prod. Sold Negotiated,9210,63.66,198.81,63.66,1831040.1,116564012.766,1544100.3299999998,98575365.0672,341,2016,159,63.74234859116662
2016-08-15,2016-08-12,Prod. Sold Swine or Pork Market Formula,160833,66.97,208.72,66.97,33569063.76,2248120200.0072,28710091.15,1937644051.7135,341,2016,159,67.20971499644743
2016-08-16,2016-08-15,Prod. Sold Swine or Pork Market Formula,130896,67.32,206.96,67.32,27090236.16,1823714698.2912,33569063.76,2248120200.0072,342,2016,160,67.12630880456096
2016-08-16,2016-08-15,Prod. Sold Negotiated,12189,64.18,197.45,64.18,2406718.05,154463164.449,1831040.1,116564012.766,342,2016,160,63.95531968123287
2016-08-17,2016-08-16,Prod. Sold Swine or Pork Market Formula,137038,67.49,207.42,67.49,28424421.96,1918364238.0804,27090236.16,1823714698.2912,343,2016,161,67.40704280809503
2016-08-17,2016-08-16,Prod. Sold Negotiated,7649,63.13,194.41,63.13000000000001,1487042.09,93876967.1417,2406718.05,154463164.449,343,2016,161,63.7790009301138
2016-08-18,2016-08-17,Prod. Sold Swine or Pork Market Formula,141398,67.48,207.35,67.48,29318875.3,1978437705.244,28424421.96,1918364238.0804,344,2016,162,67.48492254916307
2016-08-18,2016-08-17,Prod. Sold Negotiated,6786,64.58,191.63,64.58,1300401.18,83979908.2044,1487042.09,93876967.1417,344,2016,162,63.80645563635094
2016-08-19,2016-08-18,Prod. Sold Negotiated,8925,63.88,194.75,63.88,1738143.75,111032622.75,1300401.18,83979908.2044,345,2016,163,64.1795778726234
2016-08-19,2016-08-18,Prod. Sold Swine or Pork Market Formula,144219,67.27,208.06,67.27,30006205.14,2018517419.7678,29318875.3,1978437705.244,345,2016,163,67.37378348865835
2016-08-22,2016-08-19,Prod. Sold Negotiated,15804,64.28,202.23,64.28,3196042.92,205441638.8976,1738143.75,111032622.75,351,2016,164,64.13909379873543
2016-08-22,2016-08-19,Prod. Sold Swine or Pork Market Formula,194198,67.18,209.03,67.18,40593207.94,2727051709.4092,30006205.14,2018517419.7678,351,2016,164,67.21825185429715
2016-08-23,2016-08-22,Prod. Sold Swine or Pork Market Formula,138529,67.16,206.74,67.16,28639485.46,1923427843.4936,40593207.94,2727051709.4092,352,2016,165,67.17172660081428
2016-08-23,2016-08-22,Prod. Sold Negotiated,9400,63.81,200.22,63.81,1882068.0,120094759.08,3196042.92,205441638.8976,352,2016,165,64.10580688489569
2016-08-24,2016-08-23,Prod. Sold Negotiated,8527,64.49,196.91,64.49,1679051.57,108282035.7493,1882068.0,120094759.08,353,2016,166,64.13061688611033
2016-08-24,2016-08-23,Prod. Sold Swine or Pork Market Formula,140174,67.18,207.16,67.18,29038445.84,1950802791.5312,28639485.46,1923427843.4936,353,2016,166,67.17006917036916
2016-08-25,2016-08-24,Prod. Sold Negotiated,9215,64.54,199.25,64.54,1836088.75,118501167.925,1679051.57,108282035.7493,354,2016,167,64.51611686281133
2016-08-25,2016-08-24,Prod. Sold Swine or Pork Market Formula,148360,67.2,207.19,67.2,30738708.4,2065641204.48,29038445.84,1950802791.5312,354,2016,167,67.19028443350669
2016-08-26,2016-08-25,Prod. Sold Negotiated,11062,64.39,199.67,64.39,2208749.54,142221382.8806,1836088.75,118501167.925,355,2016,168,64.45809006757598
2016-08-26,2016-08-25,Prod. Sold Swine or Pork Market Formula,141599,66.93,207.43,66.93,29371880.57,1965859966.5501003,30738708.4,2065641204.48,355,2016,168,67.06806970469283
2016-08-29,2016-08-26,Prod. Sold Swine or Pork Market Formula,188476,66.66,209.14,66.66,39417870.64,2627595256.8624,29371880.57,1965859966.5501003,361,2016,169,66.77528472794864
2016-08-29,2016-08-26,Prod. Sold Negotiated,14627,64.36,200.72,64.36,2935931.44,188956547.4784,2208749.54,142221382.8806,361,2016,169,64.37287980468712
2016-08-30,2016-08-29,Prod. Sold Swine or Pork Market Formula,136963,66.28,206.36,66.28,28263684.680000003,1873317020.5904,39417870.64,2627595256.8624,362,2016,170,66.5013127457308
2016-08-30,2016-08-29,Prod. Sold Negotiated,11083,63.86,197.55,63.86000000000001,2189446.65,139818063.069,2935931.44,188956547.4784,362,2016,170,64.14641120600724
2016-08-31,2016-08-30,Prod. Sold Negotiated,8390,63.63,192.68,63.63000000000001,1616585.2,102863316.276,2189446.65,139818063.069,363,2016,171,63.762309121243966
2016-08-31,2016-08-30,Prod. Sold Swine or Pork Market Formula,146742,66.09,207.18,66.09,30402007.56,2009268679.6404,28263684.680000003,1873317020.5904,363,2016,171,66.18153731736824
2016-09-01,2016-08-31,Prod. Sold Swine or Pork Market Formula,145333,65.68,206.64,65.68,30031611.12,1972476218.3616,30402007.56,2009268679.6404,364,2016,172,65.88625644089926
2016-09-01,2016-08-31,Prod. Sold Negotiated,9227,63.25,193.54,63.25,1785793.5799999998,112951443.935,1616585.2,102863316.276,364,2016,172,63.43055084860364
2016-09-02,2016-09-01,Prod. Sold Swine or Pork Market Formula,147786,65.21,208.27,65.21,30779390.220000003,2007124036.2462,30031611.12,1972476218.3616,365,2016,173,65.44211025826532
2016-09-02,2016-09-01,Prod. Sold Negotiated,11449,61.94,195.09,61.93999999999999,2233585.41,138348280.2954,1785793.5799999998,112951443.935,365,2016,173,62.5220276205902
2016-09-06,2016-09-02,Prod. Sold Swine or Pork Market Formula,171085,64.95,209.64,64.95,35866259.4,2329513548.03,30779390.220000003,2007124036.2462,372,2016,174,65.07007747696706
2016-09-06,2016-09-02,Prod. Sold Negotiated,13188,62.96,200.3,62.96000000000001,2641556.4000000004,166312390.94400004,2233585.41,138348280.2954,372,2016,174,62.49267880053729
2016-09-07,2016-09-06,Prod. Sold Negotiated,9083,60.43,194.56,60.43,1767188.48,106791199.8464,2641556.4000000004,166312390.94400004,373,2016,175,61.945882155558074
2016-09-07,2016-09-06,Prod. Sold Swine or Pork Market Formula,135449,64.34,208.43,64.34,28231635.07,1816423400.4038,35866259.4,2329513548.03,373,2016,175,64.68132818893513
2016-09-08,2016-09-07,Prod. Sold Negotiated,7824,59.62,197.48,59.620000000000005,1545083.52,92117879.4624,1767188.48,106791199.8464,374,2016,176,60.0521573435998
2016-09-08,2016-09-07,Prod. Sold Swine or Pork Market Formula,132868,64.47,208.32,64.47,27679061.76,1784469111.6672,28231635.07,1816423400.4038,374,2016,176,64.40435759582358
2016-09-09,2016-09-08,Prod. Sold Negotiated,7679,59.74,195.23,59.74,1499171.17,89560485.69579998,1545083.52,92117879.4624,375,2016,177,59.6790951016651
2016-09-09,2016-09-08,Prod. Sold Swine or Pork Market Formula,141793,64.42,209.8,64.42,29748171.4,1916377201.5880003,27679061.76,1784469111.6672,375,2016,177,64.44409924720115
2016-09-12,2016-09-09,Prod. Sold Swine or Pork Market Formula,277522,64.22,211.63,64.22,58731980.86,3771767810.8292,29748171.4,1916377201.5880003,381,2016,178,64.28724258636578
2016-09-12,2016-09-09,Prod. Sold Negotiated,15914,60.06,203.53,60.06,3238976.42,194532923.7852,1499171.17,89560485.69579998,381,2016,178,59.95875056331878
2016-09-13,2016-09-12,Prod. Sold Swine or Pork Market Formula,132956,64.08,208.58,64.08,27731962.48,1777064155.7184,58731980.86,3771767810.8292,382,2016,179,64.17509718158547
2016-09-13,2016-09-12,Prod. Sold Negotiated,8538,59.93,199.0,59.93,1699062.0,101824785.66,3238976.42,194532923.7852,382,2016,179,60.01527008070544
2016-09-14,2016-09-13,Prod. Sold Swine or Pork Market Formula,144138,64.05,208.85,64.05,30103221.3,1928111324.265,27731962.48,1777064155.7184,383,2016,180,64.06438499577635
2016-09-14,2016-09-13,Prod. Sold Negotiated,8497,59.78,194.89,59.78,1655980.3299999998,98994504.1274,1699062.0,101824785.66,383,2016,180,59.85596306541981
2016-09-15,2016-09-14,Prod. Sold Swine or Pork Market Formula,143125,63.55,209.53,63.55,29988981.25,1905799758.4375,30103221.3,1928111324.265,384,2016,181,63.80047526985679
2016-09-15,2016-09-14,Prod. Sold Negotiated,6827,59.1,198.37,59.1,1354271.99,80037474.609,1655980.3299999998,98994504.1274,384,2016,181,59.47407715523329
2016-09-16,2016-09-15,Prod. Sold Swine or Pork Market Formula,145347,62.97,210.62,62.97,30612985.14,1927699674.2658,29988981.25,1905799758.4375,385,2016,182,63.25701393966434
2016-09-16,2016-09-15,Prod. Sold Negotiated,7952,58.5,195.06,58.5,1551117.12,90740351.52,1354271.99,80037474.609,385,2016,182,58.77967448188033
2016-09-19,2016-09-16,Prod. Sold Negotiated,14083,58.9,202.15,58.9,2846878.45,167681140.705,1551117.12,90740351.52,391,2016,183,58.758925085729445
2016-09-19,2016-09-16,Prod. Sold Swine or Pork Market Formula,212836,62.01,210.76,62.01,44857315.36,2781602125.4736,30612985.14,1927699674.2658,391,2016,183,62.399404382117176
2016-09-20,2016-09-19,Prod. Sold Swine or Pork Market Formula,127630,61.5,209.15,61.5,26693814.5,1641669591.75,44857315.36,2781602125.4736,392,2016,184,61.81973262865818
2016-09-20,2016-09-19,Prod. Sold Negotiated,8467,57.32,198.14,57.32,1677651.38,96162977.1016,2846878.45,167681140.705,392,2016,184,58.31415146324718
2016-09-21,2016-09-20,Prod. Sold Negotiated,8193,56.05,192.48,56.05,1576988.64,88390213.27199998,1677651.38,96162977.1016,393,2016,185,56.704639910867925
2016-09-21,2016-09-20,Prod. Sold Swine or Pork Market Formula,143225,60.95,208.88,60.95,29916838.0,1823431276.1,26693814.5,1641669591.75,393,2016,185,61.2093433802057
2016-09-22,2016-09-21,Prod. Sold Swine or Pork Market Formula,137327,60.52,208.54,60.52,28638172.58,1733182204.5416,29916838.0,1823431276.1,394,2016,186,60.73969495372945
2016-09-22,2016-09-21,Prod. Sold Negotiated,8888,56.0,201.91,56.0,1794576.08,100496260.48,1576988.64,88390213.27199998,394,2016,186,56.023386598967605
2016-09-23,2016-09-22,Prod. Sold Swine or Pork Market Formula,153084,59.83,210.32,59.83,32196626.88,1926324186.2304,28638172.58,1733182204.5416,395,2016,187,60.15481966334406
2016-09-23,2016-09-22,Prod. Sold Negotiated,9772,54.88,200.19,54.88,1956256.68,107359366.5984,1794576.08,100496260.48,395,2016,187,55.41586105758552
2016-09-26,2016-09-23,Prod. Sold Negotiated,23062,56.1,206.8,56.1,4769221.600000001,267553331.76000005,1956256.68,107359366.5984,401,2016,188,55.74513555018128
2016-09-26,2016-09-23,Prod. Sold Swine or Pork Market Formula,222237,58.77,211.08,58.77,46909785.96,2756888120.8692,32196626.88,1926324186.2304,401,2016,188,59.201424245741336
2016-09-27,2016-09-26,Prod. Sold Swine or Pork Market Formula,131821,58.03,209.39,58.03,27601999.19,1601744012.9957,46909785.96,2756888120.8692,402,2016,189,58.495875854947215
2016-09-27,2016-09-26,Prod. Sold Negotiated,11307,53.23,200.47,53.23,2266714.29,120657201.6567,4769221.600000001,267553331.76000005,402,2016,189,55.17539379067595
2016-09-28,2016-09-27,Prod. Sold Swine or Pork Market Formula,143933,57.92,209.28,57.92000000000001,30122298.24,1744683514.0608,27601999.19,1601744012.9957,403,2016,190,57.9725986464293
2016-09-28,2016-09-27,Prod. Sold Negotiated,9751,52.45,198.22,52.45,1932843.22,101377626.889,2266714.29,120657201.6567,403,2016,190,52.87100558022839
2016-09-29,2016-09-28,Prod. Sold Negotiated,7961,53.13,197.46,53.13,1571979.06,83519247.4578,1932843.22,101377626.889,404,2016,191,52.754992857098586
2016-09-29,2016-09-28,Prod. Sold Swine or Pork Market Formula,142156,57.32,210.15,57.32,29874083.4,1712382460.4880002,30122298.24,1744683514.0608,404,2016,191,57.621241149048736
2016-09-30,2016-09-29,Prod. Sold Swine or Pork Market Formula,143976,56.79,210.73,56.79,30340062.48,1723012148.2392,29874083.4,1712382460.4880002,405,2016,192,57.0529492450753
2016-09-30,2016-09-29,Prod. Sold Negotiated,10121,52.19,198.03,52.19,2004261.63,104602414.4697,1571979.06,83519247.4578,405,2016,192,52.60318816167264
2016-10-03,2016-09-30,Prod. Sold Negotiated,23907,52.74,207.54,52.74,4961658.78,261677884.0572,2004261.63,104602414.4697,411,2016,193,52.58175186743198
2016-10-03,2016-09-30,Prod. Sold Swine or Pork Market Formula,247025,55.93,211.57,55.93,52263079.25,2923074022.4525,30340062.48,1723012148.2392,411,2016,193,56.24587725583232
2016-10-04,2016-10-03,Prod. Sold Swine or Pork Market Formula,140406,55.46,208.38,55.46,29257802.28,1622637714.4488,52263079.25,2923074022.4525,412,2016,194,55.761317242729525
2016-10-04,2016-10-03,Prod. Sold Negotiated,9816,50.74,194.63,50.74,1910488.08,96938165.1792,4961658.78,261677884.0572,412,2016,194,52.18399090446679
2016-10-05,2016-10-04,Prod. Sold Negotiated,7332,49.6,197.25,49.6,1446237.0,71733355.2,1910488.08,96938165.1792,413,2016,195,50.24883371717769
2016-10-05,2016-10-04,Prod. Sold Swine or Pork Market Formula,143173,54.78,209.28,54.78,29963245.44,1641386585.2032,29257802.28,1622637714.4488,413,2016,195,55.11594990829049
2016-10-06,2016-10-05,Prod. Sold Negotiated,9399,49.17,197.01,49.17,1851696.99,91047940.9983,1446237.0,71733355.2,414,2016,196,49.35856711865237
2016-10-06,2016-10-05,Prod. Sold Swine or Pork Market Formula,151373,54.49,210.4,54.49,31848879.2,1735445427.608,29963245.44,1641386585.2032,414,2016,196,54.630576646219616
2016-10-07,2016-10-06,Prod. Sold Negotiated,8704,48.23,198.11,48.23,1724349.4400000002,83165373.4912,1851696.99,91047940.9983,415,2016,197,48.71673729624925
2016-10-07,2016-10-06,Prod. Sold Swine or Pork Market Formula,149120,53.51,210.52,53.51,31392742.4,1679825645.824,31848879.2,1735445427.608,415,2016,197,54.00353417616983
2016-10-10,2016-10-07,Prod. Sold Negotiated,24351,50.46,210.13,50.46,5116875.63,258197544.2898,1724349.4400000002,83165373.4912,421,2016,198,49.89792241713223
2016-10-10,2016-10-07,Prod. Sold Swine or Pork Market Formula,250780,53.08,211.71,53.08,53092633.8,2818157002.104,31392742.4,1679825645.824,421,2016,198,53.239777701646794
2016-10-11,2016-10-10,Prod. Sold Negotiated,8723,48.45,198.34,48.45,1730119.82,83824305.27900001,5116875.63,258197544.2898,422,2016,199,49.952107032406445
2016-10-11,2016-10-10,Prod. Sold Swine or Pork Market Formula,136968,53.02,209.63,53.02,28712601.84,1522342149.5568,53092633.8,2818157002.104,422,2016,199,53.05894075975795
2016-10-12,2016-10-11,Prod. Sold Negotiated,9289,48.55,195.32,48.55,1814327.48,88085599.154,1730119.82,83824305.27900001,423,2016,200,48.5011878813941
2016-10-12,2016-10-11,Prod. Sold Swine or Pork Market Formula,139620,53.08,209.07,53.08,29190353.4,1549423958.472,28712601.84,1522342149.5568,423,2016,200,53.050247527034514
2016-10-13,2016-10-12,Prod. Sold Negotiated,7989,47.82,194.89,47.81999999999999,1556976.21,74454602.36219998,1814327.48,88085599.154,424,2016,201,48.21286257845255
2016-10-13,2016-10-12,Prod. Sold Swine or Pork Market Formula,138512,52.97,210.5,52.97,29156776.0,1544434424.72,29190353.4,1549423958.472,424,2016,201,53.02503165120579
2016-10-14,2016-10-13,Prod. Sold Negotiated,9796,47.24,198.12,47.24,1940783.52,91682613.4848,1556976.21,74454602.36219998,425,2016,202,47.49817845464188
2016-10-14,2016-10-13,Prod. Sold Swine or Pork Market Formula,151430,52.69,210.63,52.69,31895700.9,1680584480.4209998,29156776.0,1544434424.72,425,2016,202,52.82371934595498
2016-10-17,2016-10-14,Prod. Sold Swine or Pork Market Formula,258846,52.64,212.5,52.64,55004775.0,2895451356.0,31895700.9,1680584480.4209998,431,2016,203,52.65835185628712
2016-10-17,2016-10-14,Prod. Sold Negotiated,23985,47.96,206.85,47.96,4961297.25,237943816.11,1940783.52,91682613.4848,431,2016,203,47.75754451143578
2016-10-18,2016-10-17,Prod. Sold Swine or Pork Market Formula,146680,52.82,209.97,52.82,30798399.6,1626771466.872,55004775.0,2895451356.0,432,2016,204,52.70460963657632
2016-10-18,2016-10-17,Prod. Sold Negotiated,7972,47.55,198.39,47.55,1581565.0799999998,75203419.55399999,4961297.25,237943816.11,432,2016,204,47.860893271156456
2016-10-19,2016-10-18,Prod. Sold Swine or Pork Market Formula,154524,52.79,210.19,52.79,32479399.56,1714587502.7724,30798399.6,1626771466.872,433,2016,205,52.80460151902034
2016-10-19,2016-10-18,Prod. Sold Negotiated,7617,47.91,197.44,47.91,1503900.48,72051871.99679999,1581565.0799999998,75203419.55399999,433,2016,205,47.72546919979233
2016-10-20,2016-10-19,Prod. Sold Swine or Pork Market Formula,152996,52.97,210.29,52.97,32173528.84,1704231822.6548,32479399.56,1714587502.7724,434,2016,206,52.8795742131798
2016-10-20,2016-10-19,Prod. Sold Negotiated,7140,47.68,197.02,47.68,1406722.8,67072543.104,1503900.48,72051871.99679999,434,2016,206,47.798839532679054
2016-10-21,2016-10-20,Prod. Sold Swine or Pork Market Formula,154191,52.52,212.15,52.52,32711620.65,1718014316.538,32173528.84,1704231822.6548,435,2016,207,52.743134077547765
2016-10-21,2016-10-20,Prod. Sold Negotiated,9309,47.18,201.44,47.18,1875204.96,88472170.0128,1406722.8,67072543.104,435,2016,207,47.39431349238474
2016-10-24,2016-10-21,Prod. Sold Swine or Pork Market Formula,257682,52.07,212.99,52.07,54883689.18,2857793695.6026,32711620.65,1718014316.538,441,2016,208,52.238048144598935
2016-10-24,2016-10-21,Prod. Sold Negotiated,27381,47.4,209.58,47.39999999999999,5738509.98,272005373.052,1875204.96,88472170.0128,441,2016,208,47.3458155323057
2016-10-25,2016-10-24,Prod. Sold Swine or Pork Market Formula,149943,52.09,210.49,52.09,31561502.07,1644038642.8263,54883689.18,2857793695.6026,442,2016,209,52.07730208392477
2016-10-25,2016-10-24,Prod. Sold Negotiated,10705,46.52,200.74,46.52,2148921.7,99967837.484,5738509.98,272005373.052,442,2016,209,47.160245010959
2016-10-26,2016-10-25,Prod. Sold Negotiated,8000,46.21,197.07,46.21,1576560.0,72852837.6,2148921.7,99967837.484,443,2016,210,46.388813313456886
2016-10-26,2016-10-25,Prod. Sold Swine or Pork Market Formula,150759,51.93,210.33,51.93,31709140.470000003,1646655664.6071,31561502.07,1644038642.8263,443,2016,210,52.00981332460797
2016-10-27,2016-10-26,Prod. Sold Swine or Pork Market Formula,142275,52.44,210.82,52.44,29994415.5,1572907148.82,31709140.470000003,1646655664.6071,444,2016,211,52.177913619637046
2016-10-27,2016-10-26,Prod. Sold Negotiated,9668,46.07,202.15,46.07,1954386.2,90038572.234,1576560.0,72852837.6,444,2016,211,46.13250970348968
2016-10-28,2016-10-27,Prod. Sold Swine or Pork Market Formula,147661,51.76,211.19,51.76,31184526.59,1614111096.2984,29994415.5,1572907148.82,445,2016,212,52.093385995952566
2016-10-28,2016-10-27,Prod. Sold Negotiated,9499,46.28,195.03,46.28,1852589.97,85737863.8116,1954386.2,90038572.234,445,2016,212,46.17219236378882
2016-10-31,2016-10-28,Prod. Sold Swine or Pork Market Formula,248072,51.48,211.41,51.48,52444901.52,2699863530.2495995,31184526.59,1614111096.2984,451,2016,213,51.584409029722345
2016-10-31,2016-10-28,Prod. Sold Negotiated,24914,47.15,206.5,47.15,5144741.0,242574538.15,1852589.97,85737863.8116,451,2016,213,46.91966170661212
2016-11-01,2016-10-31,Prod. Sold Swine or Pork Market Formula,152464,51.4,210.27,51.4,32058605.28,1647812311.392,52444901.52,2699863530.2495995,452,2016,214,51.44964991726946
2016-11-01,2016-10-31,Prod. Sold Negotiated,12127,45.27,201.76,45.27,2446743.52,110764079.1504,5144741.0,242574538.15,452,2016,214,46.54407400417119
2016-11-02,2016-11-01,Prod. Sold Swine or Pork Market Formula,149488,51.92,210.86,51.92,31521039.680000003,1636572380.1856005,32058605.28,1647812311.392,453,2016,215,51.65780170121919
2016-11-02,2016-11-01,Prod. Sold Negotiated,8962,46.09,200.29,46.09,1794998.98,82731502.98820001,2446743.52,110764079.1504,453,2016,215,45.61700342220208
2016-11-03,2016-11-02,Prod. Sold Swine or Pork Market Formula,155145,51.61,210.69,51.61,32687500.05,1687001877.5805,31521039.680000003,1636572380.1856005,454,2016,216,51.762184154037605
2016-11-03,2016-11-02,Prod. Sold Negotiated,10682,45.91,200.1,45.91,2137468.2,98131165.06199996,1794998.98,82731502.98820001,454,2016,216,45.992162113912414
2016-11-04,2016-11-03,Prod. Sold Swine or Pork Market Formula,150176,51.28,211.22,51.28,31720174.72,1626610559.6416,32687500.05,1687001877.5805,455,2016,217,51.44747810031989
2016-11-04,2016-11-03,Prod. Sold Negotiated,11193,45.71,200.96,45.71,2249345.2800000003,102817572.7488,2137468.2,98131165.06199996,455,2016,217,45.80744969599208
2016-11-07,2016-11-04,Prod. Sold Swine or Pork Market Formula,243640,50.68,211.26,50.68,51471386.4,2608569862.752,31720174.72,1626610559.6416,461,2016,218,50.90877446432994
2016-11-07,2016-11-04,Prod. Sold Negotiated,29137,46.04,205.97,46.04,6001347.89,276302056.8556,2249345.2800000003,102817572.7488,461,2016,218,45.95003374781904
2016-11-08,2016-11-07,Prod. Sold Swine or Pork Market Formula,144364,50.42,211.29,50.42,30502669.56,1537944599.2152,51471386.4,2608569862.752,462,2016,219,50.58325360880679
2016-11-08,2016-11-07,Prod. Sold Negotiated,10221,44.65,202.81,44.65,2072921.01,92555923.0965,6001347.89,276302056.8556,462,2016,219,45.68314289756934
2016-11-09,2016-11-08,Prod. Sold Swine or Pork Market Formula,147845,49.93,210.79,49.92999999999999,31164247.55,1556030880.1714995,30502669.56,1537944599.2152,463,2016,220,50.17237157920087
2016-11-09,2016-11-08,Prod. Sold Negotiated,11139,44.22,195.37,44.22,2176226.43,96232732.7346,2072921.01,92555923.0965,463,2016,220,44.42977291253983
2016-11-10,2016-11-09,Prod. Sold Swine or Pork Market Formula,155457,49.89,210.29,49.89,32691052.53,1630956610.7217,31164247.55,1556030880.1714995,464,2016,221,49.9095217922465
2016-11-10,2016-11-09,Prod. Sold Negotiated,9986,43.87,199.7,43.87,1994204.2,87485738.254,2176226.43,96232732.7346,464,2016,221,44.05263803383298
2016-11-11,2016-11-10,Prod. Sold Swine or Pork Market Formula,135651,49.03,211.89,49.03,28743090.39,1409273721.8217,32691052.53,1630956610.7217,465,2016,222,49.48763322868215
2016-11-11,2016-11-10,Prod. Sold Negotiated,6504,44.22,208.37,44.22,1355238.48,59928645.5856,1994204.2,87485738.254,465,2016,222,44.01161563976966
2016-11-14,2016-11-11,Prod. Sold Swine or Pork Market Formula,231180,48.57,212.58,48.57,49144244.400000006,2386935950.5080004,28743090.39,1409273721.8217,471,2016,223,48.73975573262391
2016-11-14,2016-11-11,Prod. Sold Negotiated,21957,45.12,213.18,45.12,4680793.26,211197391.8912,1355238.48,59928645.5856,471,2016,223,44.917927730578825
2016-11-15,2016-11-14,Prod. Sold Negotiated,12531,44.02,207.02,44.02,2594167.62,114195258.6324,4680793.26,211197391.8912,472,2016,224,44.72775261488416
2016-11-15,2016-11-14,Prod. Sold Swine or Pork Market Formula,144158,48.95,210.09,48.95,30286154.22,1482507249.069,49144244.400000006,2386935950.5080004,472,2016,224,48.714890857952994
2016-11-16,2016-11-15,Prod. Sold Negotiated,8835,42.68,195.84,42.67999999999999,1730246.4,73846916.352,2594167.62,114195258.6324,473,2016,225,43.48385101766921
2016-11-16,2016-11-15,Prod. Sold Swine or Pork Market Formula,146162,48.36,210.43,48.36,30756869.66,1487402216.7576,30286154.22,1482507249.069,473,2016,225,48.652725193708086
2016-11-17,2016-11-16,Prod. Sold Negotiated,8480,42.73,194.15,42.73,1646392.0,70350330.16,1730246.4,73846916.352,474,2016,226,42.70437915768534
2016-11-17,2016-11-16,Prod. Sold Swine or Pork Market Formula,145527,48.35,210.49,48.35,30631978.23,1481056147.4205,30756869.66,1487402216.7576,474,2016,226,48.35501017215947
2016-11-18,2016-11-17,Prod. Sold Negotiated,12342,42.86,199.26,42.86,2459266.92,105404180.1912,1646392.0,70350330.16,475,2016,227,42.80786927892198
2016-11-18,2016-11-17,Prod. Sold Swine or Pork Market Formula,146314,48.32,210.86,48.32,30851770.040000003,1490757528.3328,30631978.23,1481056147.4205,475,2016,227,48.33494637807156
2016-11-21,2016-11-18,Prod. Sold Negotiated,27783,43.76,205.71,43.76,5715240.930000001,250098943.09680003,2459266.92,105404180.1912,481,2016,228,43.48923871765564
2016-11-21,2016-11-18,Prod. Sold Swine or Pork Market Formula,247343,48.02,211.75,48.02,52374880.25,2515041749.605,30851770.040000003,1490757528.3328,481,2016,228,48.13120874118746
2016-11-22,2016-11-21,Prod. Sold Negotiated,12715,43.51,201.39,43.51,2560673.85,111414919.21349998,5715240.930000001,250098943.09680003,482,2016,229,43.682646803463086
2016-11-22,2016-11-21,Prod. Sold Swine or Pork Market Formula,152475,47.6,210.69,47.6,32124957.75,1529147988.9,52374880.25,2515041749.605,482,2016,229,47.86032534766517
2016-11-23,2016-11-22,Prod. Sold Swine or Pork Market Formula,153013,48.12,209.58,48.12,32068464.540000003,1543134513.6648002,32124957.75,1529147988.9,483,2016,230,47.85977118785576
2016-11-23,2016-11-22,Prod. Sold Negotiated,10497,41.95,195.96,41.95,2056992.12,86290819.43400002,2560673.85,111414919.21349998,483,2016,230,42.81508015780102
2016-11-25,2016-11-23,Prod. Sold Swine or Pork Market Formula,148442,48.37,211.2,48.37,31350950.4,1516445470.8479998,32068464.540000003,1543134513.6648002,485,2016,231,48.24358577586084
2016-11-25,2016-11-23,Prod. Sold Negotiated,8147,41.74,197.12,41.74,1605936.64,67031795.35360001,2056992.12,86290819.43400002,485,2016,231,41.85792976972886
2016-11-28,2016-11-25,Prod. Sold Swine or Pork Market Formula,285033,48.37,212.56,48.37,60586614.48,2930574542.3976,31350950.4,1516445470.8479998,491,2016,232,48.37
2016-11-28,2016-11-25,Prod. Sold Negotiated,14118,41.71,204.62,41.71,2888825.16,120492897.4236,1605936.64,67031795.35360001,491,2016,232,41.72071872133469
2016-11-29,2016-11-28,Prod. Sold Negotiated,9951,42.35,200.2,42.35,1992190.2,84369254.97,2888825.16,120492897.4236,492,2016,233,41.971216495741565
2016-11-29,2016-11-28,Prod. Sold Swine or Pork Market Formula,154085,48.29,211.86,48.29,32644448.1,1576400398.749,60586614.48,2930574542.3976,492,2016,233,48.341988350494674
2016-11-30,2016-11-29,Prod. Sold Swine or Pork Market Formula,152022,48.72,211.52,48.72,32155693.44,1566625384.3968,32644448.1,1576400398.749,493,2016,234,48.503378363852256
2016-11-30,2016-11-29,Prod. Sold Negotiated,6448,42.96,199.24,42.96,1284699.52,55190691.3792,1992190.2,84369254.97,493,2016,234,42.58914955160592
2016-12-01,2016-11-30,Prod. Sold Negotiated,9171,43.01,200.69,43.01,1840527.99,79161108.84989998,1284699.52,55190691.3792,494,2016,235,42.98944630405484
2016-12-01,2016-11-30,Prod. Sold Swine or Pork Market Formula,155353,49.43,211.48,49.43,32854052.44,1623975812.1091998,32155693.44,1566625384.3968,494,2016,235,49.07881354274877
2016-12-02,2016-12-01,Prod. Sold Swine or Pork Market Formula,140569,50.45,211.94,50.45,29792193.86,1503016180.237,32854052.44,1623975812.1091998,495,2016,236,49.91507356038026
2016-12-02,2016-12-01,Prod. Sold Negotiated,11074,43.83,201.4,43.83,2230303.6,97754206.788,1840527.99,79161108.84989998,495,2016,236,43.459256843857794
2016-12-05,2016-12-02,Prod. Sold Swine or Pork Market Formula,245661,51.65,212.96,51.65,52315966.56,2702119672.824,29792193.86,1503016180.237,501,2016,237,51.21459099255021
2016-12-05,2016-12-02,Prod. Sold Negotiated,25984,43.42,207.07,43.42,5380506.88,233621608.7296,2230303.6,97754206.788,501,2016,237,43.54014810753768
2016-12-06,2016-12-05,Prod. Sold Swine or Pork Market Formula,134165,51.67,211.68,51.67000000000001,28400047.2,1467430438.824,52315966.56,2702119672.824,502,2016,238,51.65703702917848
2016-12-06,2016-12-05,Prod. Sold Negotiated,13449,47.38,198.83,47.38,2674064.6700000004,126697184.06460002,5380506.88,233621608.7296,502,2016,238,44.734693901154806
2016-12-07,2016-12-06,Prod. Sold Swine or Pork Market Formula,147045,52.86,212.25,52.86,31210301.25,1649776524.075,28400047.2,1467430438.824,503,2016,239,52.29305051812694
2016-12-07,2016-12-06,Prod. Sold Negotiated,11702,48.37,201.45,48.37,2357367.9,114025885.32299998,2674064.6700000004,126697184.06460002,503,2016,239,47.843842889382096
2016-12-08,2016-12-07,Prod. Sold Swine or Pork Market Formula,153610,54.12,211.56,54.12,32497731.6,1758777234.192,31210301.25,1649776524.075,504,2016,240,53.50273122217429
2016-12-08,2016-12-07,Prod. Sold Negotiated,10797,48.57,200.35,48.57,2163178.95,105065601.6015,2357367.9,114025885.32299998,504,2016,240,48.46570430400472
2016-12-09,2016-12-08,Prod. Sold Swine or Pork Market Formula,144996,55.32,211.62,55.32,30684053.52,1697441840.7264,32497731.6,1758777234.192,505,2016,241,54.70277657324918
2016-12-09,2016-12-08,Prod. Sold Negotiated,11633,49.5,200.29,49.5,2329973.57,115333691.715,2163178.95,105065601.6015,505,2016,241,49.05226171055951
2016-12-12,2016-12-09,Prod. Sold Swine or Pork Market Formula,246630,56.44,212.1,56.44,52310223.0,2952388986.12,30684053.52,1697441840.7264,511,2016,242,56.02592156732496
2016-12-12,2016-12-09,Prod. Sold Negotiated,20332,48.78,201.0,48.78,4086732.0,199350786.96,2329973.57,115333691.715,511,2016,242,49.041439605121234
2016-12-13,2016-12-12,Prod. Sold Swine or Pork Market Formula,145211,56.82,210.57,56.82,30577080.27,1737389700.9414,52310223.0,2952388986.12,512,2016,243,56.5801817895408
2016-12-13,2016-12-12,Prod. Sold Negotiated,13968,52.83,199.44,52.83,2785777.92,147172647.5136,4086732.0,199350786.96,512,2016,243,50.421671049926985
2016-12-14,2016-12-13,Prod. Sold Negotiated,9728,54.27,196.98,54.27,1916221.44,103993337.5488,2785777.92,147172647.5136,513,2016,244,53.41684799004312
2016-12-14,2016-12-13,Prod. Sold Swine or Pork Market Formula,147977,57.79,209.97,57.79,31070730.69,1795577526.5751,30577080.27,1737389700.9414,513,2016,244,57.3088836813501
2016-12-15,2016-12-14,Prod. Sold Swine or Pork Market Formula,152835,57.88,210.84,57.88,32223731.4,1865109573.432,31070730.69,1795577526.5751,514,2016,245,57.8358197404676
2016-12-15,2016-12-14,Prod. Sold Negotiated,9465,52.57,197.87,52.57,1872839.55,98455175.1435,1916221.44,103993337.5488,514,2016,245,53.42973185878964
2016-12-16,2016-12-15,Prod. Sold Swine or Pork Market Formula,159435,58.17,211.27,58.17,33683832.45,1959388533.6165,32223731.4,1865109573.432,515,2016,246,58.02821229673625
2016-12-16,2016-12-15,Prod. Sold Negotiated,12781,53.46,202.56,53.46,2588919.36,138403628.9856,1872839.55,98455175.1435,515,2016,246,53.08641925905853
2016-12-19,2016-12-16,Prod. Sold Negotiated,21066,54.15,202.13,54.15,4258070.58,230574521.907,2588919.36,138403628.9856,521,2016,247,53.88910369752932
2016-12-19,2016-12-16,Prod. Sold Swine or Pork Market Formula,256679,58.49,212.56,58.49,54559688.24,3191196165.1576004,33683832.45,1959388533.6165,521,2016,247,58.36785135611412
2016-12-20,2016-12-19,Prod. Sold Swine or Pork Market Formula,140299,58.32,210.06,58.32,29471207.94,1718760847.0608,54559688.24,3191196165.1576004,522,2016,248,58.43037781842684
2016-12-20,2016-12-19,Prod. Sold Negotiated,10399,54.39,199.87,54.39,2078448.13,113046793.7907,4258070.58,230574521.907,522,2016,248,54.22872265103752
2016-12-21,2016-12-20,Prod. Sold Negotiated,8943,54.47,197.41,54.47,1765437.63,96163387.70609999,2078448.13,113046793.7907,523,2016,249,54.426742770003656
2016-12-21,2016-12-20,Prod. Sold Swine or Pork Market Formula,154255,58.49,209.95,58.49,32385837.25,1894247620.7525,29471207.94,1718760847.0608,523,2016,249,58.409005097407885
2016-12-22,2016-12-21,Prod. Sold Negotiated,8740,54.63,199.01,54.63,1739347.4,95020548.462,1765437.63,96163387.70609999,524,2016,250,54.54940446607078
2016-12-22,2016-12-21,Prod. Sold Swine or Pork Market Formula,152313,58.27,210.01,58.27,31987253.13,1863897239.8851,32385837.25,1894247620.7525,524,2016,250,58.3806810959819
2016-12-23,2016-12-22,Prod. Sold Negotiated,10153,53.62,201.3,53.62,2043798.9,109588497.018,1739347.4,95020548.462,525,2016,251,54.084359751035805
2016-12-23,2016-12-22,Prod. Sold Swine or Pork Market Formula,142694,58.6,210.38,58.6,30019963.72,1759169873.992,31987253.13,1863897239.8851,525,2016,251,58.42976508108024
2016-12-27,2016-12-23,Prod. Sold Negotiated,8680,54.52,200.01,54.52,1736086.7999999998,94651452.336,2043798.9,109588497.018,532,2016,252,54.03336649941558
2016-12-27,2016-12-23,Prod. Sold Swine or Pork Market Formula,146287,58.19,211.54,58.19,30945551.98,1800721669.7162,30019963.72,1759169873.992,532,2016,252,58.39188765704478
2016-12-28,2016-12-27,Prod. Sold Swine or Pork Market Formula,148144,58.06,211.71,58.06,31363566.24,1820968655.8944,30945551.98,1800721669.7162,533,2016,253,58.124563933374816
2016-12-28,2016-12-27,Prod. Sold Negotiated,6645,54.32,197.05,54.32,1309397.25,71126458.62,1736086.7999999998,94651452.336,533,2016,253,54.4340105659066
2016-12-29,2016-12-28,Prod. Sold Negotiated,7122,53.59,200.73,53.59,1429599.0599999998,76612213.62539998,1309397.25,71126458.62,534,2016,254,53.938981847478296
2016-12-29,2016-12-28,Prod. Sold Swine or Pork Market Formula,156274,58.24,212.02,58.24,33133213.48,1929678353.0752,31363566.24,1820968655.8944,534,2016,254,58.15246939850783
2016-12-30,2016-12-29,Prod. Sold Negotiated,8556,52.63,200.42,52.63,1714793.5199999998,90249582.9576,1429599.0599999998,76612213.62539998,535,2016,255,53.06646429721572
2016-12-30,2016-12-29,Prod. Sold Swine or Pork Market Formula,152682,57.73,213.7,57.73,32628143.4,1883622718.482,33133213.48,1929678353.0752,535,2016,255,57.98695848864
2017-01-03,2016-12-30,Prod. Sold Swine or Pork Market Formula,257826,57.76,213.84,57.760000000000005,55133511.84,3184511643.8784003,32628143.4,1883622718.482,22,2017,1,57.748846560615526
2017-01-03,2016-12-30,Prod. Sold Negotiated,15281,52.38,203.81,52.38000000000001,3114420.61,163133351.5518,1714793.5199999998,90249582.9576,22,2017,1,52.468771872288045
2017-01-04,2017-01-03,Prod. Sold Swine or Pork Market Formula,139586,57.94,213.68,57.94,29826736.48,1728161111.6512,55133511.84,3184511643.8784003,23,2017,2,57.82319205360815
2017-01-04,2017-01-03,Prod. Sold Negotiated,6642,54.01,193.97,54.010000000000005,1288348.74,69583715.4474,3114420.61,163133351.5518,23,2017,2,52.85697444023499
2017-01-05,2017-01-04,Prod. Sold Swine or Pork Market Formula,145044,57.61,213.75,57.61,31003155.0,1786091759.55,29826736.48,1728161111.6512,24,2017,3,57.77180898566351
2017-01-05,2017-01-04,Prod. Sold Negotiated,6780,53.88,195.97,53.88,1328676.6,71589095.208,1288348.74,69583715.4474,24,2017,3,53.94399836243084
2017-01-06,2017-01-05,Prod. Sold Negotiated,10326,52.98,202.26,52.98,2088536.76,110650677.5448,1328676.6,71589095.208,25,2017,4,53.329936867857725
2017-01-06,2017-01-05,Prod. Sold Swine or Pork Market Formula,143290,58.26,214.73,58.26,30768661.7,1792582230.642,31003155.0,1786091759.55,25,2017,4,57.93376626062545
2017-01-09,2017-01-06,Prod. Sold Negotiated,16434,54.23,205.2,54.23,3372256.8,182877486.264,2088536.76,110650677.5448,31,2017,5,53.75192462115341
2017-01-09,2017-01-06,Prod. Sold Swine or Pork Market Formula,254292,59.69,214.6,59.69,54571063.2,3257346762.4079995,30768661.7,1792582230.642,31,2017,5,59.17442315366545
2017-01-10,2017-01-09,Prod. Sold Swine or Pork Market Formula,134903,60.26,212.79,60.26,28706009.37,1729824124.6361997,54571063.2,3257346762.4079995,32,2017,6,59.88648175465277
2017-01-10,2017-01-09,Prod. Sold Negotiated,7482,56.48,202.64,56.48,1516152.48,85632292.0704,3372256.8,182877486.264,32,2017,6,54.92784318059391
2017-01-11,2017-01-10,Prod. Sold Swine or Pork Market Formula,140275,61.65,212.45,61.65,29801423.75,1837257774.1875,28706009.37,1729824124.6361997,33,2017,7,60.96801224397485
2017-01-11,2017-01-10,Prod. Sold Negotiated,9746,56.73,199.23,56.73,1941695.58,110152390.25339998,1516152.48,85632292.0704,33,2017,7,56.62038323447907
2017-01-12,2017-01-11,Prod. Sold Swine or Pork Market Formula,145785,62.64,212.22,62.64,30938492.7,1937987182.728,29801423.75,1837257774.1875,34,2017,8,62.15426654436071
2017-01-12,2017-01-11,Prod. Sold Negotiated,9244,57.36,198.03,57.36,1830589.32,105002603.3952,1941695.58,110152390.25339998,34,2017,8,57.03572220873349
2017-01-13,2017-01-12,Prod. Sold Negotiated,10291,58.11,205.59,58.11,2115726.69,122944877.9559,1830589.32,105002603.3952,35,2017,9,57.762095274042686
2017-01-13,2017-01-12,Prod. Sold Swine or Pork Market Formula,148888,63.83,213.38,63.83,31769721.44,2027861319.5152,30938492.7,1937987182.728,35,2017,9,63.24288702257085
2017-01-16,2017-01-13,Prod. Sold Swine or Pork Market Formula,234508,64.87,214.59,64.87,50323071.72,3264457662.4764004,31769721.44,2027861319.5152,41,2017,10,64.46752240086163
2017-01-16,2017-01-13,Prod. Sold Negotiated,18047,59.27,205.02,59.27,3699995.94,219298759.36380005,2115726.69,122944877.9559,41,2017,10,58.847998622606255
2017-01-17,2017-01-16,Prod. Sold Swine or Pork Market Formula,110248,65.8,210.86,65.8,23246893.28,1529645577.824,50323071.72,3264457662.4764004,42,2017,11,65.1638646328077
2017-01-17,2017-01-16,Prod. Sold Negotiated,8881,62.86,195.62,62.86,1737301.22,109206754.6892,3699995.94,219298759.36380005,42,2017,11,60.41706097464793
2017-01-18,2017-01-17,Prod. Sold Negotiated,8754,63.89,197.07,63.89000000000001,1725150.78,110219883.3342,1737301.22,109206754.6892,43,2017,12,63.373192761488106
2017-01-18,2017-01-17,Prod. Sold Swine or Pork Market Formula,135939,66.5,211.81,66.5,28793239.59,1914750432.735,23246893.28,1529645577.824,43,2017,12,66.18730238762743
2017-01-19,2017-01-18,Prod. Sold Negotiated,9171,62.69,202.45,62.69,1856668.95,116394576.4755,1725150.78,110219883.3342,44,2017,13,63.26796904703521
2017-01-19,2017-01-18,Prod. Sold Swine or Pork Market Formula,153031,67.23,212.12,67.23,32460935.720000003,2182348708.4556003,28793239.59,1914750432.735,44,2017,13,66.88685498507938
2017-01-20,2017-01-19,Prod. Sold Swine or Pork Market Formula,145831,67.3,214.41,67.3,31267624.71,2104311142.983,32460935.720000003,2182348708.4556003,45,2017,14,67.26434462845123
2017-01-20,2017-01-19,Prod. Sold Negotiated,10666,63.11,200.51,63.11,2138639.66,134969548.94259998,1856668.95,116394576.4755,45,2017,14,62.91482084486585
2017-01-23,2017-01-20,Prod. Sold Negotiated,20713,62.31,207.22,62.31,4292147.86,267443733.15660003,2138639.66,134969548.94259998,51,2017,15,62.57605011014266
2017-01-23,2017-01-20,Prod. Sold Swine or Pork Market Formula,242223,67.45,214.89,67.45,52051300.47,3510860216.7015,31267624.71,2104311142.983,51,2017,15,67.39370854285065
2017-01-24,2017-01-23,Prod. Sold Negotiated,7255,64.88,200.96,64.88,1457964.8,94592756.224,4292147.86,267443733.15660003,52,2017,16,62.96163410833068
2017-01-24,2017-01-23,Prod. Sold Swine or Pork Market Formula,134817,67.68,213.62,67.68,28799607.54,1949157438.3072,52051300.47,3510860216.7015,52,2017,16,67.5319274625015
2017-01-25,2017-01-24,Prod. Sold Swine or Pork Market Formula,137755,68.18,212.23,68.18,29235743.65,1993293002.057,28799607.54,1949157438.3072,53,2017,17,67.93187875192042
2017-01-25,2017-01-24,Prod. Sold Negotiated,8969,64.37,197.19,64.37,1768597.11,113844595.9707,1457964.8,94592756.224,53,2017,17,64.60045026524844
2017-01-26,2017-01-25,Prod. Sold Negotiated,8365,64.47,200.68,64.47,1678688.2,108225028.254,1768597.11,113844595.9707,54,2017,18,64.41869594620238
2017-01-26,2017-01-25,Prod. Sold Swine or Pork Market Formula,148091,68.44,212.83,68.44,31518207.53,2157106123.3532,29235743.65,1993293002.057,54,2017,18,68.31488396719287
2017-01-27,2017-01-26,Prod. Sold Swine or Pork Market Formula,149489,68.54,212.91,68.54,31827702.99,2181470762.9346,31518207.53,2157106123.3532,55,2017,19,68.49024429000819
2017-01-27,2017-01-26,Prod. Sold Negotiated,9109,65.07,199.84,65.07,1820342.56,118449690.3792,1678688.2,108225028.254,55,2017,19,64.78214516559437
2017-01-30,2017-01-27,Prod. Sold Negotiated,14180,64.32,206.46,64.32,2927602.8000000003,188303412.096,1820342.56,118449690.3792,61,2017,20,64.6075468895455
2017-01-30,2017-01-27,Prod. Sold Swine or Pork Market Formula,225585,68.72,214.25,68.72,48331586.25,3321346607.1,31827702.99,2181470762.9346,61,2017,20,68.64852997335035
2017-01-31,2017-01-30,Prod. Sold Negotiated,10177,65.05,205.07,65.05,2086997.39,135759180.21949998,2927602.8000000003,188303412.096,62,2017,21,64.62381446914513
2017-01-31,2017-01-30,Prod. Sold Swine or Pork Market Formula,147882,69.03,211.53,69.03,31281479.46,2159360527.1238003,48331586.25,3321346607.1,62,2017,21,68.8418048638891
2017-02-01,2017-01-31,Prod. Sold Negotiated,9735,65.75,197.82,65.75,1925777.7,126619883.775,2086997.39,135759180.21949998,63,2017,22,65.38593818735552
2017-02-01,2017-01-31,Prod. Sold Swine or Pork Market Formula,154541,69.57,211.46,69.57,32679239.86,2273494717.0602,31281479.46,2159360527.1238003,63,2017,22,69.30590042313489
2017-02-02,2017-02-01,Prod. Sold Swine or Pork Market Formula,155349,70.18,212.19,70.18,32963504.31,2313378732.4758,32679239.86,2273494717.0602,64,2017,23,69.8763207957459
2017-02-02,2017-02-01,Prod. Sold Negotiated,10461,65.63,199.57,65.63,2087701.77,137015867.16509998,1925777.7,126619883.775,64,2017,23,65.68757929640039
2017-02-03,2017-02-02,Prod. Sold Negotiated,8040,67.08,192.26,67.08,1545770.4,103690278.432,2087701.77,137015867.16509998,65,2017,24,66.24686645036282
2017-02-03,2017-02-02,Prod. Sold Swine or Pork Market Formula,148897,70.88,213.07,70.88,31725483.79,2248702291.0352,32963504.31,2313378732.4758,65,2017,24,70.523301685577
2017-02-06,2017-02-03,Prod. Sold Swine or Pork Market Formula,201948,71.4,213.72,71.4,43160326.56,3081647316.3840003,31725483.79,2248702291.0352,71,2017,25,71.17970123453702
2017-02-06,2017-02-03,Prod. Sold Negotiated,15142,67.29,203.34,67.29,3078974.2800000003,207184179.30120003,1545770.4,103690278.432,71,2017,25,67.2198097935214
2017-02-07,2017-02-06,Prod. Sold Negotiated,8949,68.86,197.66,68.86,1768859.34,121803654.1524,3078974.2800000003,207184179.30120003,72,2017,26,67.86285570864952
2017-02-07,2017-02-06,Prod. Sold Swine or Pork Market Formula,136419,72.13,211.78,72.13,28890815.82,2083894545.0966,43160326.56,3081647316.3840003,72,2017,26,71.6927128543968
2017-02-08,2017-02-07,Prod. Sold Negotiated,10323,69.41,198.76,69.41,2051799.48,142415401.9068,1768859.34,121803654.1524,73,2017,27,69.15536521504947
2017-02-08,2017-02-07,Prod. Sold Swine or Pork Market Formula,155520,72.59,212.16,72.59,32995123.2,2395115993.088,28890815.82,2083894545.0966,73,2017,27,72.37525371857241
2017-02-09,2017-02-08,Prod. Sold Negotiated,8023,68.71,194.95,68.71,1564083.85,107468201.33349998,2051799.48,142415401.9068,74,2017,28,69.10720851170272
2017-02-09,2017-02-08,Prod. Sold Swine or Pork Market Formula,149484,73.44,211.83,73.44,31665195.720000003,2325491973.6768003,32995123.2,2395115993.088,74,2017,28,73.00625863917097
2017-02-10,2017-02-09,Prod. Sold Negotiated,10344,69.49,194.95,69.49,2016562.8,140130948.97199997,1564083.85,107468201.33349998,75,2017,29,69.14928349757717
2017-02-10,2017-02-09,Prod. Sold Swine or Pork Market Formula,156762,74.05,212.82,74.05,33362088.84,2470462678.602,31665195.720000003,2325491973.6768003,75,2017,29,73.752959003749
2017-02-13,2017-02-10,Prod. Sold Negotiated,12696,70.78,201.25,70.78,2555070.0,180847854.6,2016562.8,140130948.97199997,81,2017,30,70.21097660599513
2017-02-13,2017-02-10,Prod. Sold Swine or Pork Market Formula,201030,74.57,213.8,74.57,42980214.0,3205034557.9799995,33362088.84,2470462678.602,81,2017,30,74.34275657726542
2017-02-14,2017-02-13,Prod. Sold Negotiated,10583,72.82,198.32,72.82,2098820.56,152836113.1792,2555070.0,180847854.6,82,2017,31,71.70000314300471
2017-02-14,2017-02-13,Prod. Sold Swine or Pork Market Formula,147547,75.12,211.85,75.12,31257831.95,2348088336.084,42980214.0,3205034557.9799995,82,2017,31,74.80157677916358
2017-02-15,2017-02-14,Prod. Sold Negotiated,10950,72.73,198.15,72.73,2169742.5,157805372.025,2098820.56,152836113.1792,83,2017,32,72.77425232747996
2017-02-15,2017-02-14,Prod. Sold Swine or Pork Market Formula,143963,75.86,212.32,75.86,30566224.16,2318753764.7776,31257831.95,2348088336.084,83,2017,32,75.4858609172804
2017-02-16,2017-02-15,Prod. Sold Negotiated,7689,72.56,199.47,72.56,1533724.83,111287073.6648,2169742.5,157805372.025,84,2017,33,72.65959753715447
2017-02-16,2017-02-15,Prod. Sold Swine or Pork Market Formula,144233,76.5,211.95,76.5,30570184.35,2338619102.775,30566224.16,2318753764.7776,84,2017,33,76.18002072841422
2017-02-17,2017-02-16,Prod. Sold Negotiated,8342,74.42,195.61,74.42,1631778.62,121436964.9004,1533724.83,111287073.6648,85,2017,34,73.51880743178465
2017-02-17,2017-02-16,Prod. Sold Swine or Pork Market Formula,130104,77.2,212.99,77.2,27710850.96,2139277694.112,30570184.35,2338619102.775,85,2017,34,76.83282860485959
2017-02-20,2017-02-17,Prod. Sold Swine or Pork Market Formula,199371,77.29,213.66,77.29,42597607.86,3292369111.4994,27710850.96,2139277694.112,91,2017,35,77.25452807203776
2017-02-20,2017-02-17,Prod. Sold Negotiated,12457,73.58,206.16,73.58,2568135.12,188963382.1296,1631778.62,121436964.9004,91,2017,35,73.90636242686261
2017-02-21,2017-02-20,Prod. Sold Swine or Pork Market Formula,139261,77.61,212.73,77.61,29624992.53,2299195670.2533,42597607.86,3292369111.4994,92,2017,36,77.42126081805982
2017-02-21,2017-02-20,Prod. Sold Negotiated,7673,74.64,208.02,74.64,1596137.46,119135700.0144,2568135.12,188963382.1296,92,2017,36,73.98629081672652
2017-02-22,2017-02-21,Prod. Sold Negotiated,8682,75.61,196.56,75.61,1706533.92,129031029.6912,1596137.46,119135700.0144,93,2017,37,75.14121181066461
2017-02-22,2017-02-21,Prod. Sold Swine or Pork Market Formula,141345,77.95,211.91,77.95,29952418.95,2334791057.1525,29624992.53,2299195670.2533,93,2017,37,77.78093428851669
2017-02-23,2017-02-22,Prod. Sold Swine or Pork Market Formula,147054,77.76,213.51,77.76,31397499.54,2441469564.2304,29952418.95,2334791057.1525,94,2017,38,77.85276230092185
2017-02-23,2017-02-22,Prod. Sold Negotiated,8172,75.31,196.91,75.31,1609148.52,121184975.0412,1706533.92,129031029.6912,94,2017,38,75.4644056722151
2017-02-24,2017-02-23,Prod. Sold Swine or Pork Market Formula,135986,77.31,212.98,77.31,28962298.28,2239075280.0268,31397499.54,2441469564.2304,95,2017,39,77.54407756989403
2017-02-24,2017-02-23,Prod. Sold Negotiated,7633,74.36,196.14,74.36,1497136.62,111327079.0632,1609148.52,121184975.0412,95,2017,39,74.85212838651381
2017-02-27,2017-02-24,Prod. Sold Swine or Pork Market Formula,179181,76.53,214.12,76.53,38366235.72,2936168019.6516,28962298.28,2239075280.0268,101,2017,40,76.86552776685144
2017-02-27,2017-02-24,Prod. Sold Negotiated,9886,74.77,198.39,74.77,1961283.54,146645170.28579998,1497136.62,111327079.0632,101,2017,40,74.59251259656085
2017-02-28,2017-02-27,Prod. Sold Swine or Pork Market Formula,137868,75.29,213.05,75.29000000000002,29372777.4,2211476410.4460006,38366235.72,2936168019.6516,102,2017,41,75.99231510766953
2017-02-28,2017-02-27,Prod. Sold Negotiated,8581,73.35,201.93,73.35,1732761.33,127098043.5555,1961283.54,146645170.28579998,102,2017,41,74.10392225184313
2017-03-01,2017-02-28,Prod. Sold Negotiated,8821,71.43,194.57,71.43,1716301.97,122595449.7171,1732761.33,127098043.5555,103,2017,42,72.39458123966585
2017-03-01,2017-02-28,Prod. Sold Swine or Pork Market Formula,147910,74.55,212.81,74.55,31476727.1,2346590005.305,29372777.4,2211476410.4460006,103,2017,42,74.90720677521706
2017-03-02,2017-03-01,Prod. Sold Negotiated,7836,71.34,195.21,71.34,1529665.56,109126341.0504,1716301.97,122595449.7171,104,2017,43,71.38758740679701
2017-03-02,2017-03-01,Prod. Sold Swine or Pork Market Formula,153829,73.75,213.31,73.75,32813263.99,2419978219.2625003,31476727.1,2346590005.305,104,2017,43,74.14168432368808
2017-03-03,2017-03-02,Prod. Sold Swine or Pork Market Formula,147171,73.27,213.96,73.27,31488707.16,2307177573.6132,32813263.99,2419978219.2625003,105,2017,44,73.51494376196428
2017-03-03,2017-03-02,Prod. Sold Negotiated,9418,70.24,194.41,70.24,1830953.38,128606165.4112,1529665.56,109126341.0504,105,2017,44,70.7406911363774
2017-03-06,2017-03-03,Prod. Sold Negotiated,11802,71.5,201.62,71.5,2379519.24,170135625.66000003,1830953.38,128606165.4112,111,2017,45,70.95208021355094
2017-03-06,2017-03-03,Prod. Sold Swine or Pork Market Formula,196561,72.85,213.8,72.85,42024741.8,3061502440.13,31488707.16,2307177573.6132,111,2017,45,73.02990255108824
2017-03-07,2017-03-06,Prod. Sold Swine or Pork Market Formula,139628,72.66,212.68,72.66,29696083.04,2157717393.6864,42024741.8,3061502440.13,112,2017,46,72.77133029994863
2017-03-07,2017-03-06,Prod. Sold Negotiated,6626,70.28,200.75,70.28,1330169.5,93484312.46,2379519.24,170135625.66000003,112,2017,46,71.06254906981765
2017-03-08,2017-03-07,Prod. Sold Negotiated,7687,70.08,197.66,70.08,1519412.42,106480422.3936,1330169.5,93484312.46,113,2017,47,70.17335892333287
2017-03-08,2017-03-07,Prod. Sold Swine or Pork Market Formula,141952,72.76,212.57,72.76,30174736.64,2195513837.9264,29696083.04,2157717393.6864,113,2017,47,72.71039973863942
2017-03-09,2017-03-08,Prod. Sold Negotiated,8322,69.89,198.31,69.89,1650335.82,115341970.4598,1519412.42,106480422.3936,114,2017,48,69.98107611644261
2017-03-09,2017-03-08,Prod. Sold Swine or Pork Market Formula,133305,72.7,212.13,72.7,28277989.65,2055809847.555,30174736.64,2195513837.9264,114,2017,48,72.73097347742889
2017-03-10,2017-03-09,Prod. Sold Negotiated,10141,69.16,193.82,69.16,1965528.62,135935959.35919997,1650335.82,115341970.4598,115,2017,49,69.49318316230904
2017-03-10,2017-03-09,Prod. Sold Swine or Pork Market Formula,133770,72.7,213.14,72.7,28511737.8,2072803338.06,28277989.65,2055809847.555,115,2017,49,72.7
2017-03-13,2017-03-10,Prod. Sold Swine or Pork Market Formula,174260,72.11,214.59,72.11,37394453.4,2696514034.674,28511737.8,2072803338.06,121,2017,50,72.36524044093143
2017-03-13,2017-03-10,Prod. Sold Negotiated,16301,69.45,204.5,69.45,3333554.5,231515360.025,1965528.62,135935959.35919997,121,2017,50,69.34243359900344
2017-03-14,2017-03-13,Prod. Sold Negotiated,8477,70.2,198.55,70.2,1683108.35,118154206.17000002,3333554.5,231515360.025,122,2017,51,69.70162768562373
2017-03-14,2017-03-13,Prod. Sold Swine or Pork Market Formula,125968,72.13,212.2,72.13,26730409.6,1928064444.448,37394453.4,2696514034.674,122,2017,51,72.11833698766732
2017-03-15,2017-03-14,Prod. Sold Negotiated,7753,69.4,197.76,69.4,1533233.28,106406389.632,1683108.35,118154206.17000002,123,2017,52,69.81863919785164
2017-03-15,2017-03-14,Prod. Sold Swine or Pork Market Formula,130051,72.11,212.27,72.11,27605925.77,1990663307.2747,26730409.6,1928064444.448,123,2017,52,72.11983887095734
2017-03-16,2017-03-15,Prod. Sold Negotiated,8085,68.07,197.24,68.07,1594685.4,108550235.178,1533233.28,106406389.632,124,2017,53,68.72193519110286
2017-03-16,2017-03-15,Prod. Sold Swine or Pork Market Formula,138311,71.92,213.05,71.92,29467158.55,2119278042.916,27605925.77,1990663307.2747,124,2017,53,72.01190191766914
2017-03-17,2017-03-16,Prod. Sold Swine or Pork Market Formula,131600,71.93,213.33,71.93,28074228.0,2019379220.04,29467158.55,2119278042.916,125,2017,54,71.92487896272289
2017-03-17,2017-03-16,Prod. Sold Negotiated,8168,68.76,192.19,68.76,1569807.92,107939992.5792,1594685.4,108550235.178,125,2017,54,68.41228780258572
2017-03-20,2017-03-17,Prod. Sold Negotiated,14010,69.15,202.82,69.15,2841508.2,196490292.03,1569807.92,107939992.5792,131,2017,55,69.01121486827384
2017-03-20,2017-03-17,Prod. Sold Swine or Pork Market Formula,177615,71.67,213.75,71.67,37965206.25,2720966331.9375,28074228.0,2019379220.04,131,2017,55,71.78052940357374
2017-03-21,2017-03-20,Prod. Sold Swine or Pork Market Formula,128793,71.59,212.14,71.59,27322147.02,1955992505.1618,37965206.25,2720966331.9375,132,2017,56,71.63652074786123
2017-03-21,2017-03-20,Prod. Sold Negotiated,6890,68.78,199.76,68.78,1376346.4,94665105.392,2841508.2,196490292.03,132,2017,56,69.0292636977102
2017-03-22,2017-03-21,Prod. Sold Swine or Pork Market Formula,142969,71.54,211.41,71.54,30225076.29,2162301957.7866,27322147.02,1955992505.1618,133,2017,57,71.5637388925551
2017-03-22,2017-03-21,Prod. Sold Negotiated,8361,68.26,195.23,68.26,1632318.03,111422028.7278,1376346.4,94665105.392,133,2017,57,68.4978796787251
2017-03-23,2017-03-22,Prod. Sold Swine or Pork Market Formula,145224,71.33,212.25,71.33,30823794.0,2198661226.02,30225076.29,2162301957.7866,134,2017,58,71.43397024532558
2017-03-23,2017-03-22,Prod. Sold Negotiated,7956,68.68,196.85,68.68,1566138.6,107562399.048,1632318.03,111422028.7278,134,2017,58,68.46565487924094
2017-03-24,2017-03-23,Prod. Sold Swine or Pork Market Formula,141348,70.81,214.19,70.81,30275328.12,2143795984.1772,30823794.0,2198661226.02,135,2017,59,71.07233393089543
2017-03-24,2017-03-23,Prod. Sold Negotiated,9632,67.47,203.29,67.47,1958089.28,132112283.7216,1566138.6,107562399.048,135,2017,59,68.00771429388953
2017-03-27,2017-03-24,Prod. Sold Swine or Pork Market Formula,169871,70.14,213.93,70.14,36340503.03,2548922882.5242,30275328.12,2143795984.1772,141,2017,60,70.4444992382475
2017-03-27,2017-03-24,Prod. Sold Negotiated,14718,67.64,206.58,67.64,3040444.4400000004,205655661.92160004,1958089.28,132112283.7216,141,2017,60,67.57340543522432
2017-03-28,2017-03-27,Prod. Sold Swine or Pork Market Formula,134381,69.77,212.46,69.77,28550587.26,1991974473.1302,36340503.03,2548922882.5242,142,2017,61,69.97720850984332
2017-03-28,2017-03-27,Prod. Sold Negotiated,10787,66.95,205.45,66.95,2216189.15,148373863.5925,3040444.4400000004,205655661.92160004,142,2017,61,67.34909699386144
2017-03-29,2017-03-28,Prod. Sold Swine or Pork Market Formula,143258,69.36,211.79,69.36,30340611.82,2104424835.8352,28550587.26,1991974473.1302,143,2017,62,69.55876893253097
2017-03-29,2017-03-28,Prod. Sold Negotiated,7335,66.75,192.74,66.75,1413747.9,94367672.325,2216189.15,148373863.5925,143,2017,62,66.87210620291611
2017-03-30,2017-03-29,Prod. Sold Swine or Pork Market Formula,146226,68.64,213.75,68.64,31255807.5,2145398626.8,30340611.82,2104424835.8352,144,2017,63,68.99465114290024
2017-03-30,2017-03-29,Prod. Sold Negotiated,9637,66.25,198.94,66.25,1917184.78,127013491.675,1413747.9,94367672.325,144,2017,63,66.46221502140956
2017-03-31,2017-03-30,Prod. Sold Swine or Pork Market Formula,142913,68.25,213.99,68.25,30581952.87,2087218283.3775,31255807.5,2145398626.8,145,2017,64,68.44712494197822
2017-03-31,2017-03-30,Prod. Sold Negotiated,10763,65.91,199.4,65.91,2146142.2,141452232.402,1917184.78,127013491.675,145,2017,64,66.07042096252859
2017-04-03,2017-03-31,Prod. Sold Swine or Pork Market Formula,196424,67.39,214.44,67.39,42121162.56,2838545144.9184003,30581952.87,2087218283.3775,151,2017,65,67.75175175317655
2017-04-03,2017-03-31,Prod. Sold Negotiated,14704,64.9,204.97,64.9,3013878.88,195600739.312,2146142.2,141452232.402,151,2017,65,65.32007650519132
2017-04-04,2017-04-03,Prod. Sold Swine or Pork Market Formula,135027,66.96,213.13,66.96,28778304.51,1926995269.9896,42121162.56,2838545144.9184003,152,2017,66,67.21546172135425
2017-04-04,2017-04-03,Prod. Sold Negotiated,6810,64.44,191.23,64.44,1302276.3,83918684.772,3013878.88,195600739.312,152,2017,66,64.76120816490199
2017-04-05,2017-04-04,Prod. Sold Swine or Pork Market Formula,136912,66.49,212.92,66.49,29151303.04,1938270139.1296,28778304.51,1926995269.9896,153,2017,67,66.7234868764306
2017-04-05,2017-04-04,Prod. Sold Negotiated,6750,63.2,190.45,63.2,1285537.5,81245970.0,1302276.3,83918684.772,153,2017,67,63.82401035654112
2017-04-06,2017-04-05,Prod. Sold Swine or Pork Market Formula,136390,66.13,213.46,66.13,29113809.4,1925296215.622,29151303.04,1938270139.1296,154,2017,68,66.31011583012402
2017-04-06,2017-04-05,Prod. Sold Negotiated,8203,62.83,200.45,62.83,1644291.35,103310825.5205,1285537.5,81245970.0,154,2017,68,62.992346983169355
2017-04-07,2017-04-06,Prod. Sold Swine or Pork Market Formula,139489,65.66,213.47,65.66,29776716.83,1955139227.0578,29113809.4,1925296215.622,155,2017,69,65.89235469767341
2017-04-07,2017-04-06,Prod. Sold Negotiated,7289,62.42,196.53,62.42,1432507.17,89417097.55139999,1644291.35,103310825.5205,155,2017,69,62.63911069220743
2017-04-10,2017-04-07,Prod. Sold Negotiated,13905,61.65,202.94,61.65,2821880.7,173968945.155,1432507.17,89417097.55139999,161,2017,70,61.90926891355582
2017-04-10,2017-04-07,Prod. Sold Swine or Pork Market Formula,176903,65.1,214.28,65.1,37906774.84,2467731042.084,29776716.83,1955139227.0578,161,2017,70,65.34636674340179
2017-04-11,2017-04-10,Prod. Sold Swine or Pork Market Formula,137737,64.6,212.72,64.6,29299414.64,1892742185.744,37906774.84,2467731042.084,162,2017,71,64.88201848024191
2017-04-11,2017-04-10,Prod. Sold Negotiated,8134,60.88,198.99,60.88,1618584.66,98539434.1008,2821880.7,173968945.155,162,2017,71,61.36932892452514
2017-04-12,2017-04-11,Prod. Sold Negotiated,7003,60.78,193.85,60.78,1357531.55,82510767.609,1618584.66,98539434.1008,163,2017,72,60.83438580168884
2017-04-12,2017-04-11,Prod. Sold Swine or Pork Market Formula,141757,64.07,212.11,64.07,30068077.270000003,1926461710.6889,29299414.64,1892742185.744,163,2017,72,64.33156890344536
2017-04-13,2017-04-12,Prod. Sold Negotiated,9523,60.17,202.1,60.17,1924598.3,115803079.711,1357531.55,82510767.609,164,2017,73,60.422303925604886
2017-04-13,2017-04-12,Prod. Sold Swine or Pork Market Formula,144131,63.65,213.19,63.65,30727287.89,1955791874.1985,30068077.270000003,1926461710.6889,164,2017,73,63.857722947632006
2017-04-14,2017-04-13,Prod. Sold Swine or Pork Market Formula,144621,63.11,213.29,63.11,30846213.09,1946704508.1099,30727287.89,1955791874.1985,165,2017,74,63.37947851261518
2017-04-14,2017-04-13,Prod. Sold Negotiated,5947,58.65,211.37,58.65,1257017.39,73724069.9235,1924598.3,115803079.711,165,2017,74,59.569466617289656
2017-04-17,2017-04-14,Prod. Sold Swine or Pork Market Formula,132301,62.37,216.27,62.37,28612737.27,1784576423.5298998,30846213.09,1946704508.1099,171,2017,75,62.75389842989822
2017-04-17,2017-04-14,Prod. Sold Negotiated,8247,59.8,212.87,59.8,1755538.89,104981225.622,1257017.39,73724069.9235,171,2017,75,59.320151703688666
2017-04-18,2017-04-17,Prod. Sold Negotiated,6400,59.48,196.45,59.47999999999999,1257280.0,74783014.39999999,1755538.89,104981225.622,172,2017,76,59.66646074168767
2017-04-18,2017-04-17,Prod. Sold Swine or Pork Market Formula,96840,62.14,214.74,62.14000000000001,20795421.6,1292227498.2240002,28612737.27,1784576423.5298998,172,2017,76,62.273195199388326
2017-04-19,2017-04-18,Prod. Sold Negotiated,5645,58.44,190.81,58.44,1077122.45,62947035.97799999,1257280.0,74783014.39999999,173,2017,77,59.00013100911541
2017-04-19,2017-04-18,Prod. Sold Swine or Pork Market Formula,137925,61.95,213.3,61.95,29419402.5,1822531984.875,20795421.6,1292227498.2240002,173,2017,77,62.028684535390006
2017-04-20,2017-04-19,Prod. Sold Negotiated,6539,58.75,194.02,58.75,1268696.78,74535935.825,1077122.45,62947035.97799999,174,2017,78,58.6076582733956
2017-04-20,2017-04-19,Prod. Sold Swine or Pork Market Formula,139455,61.46,213.11,61.46,29719255.05,1826545415.373,29419402.5,1822531984.875,174,2017,78,61.70375776898237
2017-04-21,2017-04-20,Prod. Sold Negotiated,8164,57.66,198.99,57.66,1624554.36,93671804.3976,1268696.78,74535935.825,175,2017,79,58.13796731886882
2017-04-21,2017-04-20,Prod. Sold Swine or Pork Market Formula,140009,61.02,214.35,61.02,30010929.15,1831266896.733,29719255.05,1826545415.373,175,2017,79,61.23892569723567
2017-04-24,2017-04-21,Prod. Sold Negotiated,17696,56.2,208.09,56.2,3682360.64,206948667.968,1624554.36,93671804.3976,181,2017,80,56.64693562372866
2017-04-24,2017-04-21,Prod. Sold Swine or Pork Market Formula,197357,60.6,214.35,60.60000000000001,42303472.95,2563590460.77,30010929.15,1831266896.733,181,2017,80,60.774302626820734
2017-04-25,2017-04-24,Prod. Sold Swine or Pork Market Formula,133431,60.15,213.13,60.15,28438149.03,1710554664.1545,42303472.95,2563590460.77,182,2017,81,60.419099891897915
2017-04-25,2017-04-24,Prod. Sold Negotiated,6500,57.11,195.37,57.11,1269905.0,72524274.55,3682360.64,206948667.968,182,2017,81,56.43335047713635
2017-04-26,2017-04-25,Prod. Sold Swine or Pork Market Formula,137261,60.0,212.78,60.0,29206395.58,1752383734.8000002,28438149.03,1710554664.1545,183,2017,82,60.07400045196576
2017-04-26,2017-04-25,Prod. Sold Negotiated,6652,56.27,196.52,56.27,1307251.04,73559016.02080001,1269905.0,72524274.55,183,2017,82,56.68391370310663
2017-04-27,2017-04-26,Prod. Sold Negotiated,8438,56.12,200.01,56.120000000000005,1687684.38,94712847.4056,1307251.04,73559016.02080001,184,2017,83,56.18547308322261
2017-04-27,2017-04-26,Prod. Sold Swine or Pork Market Formula,137869,59.79,212.6,59.79,29310949.4,1752501664.626,29206395.58,1752383734.8000002,184,2017,83,59.89481239492147
2017-04-28,2017-04-27,Prod. Sold Swine or Pork Market Formula,143814,59.91,214.17,59.90999999999999,30800644.38,1845266604.8058,29310949.4,1752501664.626,185,2017,84,59.851486929445365
2017-04-28,2017-04-27,Prod. Sold Negotiated,9663,56.14,199.57,56.14,1928444.91,108262897.2474,1687684.38,94712847.4056,185,2017,84,56.13066579624424
2017-05-01,2017-04-28,Prod. Sold Swine or Pork Market Formula,191704,60.21,214.2,60.21000000000001,41062996.8,2472403037.328,30800644.38,1845266604.8058,191,2017,85,60.08142046851125
2017-05-01,2017-04-28,Prod. Sold Negotiated,13864,57.25,202.98,57.25000000000001,2814114.72,161108067.72,1928444.91,108262897.2474,191,2017,85,56.798645875413065
2017-05-02,2017-05-01,Prod. Sold Negotiated,8930,57.22,205.23,57.22,1832703.9,104867317.158,2814114.72,161108067.72,192,2017,86,57.23816800880428
2017-05-02,2017-05-01,Prod. Sold Swine or Pork Market Formula,128888,60.93,212.02,60.93,27326833.76,1665023980.9968002,41062996.8,2472403037.328,192,2017,86,60.497693654832766
2017-05-03,2017-05-02,Prod. Sold Negotiated,8859,57.55,200.11,57.55,1772774.4900000002,102023171.8995,1832703.9,104867317.158,193,2017,87,57.382257408981445
2017-05-03,2017-05-02,Prod. Sold Swine or Pork Market Formula,136590,61.8,211.1,61.79999999999999,28834149.0,1781950408.1999998,27326833.76,1665023980.9968002,193,2017,87,61.376675047286874
2017-05-04,2017-05-03,Prod. Sold Swine or Pork Market Formula,137805,63.14,211.94,63.14,29206391.7,1844091571.938,28834149.0,1781950408.1999998,194,2017,88,62.47429704144709
2017-05-04,2017-05-03,Prod. Sold Negotiated,8433,59.04,204.37,59.04,1723452.21,101752618.4784,1772774.4900000002,102023171.8995,194,2017,88,58.284490069794394
2017-05-05,2017-05-04,Prod. Sold Swine or Pork Market Formula,136780,64.4,212.87,64.4,29116358.6,1875093493.84,29206391.7,1844091571.938,195,2017,89,63.76902746607957
2017-05-05,2017-05-04,Prod. Sold Negotiated,9301,60.79,192.01,60.79,1785885.01,108563949.7579,1723452.21,101752618.4784,195,2017,89,59.930566671589354
2017-05-08,2017-05-05,Prod. Sold Swine or Pork Market Formula,157506,65.72,213.69,65.72,33657457.14,2211968083.2408,29116358.6,1875093493.84,201,2017,90,65.10774482801577
2017-05-08,2017-05-05,Prod. Sold Negotiated,13159,60.07,204.76,60.07,2694436.84,161854820.9788,1785885.01,108563949.7579,201,2017,90,60.35699661547753
2017-05-09,2017-05-08,Prod. Sold Swine or Pork Market Formula,122339,67.09,210.46,67.09,25747465.94,1727397489.9146,33657457.14,2211968083.2408,202,2017,91,66.31378964753976
2017-05-09,2017-05-08,Prod. Sold Negotiated,9757,64.15,206.87,64.15,2018430.59,129482322.3485,2694436.84,161854820.9788,202,2017,91,61.8173856265887
2017-05-10,2017-05-09,Prod. Sold Negotiated,8298,66.35,200.81,66.35,1666321.38,110560423.563,2018430.59,129482322.3485,203,2017,92,65.14488569810032
2017-05-10,2017-05-09,Prod. Sold Swine or Pork Market Formula,137031,68.46,210.23,68.46,28808027.13,1972197537.3198,25747465.94,1727397489.9146,203,2017,92,67.81342847524922
2017-05-11,2017-05-10,Prod. Sold Swine or Pork Market Formula,135818,70.16,211.76,70.16,28760819.68,2017859108.7488,28808027.13,1972197537.3198,204,2017,93,69.3093029852998
2017-05-11,2017-05-10,Prod. Sold Negotiated,8635,65.33,198.48,65.33,1713874.7999999998,111967440.684,1666321.38,110560423.563,204,2017,93,65.83282519625828
2017-05-12,2017-05-11,Prod. Sold Swine or Pork Market Formula,135716,71.61,212.3,71.61,28812506.8,2063263611.948,28760819.68,2017859108.7488,205,2017,94,70.8856508771386
2017-05-12,2017-05-11,Prod. Sold Negotiated,8831,67.59,199.03,67.59,1757633.93,118798477.3287,1713874.7999999998,111967440.684,205,2017,94,66.47424389818545
2017-05-15,2017-05-12,Prod. Sold Negotiated,10433,68.17,201.23,68.17,2099432.59,143118319.6603,1757633.93,118798477.3287,211,2017,95,67.90569870415406
2017-05-15,2017-05-12,Prod. Sold Swine or Pork Market Formula,162093,72.67,212.83,72.67,34498253.190000005,2506988059.3173003,28812506.8,2063263611.948,211,2017,95,72.18759768461437
2017-05-16,2017-05-15,Prod. Sold Negotiated,10062,70.21,205.75,70.21,2070256.5,145352708.86499998,2099432.59,143118319.6603,212,2017,96,69.18286287031054
2017-05-16,2017-05-15,Prod. Sold Swine or Pork Market Formula,132681,74.0,209.23,74.0,27760845.63,2054302576.62,34498253.190000005,2506988059.3173003,212,2017,96,73.26303660649901
2017-05-17,2017-05-16,Prod. Sold Negotiated,7794,71.28,201.36,71.28,1569399.84,111866820.5952,2070256.5,145352708.86499998,213,2017,97,70.67137812802403
2017-05-17,2017-05-16,Prod. Sold Swine or Pork Market Formula,132137,74.73,210.17,74.73,27771233.29,2075344263.7617,27760845.63,2054302576.62,213,2017,97,74.36506827577814
2017-05-18,2017-05-17,Prod. Sold Swine or Pork Market Formula,131584,75.71,211.34,75.71,27808962.56,2105416555.4176,27771233.29,2075344263.7617,214,2017,98,75.22033262463397
2017-05-18,2017-05-17,Prod. Sold Negotiated,12309,70.65,207.39,70.65,2552763.51,180352741.9815,1569399.84,111866820.5952,214,2017,98,70.88985509919203
2017-05-19,2017-05-18,Prod. Sold Swine or Pork Market Formula,127730,76.18,211.73,76.18,27044272.9,2060232709.522,27808962.56,2105416555.4176,215,2017,99,75.94172394766521
2017-05-19,2017-05-18,Prod. Sold Negotiated,12041,71.94,205.19,71.94,2470692.79,177741639.3126,2552763.51,180352741.9815,215,2017,99,71.2844623121535
2017-05-22,2017-05-19,Prod. Sold Swine or Pork Market Formula,143546,76.19,213.36,76.19,30626974.56,2333469191.7264,27044272.9,2060232709.522,221,2017,100,76.18531061419839
2017-05-22,2017-05-19,Prod. Sold Negotiated,11947,72.76,201.6,72.76,2408515.2,175243565.952,2470692.79,177741639.3126,221,2017,100,72.34477521516764
2017-05-23,2017-05-22,Prod. Sold Negotiated,9594,72.42,200.23,72.42,1921006.62,139119299.4204,2408515.2,175243565.952,222,2017,101,72.60914217367312
2017-05-23,2017-05-22,Prod. Sold Swine or Pork Market Formula,127468,76.19,210.52,76.19,26834563.360000003,2044525382.3984,30626974.56,2333469191.7264,222,2017,101,76.19
2017-05-24,2017-05-23,Prod. Sold Negotiated,6556,72.91,197.27,72.91,1293302.12,94294657.56920001,1921006.62,139119299.4204,223,2017,102,72.6171553108492
2017-05-24,2017-05-23,Prod. Sold Swine or Pork Market Formula,133156,76.36,210.38,76.36,28013359.28,2139100114.6208,26834563.360000003,2044525382.3984,223,2017,102,76.27682682676713
2017-05-25,2017-05-24,Prod. Sold Negotiated,10100,72.5,201.86,72.5,2038786.0,147811985.00000003,1293302.12,94294657.56920001,224,2017,103,72.6591356080943
2017-05-25,2017-05-24,Prod. Sold Swine or Pork Market Formula,133014,76.56,210.64,76.56,28018068.96,2145063359.5776,28013359.28,2139100114.6208,224,2017,103,76.46000840542558
2017-05-26,2017-05-25,Prod. Sold Swine or Pork Market Formula,135715,76.66,211.97,76.66,28767508.55,2205317205.443,28018068.96,2145063359.5776,225,2017,104,76.61065988550514
2017-05-26,2017-05-25,Prod. Sold Negotiated,10669,72.75,200.11,72.75,2134973.5900000003,155319328.6725,2038786.0,147811985.00000003,225,2017,104,72.62788072383918
2017-05-30,2017-05-26,Prod. Sold Swine or Pork Market Formula,130406,76.83,211.31,76.83,27556091.86,2117134537.6038,28767508.55,2205317205.443,232,2017,105,76.743171806882
2017-05-30,2017-05-26,Prod. Sold Negotiated,10792,72.57,202.8,72.57,2188617.6,158827979.232,2134973.5900000003,155319328.6725,232,2017,105,72.65888334472713
2017-05-31,2017-05-30,Prod. Sold Negotiated,7473,73.61,197.25,73.61,1474049.25,108504765.2925,2188617.6,158827979.232,233,2017,106,72.98855054876203
2017-05-31,2017-05-30,Prod. Sold Swine or Pork Market Formula,139523,76.69,212.08,76.69,29590037.840000004,2269260001.9496,27556091.86,2117134537.6038,233,2017,106,76.7575085588587
2017-06-01,2017-05-31,Prod. Sold Swine or Pork Market Formula,137834,77.23,210.91,77.23,29070568.94,2245120039.2362003,29590037.840000004,2269260001.9496,234,2017,107,76.95760901547565
2017-06-01,2017-05-31,Prod. Sold Negotiated,6353,72.75,200.85,72.75,1276000.05,92829003.6375,1474049.25,108504765.2925,234,2017,107,73.21096713793459
2017-06-02,2017-06-01,Prod. Sold Swine or Pork Market Formula,139273,77.76,211.82,77.76,29500806.86,2293982741.4336,29070568.94,2245120039.2362003,235,2017,108,77.49694656600161
2017-06-02,2017-06-01,Prod. Sold Negotiated,5944,74.63,196.3,74.63,1166807.2,87078821.336,1276000.05,92829003.6375,235,2017,108,73.64798224399408
2017-06-05,2017-06-02,Prod. Sold Swine or Pork Market Formula,202826,78.34,212.47,78.34,43094440.22,3376018446.8348,29500806.86,2293982741.4336,241,2017,109,78.10430319246734
2017-06-05,2017-06-02,Prod. Sold Negotiated,10365,72.64,202.02,72.64,2093937.3,152103605.472,1166807.2,87078821.336,241,2017,109,73.35209085164446
2017-06-06,2017-06-05,Prod. Sold Swine or Pork Market Formula,129125,78.63,209.57,78.63,27060726.25,2127784905.0375,43094440.22,3376018446.8348,242,2017,110,78.4518607653202
2017-06-06,2017-06-05,Prod. Sold Negotiated,8809,74.8,203.35,74.8,1791310.15,133989999.21999998,2093937.3,152103605.472,242,2017,110,73.63587734727166
2017-06-07,2017-06-06,Prod. Sold Swine or Pork Market Formula,132156,79.42,209.98,79.42,27750116.88,2203914282.6096,27060726.25,2127784905.0375,243,2017,111,79.02996816475171
2017-06-07,2017-06-06,Prod. Sold Negotiated,7707,75.12,196.85,75.12,1517122.95,113966276.004,1791310.15,133989999.21999998,243,2017,111,74.94673996098032
2017-06-08,2017-06-07,Prod. Sold Swine or Pork Market Formula,132634,79.93,210.34,79.93,27898235.56,2229905968.3108,27750116.88,2203914282.6096,244,2017,112,79.67567873102698
2017-06-08,2017-06-07,Prod. Sold Negotiated,9855,75.34,199.9,75.34,1970014.5,148420892.43,1517122.95,113966276.004,244,2017,112,75.24428623655199
2017-06-09,2017-06-08,Prod. Sold Swine or Pork Market Formula,135336,80.78,211.32,80.78,28599203.52,2310243660.3456,27898235.56,2229905968.3108,245,2017,113,80.36027300684512
2017-06-09,2017-06-08,Prod. Sold Negotiated,11747,75.79,200.43,75.79,2354451.21,178443857.2059,1970014.5,148420892.43,245,2017,113,75.58500206859081
2017-06-12,2017-06-09,Prod. Sold Negotiated,12930,75.37,206.92,75.37,2675475.6,201650595.972,2354451.21,178443857.2059,251,2017,114,75.56659719625225
2017-06-12,2017-06-09,Prod. Sold Swine or Pork Market Formula,128637,81.32,211.32,81.32,27183570.84,2210567980.7088,28599203.52,2310243660.3456,251,2017,114,81.0431480492323
2017-06-13,2017-06-12,Prod. Sold Swine or Pork Market Formula,118288,81.85,208.55,81.85,24668962.4,2019154572.44,27183570.84,2210567980.7088,252,2017,115,81.57214872360208
2017-06-13,2017-06-12,Prod. Sold Negotiated,9740,78.2,199.92,78.2,1947220.8,152272666.56,2675475.6,201650595.972,252,2017,115,76.56208236647338
2017-06-14,2017-06-13,Prod. Sold Swine or Pork Market Formula,132248,82.82,208.43,82.82,27564450.64,2282887802.0048,24668962.4,2019154572.44,253,2017,116,82.3618853156374
2017-06-14,2017-06-13,Prod. Sold Negotiated,10269,79.05,201.42,79.05,2068381.98,163505595.519,1947220.8,152272666.56,253,2017,116,78.6378233553768
2017-06-15,2017-06-14,Prod. Sold Swine or Pork Market Formula,133338,83.63,208.3,83.63,27774305.4,2322765160.602,27564450.64,2282887802.0048,254,2017,117,83.22653583462805
2017-06-15,2017-06-14,Prod. Sold Negotiated,8112,77.73,204.75,77.73,1660932.0,129104244.36,2068381.98,163505595.519,254,2017,117,78.46210896916757
2017-06-16,2017-06-15,Prod. Sold Swine or Pork Market Formula,133773,85.13,209.28,85.13,27996013.44,2383300624.1472,27774305.4,2322765160.602,255,2017,118,84.38298153271235
2017-06-16,2017-06-15,Prod. Sold Negotiated,10557,80.47,202.61,80.47,2138953.77,172121609.8719,1660932.0,129104244.36,255,2017,118,79.2723446083749
2017-06-19,2017-06-16,Prod. Sold Negotiated,10394,79.12,199.88,79.12,2077552.72,164375971.2064,2138953.77,172121609.8719,261,2017,119,79.80482939522288
2017-06-19,2017-06-16,Prod. Sold Swine or Pork Market Formula,134028,86.34,209.38,86.34,28062782.64,2422940653.1376,27996013.44,2383300624.1472,261,2017,119,85.73572058925315
2017-06-20,2017-06-19,Prod. Sold Negotiated,9771,84.79,199.62,84.79,1950487.02,165381794.42580003,2077552.72,164375971.2064,262,2017,120,81.86556908999115
2017-06-20,2017-06-19,Prod. Sold Swine or Pork Market Formula,121679,87.53,208.66,87.53000000000002,25389540.14,2222346448.4542003,28062782.64,2422940653.1376,262,2017,120,86.90524302771561
2017-06-21,2017-06-20,Prod. Sold Swine or Pork Market Formula,127366,89.04,207.25,89.04,26396603.5,2350353575.6400003,25389540.14,2222346448.4542003,263,2017,121,88.2996821675328
2017-06-21,2017-06-20,Prod. Sold Negotiated,12807,84.99,202.9,84.99,2598540.3000000003,220849940.097,1950487.02,165381794.42580003,263,2017,121,84.90424597467575
2017-06-22,2017-06-21,Prod. Sold Swine or Pork Market Formula,134839,90.19,208.29,90.19,28085615.31,2533041644.8089,26396603.5,2350353575.6400003,264,2017,122,89.63282566517961
2017-06-22,2017-06-21,Prod. Sold Negotiated,9850,85.64,199.92,85.64,1969212.0,168643315.67999998,2598540.3000000003,220849940.097,264,2017,122,85.27022268195233
2017-06-23,2017-06-22,Prod. Sold Swine or Pork Market Formula,129313,90.8,209.06,90.8,27034175.78,2454703160.824,28085615.31,2533041644.8089,265,2017,123,90.48918196168184
2017-06-23,2017-06-22,Prod. Sold Negotiated,13059,86.79,198.85,86.79,2596782.15,225374722.7985,1969212.0,168643315.67999998,265,2017,123,86.29403050779206
2017-06-26,2017-06-23,Prod. Sold Swine or Pork Market Formula,129788,91.05,208.86,91.05,27107521.680000003,2468139848.964,27034175.78,2454703160.824,271,2017,124,90.92516933782888
2017-06-26,2017-06-23,Prod. Sold Negotiated,10577,87.58,200.76,87.58,2123438.52,185970745.5816,2596782.15,225374722.7985,271,2017,124,87.1453894082668
2017-06-27,2017-06-26,Prod. Sold Swine or Pork Market Formula,128242,91.65,207.8,91.65,26648687.6,2442352218.5400004,27107521.680000003,2468139848.964,272,2017,125,91.3474393614088
2017-06-27,2017-06-26,Prod. Sold Negotiated,11510,88.57,203.92,88.57,2347119.2,207884347.544,2123438.52,185970745.5816,272,2017,125,88.09976691803008
2017-06-28,2017-06-27,Prod. Sold Swine or Pork Market Formula,131974,91.81,206.48,91.81,27249991.52,2501821721.4512,26648687.6,2442352218.5400004,273,2017,126,91.73089249522224
2017-06-28,2017-06-27,Prod. Sold Negotiated,10890,89.06,198.74,89.06,2164278.6,192750652.11600003,2347119.2,207884347.544,273,2017,126,88.80507049500268
2017-06-29,2017-06-28,Prod. Sold Swine or Pork Market Formula,134756,91.96,206.88,91.96,27878321.28,2563690424.9088,27249991.52,2501821721.4512,274,2017,127,91.88585481905044
2017-06-29,2017-06-28,Prod. Sold Negotiated,10021,88.13,199.73,88.13,2001494.33,176391695.3029,2164278.6,192750652.11600003,274,2017,127,88.6131706220723
2017-06-30,2017-06-29,Prod. Sold Negotiated,10409,88.43,195.93,88.43,2039435.37,180347269.7691,2001494.33,176391695.3029,275,2017,128,88.28140837787899
2017-06-30,2017-06-29,Prod. Sold Swine or Pork Market Formula,140812,91.96,208.01,91.96,29290304.12,2693536366.8752,27878321.28,2563690424.9088,275,2017,128,91.96
2017-07-03,2017-06-30,Prod. Sold Negotiated,9180,88.89,198.12,88.89,1818741.6,161667940.824,2039435.37,180347269.7691,281,2017,129,88.64684363949742
2017-07-03,2017-06-30,Prod. Sold Swine or Pork Market Formula,130985,91.87,209.32,91.87,27417780.2,2518871466.974,29290304.12,2693536366.8752,281,2017,129,91.91648591823213
2017-07-05,2017-07-03,Prod. Sold Negotiated,6882,89.75,193.92,89.75,1334557.44,119776530.24,1818741.6,161667940.824,283,2017,130,89.25397416922438
2017-07-05,2017-07-03,Prod. Sold Swine or Pork Market Formula,107667,92.38,206.94,92.38,22280608.98,2058282657.5724,27417780.2,2518871466.974,283,2017,130,92.0986414261566
2017-07-06,2017-07-05,Prod. Sold Negotiated,7552,88.68,195.12,88.68,1473546.24,130674080.5632,1334557.44,119776530.24,284,2017,131,89.1885198495235
2017-07-06,2017-07-05,Prod. Sold Swine or Pork Market Formula,145846,92.71,208.27,92.71,30375346.42,2816098366.5982,22280608.98,2058282657.5724,284,2017,131,92.5703652538911
2017-07-07,2017-07-06,Prod. Sold Swine or Pork Market Formula,137298,92.65,209.65,92.65,28784525.7,2666886306.105,30375346.42,2816098366.5982,285,2017,132,92.68080670596282
2017-07-07,2017-07-06,Prod. Sold Negotiated,8900,88.05,198.01,88.05,1762289.0,155169546.45,1473546.24,130674080.5632,285,2017,132,88.33689165620187
2017-07-10,2017-07-07,Prod. Sold Swine or Pork Market Formula,207604,92.8,210.62,92.8,43725554.48,4057731455.744,28784525.7,2666886306.105,291,2017,133,92.74045408797949
2017-07-10,2017-07-07,Prod. Sold Negotiated,15299,88.47,206.15,88.46999999999998,3153888.85,279024546.5595,1762289.0,155169546.45,291,2017,133,88.3194437340179
2017-07-11,2017-07-10,Prod. Sold Negotiated,6932,88.68,192.11,88.68,1331706.52,118095734.1936,3153888.85,279024546.5595,292,2017,134,88.5323458752143
2017-07-11,2017-07-10,Prod. Sold Swine or Pork Market Formula,131908,92.91,208.51,92.91,27504137.08,2555409376.1028,43725554.48,4057731455.744,292,2017,134,92.84247463399798
2017-07-12,2017-07-11,Prod. Sold Swine or Pork Market Formula,136856,93.01,208.11,93.01,28481102.16,2649027311.9016004,27504137.08,2555409376.1028,293,2017,135,92.96087252023325
2017-07-12,2017-07-11,Prod. Sold Negotiated,9559,89.33,193.12,89.33,1846034.08,164906224.3664,1331706.52,118095734.1936,293,2017,135,89.05760229768282
2017-07-13,2017-07-12,Prod. Sold Swine or Pork Market Formula,146293,93.08,207.72,93.08,30387981.96,2828513360.8368,28481102.16,2649027311.9016004,294,2017,136,93.04613371549766
2017-07-13,2017-07-12,Prod. Sold Negotiated,7375,88.78,195.32,88.78,1440485.0,127886258.3,1846034.08,164906224.3664,294,2017,136,89.0889343829399
2017-07-14,2017-07-13,Prod. Sold Swine or Pork Market Formula,133183,92.91,208.63,92.90999999999998,27785969.29,2581594406.7339,30387981.96,2828513360.8368,295,2017,137,92.99880189194985
2017-07-14,2017-07-13,Prod. Sold Negotiated,8433,88.6,198.57,88.6,1674540.81,148364315.766,1440485.0,127886258.3,295,2017,137,88.68323760887233
2017-07-17,2017-07-14,Prod. Sold Swine or Pork Market Formula,146181,92.61,209.23,92.61,30585450.63,2832518582.8443,27785969.29,2581594406.7339,301,2017,138,92.75280603073256
2017-07-17,2017-07-14,Prod. Sold Negotiated,10378,88.55,201.5,88.55,2091167.0,185172837.85,1674540.81,148364315.766,301,2017,138,88.57223407782136
2017-07-18,2017-07-17,Prod. Sold Negotiated,8340,88.39,197.6,88.39,1647984.0,145665305.76,2091167.0,185172837.85,302,2017,139,88.47948200273272
2017-07-18,2017-07-17,Prod. Sold Swine or Pork Market Formula,133091,92.84,207.03,92.84,27553829.73,2558097552.1332,30585450.63,2832518582.8443,302,2017,139,92.71900342760799
2017-07-19,2017-07-18,Prod. Sold Negotiated,10761,88.82,194.45,88.82,2092476.45,185853758.289,1647984.0,145665305.76,303,2017,140,88.63054922797004
2017-07-19,2017-07-18,Prod. Sold Swine or Pork Market Formula,135172,92.46,207.67,92.46,28071169.24,2595460307.9304,27553829.73,2558097552.1332,303,2017,140,92.64823290770842
2017-07-20,2017-07-19,Prod. Sold Swine or Pork Market Formula,139635,92.02,207.73,92.02,29006378.55,2669166954.1709995,28071169.24,2595460307.9304,304,2017,141,92.23639532432338
2017-07-20,2017-07-19,Prod. Sold Negotiated,8920,88.22,196.21,88.22,1750193.2000000002,154402044.104,2092476.45,185853758.289,304,2017,141,88.54672230099197
2017-07-21,2017-07-20,Prod. Sold Swine or Pork Market Formula,132448,91.74,208.55,91.74,27622030.4,2534045068.896,29006378.55,2669166954.1709995,305,2017,142,91.88342246488278
2017-07-21,2017-07-20,Prod. Sold Negotiated,10209,88.54,193.11,88.54,1971459.99,174553067.51460004,1750193.2000000002,154402044.104,305,2017,142,88.38951262371654
2017-07-24,2017-07-21,Prod. Sold Swine or Pork Market Formula,142715,90.99,207.76,90.99,29650468.4,2697896119.716,27622030.4,2534045068.896,311,2017,143,91.35171850773168
2017-07-24,2017-07-21,Prod. Sold Negotiated,13965,88.27,202.26,88.27,2824560.9,249323990.643,1971459.99,174553067.51460004,311,2017,143,88.380986630273
2017-07-25,2017-07-24,Prod. Sold Negotiated,9508,87.32,195.88,87.32,1862427.04,162627129.13279998,2824560.9,249323990.643,312,2017,144,87.89250688274655
2017-07-25,2017-07-24,Prod. Sold Swine or Pork Market Formula,118831,90.23,205.52,90.23,24422147.12,2203610334.6376004,29650468.4,2697896119.716,312,2017,144,90.64674248170343
2017-07-26,2017-07-25,Prod. Sold Swine or Pork Market Formula,131028,89.91,206.38,89.91,27041558.64,2431306537.3224,24422147.12,2203610334.6376004,313,2017,145,90.06185628323864
2017-07-26,2017-07-25,Prod. Sold Negotiated,10136,86.39,191.18,86.39,1937800.48,167406583.4672,1862427.04,162627129.13279998,313,2017,145,86.84577722335952
2017-07-27,2017-07-26,Prod. Sold Negotiated,10429,85.42,200.53,85.42,2091327.37,178641183.9454,1937800.48,167406583.4672,314,2017,146,85.88651943933723
2017-07-27,2017-07-26,Prod. Sold Swine or Pork Market Formula,140318,89.4,207.64,89.4,29135629.52,2604725279.0880003,27041558.64,2431306537.3224,314,2017,146,89.6454945745437
2017-07-28,2017-07-27,Prod. Sold Swine or Pork Market Formula,139467,88.61,207.65,88.61,28960322.55,2566174181.1555,29135629.52,2604725279.0880003,315,2017,147,89.00619192905326
2017-07-28,2017-07-27,Prod. Sold Negotiated,10236,84.76,196.2,84.76,2008303.2,170223779.232,2091327.37,178641183.9454,315,2017,147,85.0966830353692
2017-07-31,2017-07-28,Prod. Sold Swine or Pork Market Formula,165175,88.13,208.92,88.13,34508361.0,3041221854.93,28960322.55,2566174181.1555,321,2017,148,88.3490206893617
2017-07-31,2017-07-28,Prod. Sold Negotiated,16574,85.38,203.6,85.38,3374466.4,288111941.232,2008303.2,170223779.232,321,2017,148,85.14867893732624
2017-08-01,2017-07-31,Prod. Sold Negotiated,7392,83.35,193.02,83.35,1426803.84,118924100.064,3374466.4,288111941.232,322,2017,149,84.77674051856742
2017-08-01,2017-07-31,Prod. Sold Swine or Pork Market Formula,135651,87.65,206.5,87.65000000000002,28011931.5,2455245795.9750004,34508361.0,3041221854.93,322,2017,149,87.91493819234773
2017-08-02,2017-08-01,Prod. Sold Swine or Pork Market Formula,140039,87.56,205.78,87.56,28817225.42,2523236257.7752004,28011931.5,2455245795.9750004,323,2017,150,87.60436233038877
2017-08-02,2017-08-01,Prod. Sold Negotiated,10656,82.99,190.96,82.99,2034869.76,168873841.38239998,1426803.84,118924100.064,323,2017,150,83.13838180653427
2017-08-03,2017-08-02,Prod. Sold Swine or Pork Market Formula,153675,87.16,207.74,87.16,31924444.5,2782534582.62,28817225.42,2523236257.7752004,324,2017,151,87.34976906929266
2017-08-03,2017-08-02,Prod. Sold Negotiated,6888,82.45,194.05,82.45,1336616.4,110204022.18000002,2034869.76,168873841.38239998,324,2017,151,82.77591848764996
2017-08-04,2017-08-03,Prod. Sold Negotiated,9820,83.56,196.62,83.56,1930808.4,161338349.904,1336616.4,110204022.18000002,325,2017,152,83.1059285844926
2017-08-04,2017-08-03,Prod. Sold Swine or Pork Market Formula,143118,86.61,208.25,86.61,29804323.5,2581352458.335,31924444.5,2782534582.62,325,2017,152,86.89444508199158
2017-08-07,2017-08-04,Prod. Sold Negotiated,14880,83.09,202.36,83.09,3011116.8000000003,250193694.91200003,1930808.4,161338349.904,331,2017,153,83.2736288311284
2017-08-07,2017-08-04,Prod. Sold Swine or Pork Market Formula,147986,86.11,207.86,86.11,30760369.96,2648775457.2556,29804323.5,2581352458.335,331,2017,153,86.356053614716
2017-08-08,2017-08-07,Prod. Sold Negotiated,13170,81.29,201.96,81.29,2659813.2,216216215.02800003,3011116.8000000003,250193694.91200003,332,2017,154,82.24575333146416
2017-08-08,2017-08-07,Prod. Sold Swine or Pork Market Formula,116577,86.16,207.49,86.16,24188561.73,2084086478.6568,30760369.96,2648775457.2556,332,2017,154,86.13201003821737
2017-08-09,2017-08-08,Prod. Sold Swine or Pork Market Formula,143457,85.92,206.62,85.92,29641085.34,2546762052.4128,24188561.73,2084086478.6568,333,2017,155,86.02784493548046
2017-08-09,2017-08-08,Prod. Sold Negotiated,11032,80.85,193.92,80.85,2139325.44,172964461.82399997,2659813.2,216216215.02800003,333,2017,155,81.09385997067173
2017-08-10,2017-08-09,Prod. Sold Negotiated,11720,81.24,197.45,81.24,2314114.0,187998621.36,2139325.44,172964461.82399997,334,2017,156,81.05265335863645
2017-08-10,2017-08-09,Prod. Sold Swine or Pork Market Formula,138379,85.75,207.98,85.75,28780064.42,2467890524.015,29641085.34,2546762052.4128,334,2017,156,85.8362527445711
2017-08-11,2017-08-10,Prod. Sold Negotiated,10758,81.25,199.65,81.25,2147834.7,174511569.37500003,2314114.0,187998621.36,335,2017,157,81.2448136696417
2017-08-11,2017-08-10,Prod. Sold Swine or Pork Market Formula,138004,85.37,207.5,85.36999999999999,28635830.0,2444640807.1,28780064.42,2467890524.015,335,2017,157,85.5604772988399
2017-08-14,2017-08-11,Prod. Sold Swine or Pork Market Formula,189655,84.87,208.6,84.87,39562033.0,3357629740.71,28635830.0,2444640807.1,341,2017,158,85.07994668117385
2017-08-14,2017-08-11,Prod. Sold Negotiated,17430,81.24,205.25,81.23999999999998,3577507.5,290636709.29999995,2147834.7,174511569.37500003,341,2017,158,81.2437514520966
2017-08-15,2017-08-14,Prod. Sold Negotiated,9367,81.1,195.27,81.1,1829094.09,148339530.699,3577507.5,290636709.29999995,342,2017,159,81.19263694423614
2017-08-15,2017-08-14,Prod. Sold Swine or Pork Market Formula,135005,84.31,207.39,84.31,27998686.95,2360569296.7545,39562033.0,3357629740.71,342,2017,159,84.63792336281193
2017-08-16,2017-08-15,Prod. Sold Negotiated,10724,80.18,193.24,80.18,2072305.76,166157475.8368,1829094.09,148339530.699,343,2017,160,80.61132378825512
2017-08-16,2017-08-15,Prod. Sold Swine or Pork Market Formula,137207,84.22,206.72,84.22,28363431.04,2388768162.1888,27998686.95,2360569296.7545,343,2017,160,84.26470878517993
2017-08-17,2017-08-16,Prod. Sold Negotiated,8359,80.62,196.55,80.62,1642961.4500000002,132455552.09900002,2072305.76,166157475.8368,344,2017,161,80.37457632443079
2017-08-17,2017-08-16,Prod. Sold Swine or Pork Market Formula,142679,83.62,207.47,83.62000000000003,29601612.13,2475286806.3106003,28363431.04,2388768162.1888,344,2017,161,83.91359175277572
2017-08-18,2017-08-17,Prod. Sold Negotiated,9396,80.87,200.76,80.87,1886340.96,152548393.4352,1642961.4500000002,132455552.09900002,345,2017,162,80.7536199580585
2017-08-18,2017-08-17,Prod. Sold Swine or Pork Market Formula,145927,83.06,208.99,83.06,30497283.73,2533104386.6138,29601612.13,2475286806.3106003,345,2017,162,83.3358270772797
2017-08-21,2017-08-18,Prod. Sold Negotiated,18479,80.26,203.56,80.26,3761585.24,301904831.36240005,1886340.96,152548393.4352,351,2017,163,80.46373282951183
2017-08-21,2017-08-18,Prod. Sold Swine or Pork Market Formula,196169,82.1,208.88,82.1,40975780.72,3364111597.1119995,30497283.73,2533104386.6138,351,2017,163,82.50962833489923
2017-08-22,2017-08-21,Prod. Sold Negotiated,9680,78.07,201.6,78.07,1951488.0,152352668.16,3761585.24,301904831.36240005,352,2017,164,79.5119334970052
2017-08-22,2017-08-21,Prod. Sold Swine or Pork Market Formula,141163,81.13,207.32,81.13,29265913.16,2374343534.6708,40975780.72,3364111597.1119995,352,2017,164,81.6958534853431
2017-08-23,2017-08-22,Prod. Sold Swine or Pork Market Formula,150249,80.24,207.98,80.24,31248787.02,2507402670.4848,29265913.16,2374343534.6708,353,2017,165,80.67041876824845
2017-08-23,2017-08-22,Prod. Sold Negotiated,10687,77.59,197.84,77.59,2114316.08,164049784.64720002,1951488.0,152352668.16,353,2017,165,77.82038843524401
2017-08-24,2017-08-23,Prod. Sold Negotiated,10446,76.11,199.12,76.11,2080007.52,158309372.3472,2114316.08,164049784.64720002,354,2017,166,76.85605302232761
2017-08-24,2017-08-23,Prod. Sold Swine or Pork Market Formula,158046,78.92,208.47,78.92,32947849.62,2600244292.0104003,31248787.02,2507402670.4848,354,2017,166,79.56253208618561
2017-08-25,2017-08-24,Prod. Sold Negotiated,8483,75.65,197.92,75.65,1678955.36,127012972.984,2080007.52,158309372.3472,355,2017,167,75.90453921460377
2017-08-25,2017-08-24,Prod. Sold Swine or Pork Market Formula,146753,77.77,208.96,77.77,30665506.880000003,2384856470.0576,32947849.62,2600244292.0104003,355,2017,167,78.36563005550573
2017-08-28,2017-08-25,Prod. Sold Negotiated,20547,75.35,201.18,75.35,4133645.46,311470185.41099995,1678955.36,127012972.984,361,2017,168,75.43665425746542
2017-08-28,2017-08-25,Prod. Sold Swine or Pork Market Formula,197889,76.2,209.22,76.2,41402336.58,3154858047.396,30665506.880000003,2384856470.0576,361,2017,168,76.86804893125907
2017-08-29,2017-08-28,Prod. Sold Swine or Pork Market Formula,139851,75.2,207.66,75.2,29041458.66,2183917691.232,41402336.58,3154858047.396,362,2017,169,75.78773574647624
2017-08-29,2017-08-28,Prod. Sold Negotiated,9425,72.52,197.07,72.52,1857384.75,134697542.07,4133645.46,311470185.41099995,362,2017,169,74.47262187666382
2017-08-30,2017-08-29,Prod. Sold Swine or Pork Market Formula,149175,74.36,207.89,74.36,31011990.75,2306051632.17,29041458.66,2183917691.232,363,2017,170,74.76621855220755
2017-08-30,2017-08-29,Prod. Sold Negotiated,9528,71.07,192.68,71.07,1835855.04,130474217.6928,1857384.75,134697542.07,363,2017,170,71.79922638134471
2017-08-31,2017-08-30,Prod. Sold Swine or Pork Market Formula,159379,73.03,209.18,73.03,33338899.220000003,2434739810.0366,31011990.75,2306051632.17,364,2017,171,73.6709538036961
2017-08-31,2017-08-30,Prod. Sold Negotiated,8771,70.44,199.46,70.44,1749463.66,123232220.2104,1835855.04,130474217.6928,364,2017,171,70.76259019963831
2017-09-01,2017-08-31,Prod. Sold Negotiated,10750,68.63,197.05,68.63,2118287.5,145378071.125,1749463.66,123232220.2104,365,2017,172,69.44870034901624
2017-09-01,2017-08-31,Prod. Sold Swine or Pork Market Formula,152474,72.07,209.28,72.07,31909758.72,2299736310.9504,33338899.220000003,2434739810.0366,365,2017,172,72.56051343371124
2017-09-05,2017-09-01,Prod. Sold Swine or Pork Market Formula,184104,71.13,210.13,71.13,38685773.52,2751719070.4776,31909758.72,2299736310.9504,372,2017,173,71.55488769820201
2017-09-05,2017-09-01,Prod. Sold Negotiated,18427,69.31,207.1,69.31,3816231.7,264503019.127,2118287.5,145378071.125,372,2017,173,69.06727848348692
2017-09-06,2017-09-05,Prod. Sold Swine or Pork Market Formula,140928,69.94,210.17,69.94,29618837.76,2071541512.9344,38685773.52,2751719070.4776,373,2017,174,70.61398188242497
2017-09-06,2017-09-05,Prod. Sold Negotiated,13901,64.72,201.06,64.72,2794935.06,180888197.0832,3816231.7,264503019.127,373,2017,174,67.3695328493272
2017-09-07,2017-09-06,Prod. Sold Negotiated,7375,64.45,201.54,64.45,1486357.5,95795740.875,2794935.06,180888197.0832,374,2017,175,64.62626276542053
2017-09-07,2017-09-06,Prod. Sold Swine or Pork Market Formula,148336,69.48,210.77,69.48,31264778.720000003,2172276825.4656005,29618837.76,2071541512.9344,374,2017,175,69.70378212986208
2017-09-08,2017-09-07,Prod. Sold Swine or Pork Market Formula,143054,68.83,211.0,68.83,30184394.0,2077591839.02,31264778.720000003,2172276825.4656005,375,2017,176,69.16071407259786
2017-09-08,2017-09-07,Prod. Sold Negotiated,9140,65.26,200.36,65.26,1831290.4,119510011.50400002,1486357.5,95795740.875,375,2017,176,64.89710748961636
2017-09-11,2017-09-08,Prod. Sold Swine or Pork Market Formula,267520,67.86,212.35,67.86,56807872.0,3854982193.92,30184394.0,2077591839.02,381,2017,177,68.19656856553203
2017-09-11,2017-09-08,Prod. Sold Negotiated,23782,64.0,208.82,64.0,4966157.24,317834063.36,1831290.4,119510011.50400002,381,2017,177,64.33945475216636
2017-09-12,2017-09-11,Prod. Sold Negotiated,9277,63.14,200.4,63.14,1859110.8,117384255.912,4966157.24,317834063.36,382,2017,178,63.76574761919534
2017-09-12,2017-09-11,Prod. Sold Swine or Pork Market Formula,146150,67.28,209.88,67.28,30673962.0,2063744163.36,56807872.0,3854982193.92,382,2017,178,67.6566332306202
2017-09-13,2017-09-12,Prod. Sold Swine or Pork Market Formula,147929,65.88,209.73,65.88,31025149.17,2043936827.3196,30673962.0,2063744163.36,383,2017,179,66.57601564731908
2017-09-13,2017-09-12,Prod. Sold Negotiated,11100,63.33,199.87,63.33,2218557.0,140501214.81,1859110.8,117384255.912,383,2017,179,63.24337424495444
2017-09-14,2017-09-13,Prod. Sold Negotiated,10647,61.17,201.44,61.17,2144731.68,131193236.86560002,2218557.0,140501214.81,384,2017,180,62.26827322266472
2017-09-14,2017-09-13,Prod. Sold Swine or Pork Market Formula,144989,64.81,210.73,64.81,30553531.97,1980174406.9757,31025149.17,2043936827.3196,384,2017,180,65.34909744407202
2017-09-15,2017-09-14,Prod. Sold Swine or Pork Market Formula,144563,63.75,211.19,63.75,30530259.97,1946304073.0875,30553531.97,1980174406.9757,385,2017,181,64.2802019219765
2017-09-15,2017-09-14,Prod. Sold Negotiated,13064,61.57,201.88,61.57,2637360.32,162382274.9024,2144731.68,131193236.86560002,385,2017,181,61.39060305991604
2017-09-18,2017-09-15,Prod. Sold Negotiated,20270,61.42,206.51,61.42,4185957.7,257101521.934,2637360.32,162382274.9024,391,2017,182,61.477978251466574
2017-09-18,2017-09-15,Prod. Sold Swine or Pork Market Formula,194309,62.32,211.68,62.32,41131329.120000005,2563304430.7584004,30530259.97,1946304073.0875,391,2017,182,62.929228351080376
2017-09-19,2017-09-18,Prod. Sold Negotiated,13926,58.46,205.38,58.46,2860121.88,167202725.1048,4185957.7,257101521.934,392,2017,183,60.21848635419471
2017-09-19,2017-09-18,Prod. Sold Swine or Pork Market Formula,135260,61.58,209.79,61.58,28376195.4,1747406112.732,41131329.120000005,2563304430.7584004,392,2017,183,62.017897677395226
2017-09-20,2017-09-19,Prod. Sold Swine or Pork Market Formula,140002,60.75,209.31,60.75,29303818.62,1780206981.165,28376195.4,1747406112.732,393,2017,184,61.15832587477932
2017-09-20,2017-09-19,Prod. Sold Negotiated,8974,56.99,198.55,56.99,1781787.7000000002,101544081.02300002,2860121.88,167202725.1048,393,2017,184,57.89574344268033
2017-09-21,2017-09-20,Prod. Sold Negotiated,9917,54.82,202.48,54.82,2007994.16,110078239.8512,1781787.7000000002,101544081.02300002,394,2017,185,55.84023795876209
2017-09-21,2017-09-20,Prod. Sold Swine or Pork Market Formula,141497,60.05,210.84,60.05,29833227.48,1791485310.174,29303818.62,1780206981.165,394,2017,185,60.39686671700363
2017-09-22,2017-09-21,Prod. Sold Swine or Pork Market Formula,135444,58.76,211.74,58.760000000000005,28678912.56,1685172902.0256002,29833227.48,1791485310.174,395,2017,186,59.41772442134044
2017-09-22,2017-09-21,Prod. Sold Negotiated,14272,55.25,208.15,55.25,2970716.8000000003,164132103.20000002,2007994.16,110078239.8512,395,2017,186,55.076574088004506
2017-09-25,2017-09-22,Prod. Sold Swine or Pork Market Formula,212514,57.42,211.31,57.42,44906333.34,2578521660.3828,28678912.56,1685172902.0256002,401,2017,187,57.942247936530975
2017-09-25,2017-09-22,Prod. Sold Negotiated,31600,55.67,211.52,55.67,6684032.0,372100061.44,2970716.8000000003,164132103.20000002,401,2017,187,55.54076814924485
2017-09-26,2017-09-25,Prod. Sold Swine or Pork Market Formula,132832,57.09,208.51,57.09,27696800.32,1581210330.2688,44906333.34,2578521660.3828,402,2017,188,57.29411088688813
2017-09-26,2017-09-25,Prod. Sold Negotiated,15652,52.64,206.25,52.64,3228225.0,169933764.0,6684032.0,372100061.44,402,2017,188,54.683189251448994
2017-09-27,2017-09-26,Prod. Sold Swine or Pork Market Formula,138849,56.25,209.76,56.25,29124966.24,1638279351.0,27696800.32,1581210330.2688,403,2017,189,56.65944366353399
2017-09-27,2017-09-26,Prod. Sold Negotiated,11377,51.07,200.93,51.07,2285980.61,116745029.7527,3228225.0,169933764.0,403,2017,189,51.98913751652797
2017-09-28,2017-09-27,Prod. Sold Swine or Pork Market Formula,140248,55.48,210.16,55.47999999999999,29474519.68,1635246351.8463998,29124966.24,1638279351.0,404,2017,190,55.8627034256822
2017-09-28,2017-09-27,Prod. Sold Negotiated,10303,51.4,200.59,51.4,2066678.77,106227288.778,2285980.61,116745029.7527,404,2017,190,51.2266867366727
2017-09-29,2017-09-28,Prod. Sold Swine or Pork Market Formula,146293,54.88,211.19,54.88,30895618.67,1695551552.6096,29474519.68,1635246351.8463998,405,2017,191,55.17293806990257
2017-09-29,2017-09-28,Prod. Sold Negotiated,13819,50.14,200.74,50.14,2774026.06,139089666.6484,2066678.77,106227288.778,405,2017,191,50.6779413415298
2017-10-02,2017-09-29,Prod. Sold Negotiated,25734,50.66,211.48,50.66,5442226.32,275703185.3712,2774026.06,139089666.6484,411,2017,192,50.48443412343183
2017-10-02,2017-09-29,Prod. Sold Swine or Pork Market Formula,214143,54.58,212.12,54.57999999999999,45424013.16,2479242638.2728,30895618.67,1695551552.6096,411,2017,192,54.70144562779922
2017-10-03,2017-10-02,Prod. Sold Swine or Pork Market Formula,127021,55.23,208.16,55.23,26440691.36,1460319383.8128,45424013.16,2479242638.2728,412,2017,193,54.81915007372244
2017-10-03,2017-10-02,Prod. Sold Negotiated,9923,49.33,202.06,49.33,2005041.38,98908691.2754,5442226.32,275703185.3712,412,2017,193,50.30192168956138
2017-10-04,2017-10-03,Prod. Sold Swine or Pork Market Formula,138774,55.53,208.63,55.53,28952419.62,1607727861.4986,26440691.36,1460319383.8128,413,2017,194,55.38680155406213
2017-10-04,2017-10-03,Prod. Sold Negotiated,10659,49.47,197.97,49.47,2110162.23,104389725.5181,2005041.38,98908691.2754,413,2017,194,49.40178811553385
2017-10-05,2017-10-04,Prod. Sold Negotiated,10009,49.46,200.16,49.46,2003401.44,99088235.2224,2110162.23,104389725.5181,414,2017,195,49.46512976678928
2017-10-05,2017-10-04,Prod. Sold Swine or Pork Market Formula,140882,55.95,209.78,55.95,29554225.96,1653558942.462,28952419.62,1607727861.4986,414,2017,195,55.74216008506636
2017-10-06,2017-10-05,Prod. Sold Swine or Pork Market Formula,141836,56.66,210.76,56.66,29893355.36,1693757514.6976,29554225.96,1653558942.462,415,2017,196,56.30702516123158
2017-10-06,2017-10-05,Prod. Sold Negotiated,14886,49.56,204.26,49.56,3040614.36,150692847.6816,2003401.44,99088235.2224,415,2017,196,49.52028161846757
2017-10-09,2017-10-06,Prod. Sold Swine or Pork Market Formula,217594,57.74,212.31,57.74000000000001,46197382.14,2667436844.7636003,29893355.36,1693757514.6976,421,2017,197,57.31570625742983
2017-10-09,2017-10-06,Prod. Sold Negotiated,30346,49.05,211.67,49.05,6423337.82,315064720.071,3040614.36,150692847.6816,421,2017,197,49.213854729409675
2017-10-10,2017-10-09,Prod. Sold Swine or Pork Market Formula,139400,58.24,209.5,58.24,29204300.0,1700858432.0,46197382.14,2667436844.7636003,422,2017,198,57.93365814641759
2017-10-10,2017-10-09,Prod. Sold Negotiated,11816,52.55,197.45,52.55,2333069.2,122602786.45999998,6423337.82,315064720.071,422,2017,198,49.9825448418911
2017-10-11,2017-10-10,Prod. Sold Negotiated,9185,54.02,194.01,54.02,1781981.85,96262659.537,2333069.2,122602786.45999998,423,2017,199,53.18656885119322
2017-10-11,2017-10-10,Prod. Sold Swine or Pork Market Formula,141885,59.12,209.36,59.12,29705043.6,1756162177.632,29204300.0,1700858432.0,423,2017,199,58.68374010590741
2017-10-12,2017-10-11,Prod. Sold Negotiated,10204,54.17,201.87,54.17,2059881.48,111583779.7716,1781981.85,96262659.537,424,2017,200,54.10042509466364
2017-10-12,2017-10-11,Prod. Sold Swine or Pork Market Formula,146391,59.74,210.15,59.74,30764068.65,1837845461.1510005,29705043.6,1756162177.632,424,2017,200,59.43542918116844
2017-10-13,2017-10-12,Prod. Sold Negotiated,13751,54.05,201.79,54.05,2774814.29,149978712.3745,2059881.48,111583779.7716,425,2017,201,54.1011274730323
2017-10-13,2017-10-12,Prod. Sold Swine or Pork Market Formula,145510,60.12,211.38,60.11999999999999,30757903.8,1849165176.456,30764068.65,1837845461.1510005,425,2017,201,59.92998096092416
2017-10-16,2017-10-13,Prod. Sold Negotiated,20087,53.21,206.81,53.21,4154192.47,221044581.3287,2774814.29,149978712.3745,431,2017,202,53.5463893389534
2017-10-16,2017-10-13,Prod. Sold Swine or Pork Market Formula,209630,61.37,212.45,61.37,44535893.5,2733167784.095,30757903.8,1849165176.456,431,2017,202,60.859368565158015
2017-10-17,2017-10-16,Prod. Sold Negotiated,10235,57.1,197.99,57.1,2026427.65,115709018.815,4154192.47,221044581.3287,432,2017,203,54.485406578215645
2017-10-17,2017-10-16,Prod. Sold Swine or Pork Market Formula,137535,61.83,209.79,61.82999999999999,28853467.65,1784009904.7994998,44535893.5,2733167784.095,432,2017,203,61.55085175986029
2017-10-18,2017-10-17,Prod. Sold Negotiated,7000,58.73,194.4,58.73,1360800.0,79919784.0,2026427.65,115709018.815,433,2017,204,57.75484349715909
2017-10-18,2017-10-17,Prod. Sold Swine or Pork Market Formula,139495,63.1,209.63,63.1,29242336.85,1845191455.235,28853467.65,1784009904.7994998,433,2017,204,62.46925042641418
2017-10-19,2017-10-18,Prod. Sold Swine or Pork Market Formula,145439,64.06,210.7,64.06,30643997.3,1963054467.038,29242336.85,1845191455.235,434,2017,205,63.59123456670958
2017-10-19,2017-10-18,Prod. Sold Negotiated,9587,58.76,201.5,58.76,1931780.5,113511422.18,1360800.0,79919784.0,434,2017,205,58.74760121430592
2017-10-20,2017-10-19,Prod. Sold Negotiated,10419,59.48,201.44,59.48,2098803.36,124836823.85279998,1931780.5,113511422.18,435,2017,206,59.13491799493286
2017-10-20,2017-10-19,Prod. Sold Swine or Pork Market Formula,142307,65.05,212.1,65.05,30183314.7,1963424621.235,30643997.3,1963054467.038,435,2017,206,64.55125106092144
2017-10-23,2017-10-20,Prod. Sold Negotiated,19238,57.98,208.86,57.98,4018048.68,232966462.4664,2098803.36,124836823.85279998,441,2017,207,58.494677324122414
2017-10-23,2017-10-20,Prod. Sold Swine or Pork Market Formula,199219,66.33,212.14,66.33,42262318.66,2803259596.7178,30183314.7,1963424621.235,441,2017,207,65.7967084677966
2017-10-24,2017-10-23,Prod. Sold Negotiated,12483,63.43,201.19,63.43,2511454.77,159301576.0611,4018048.68,232966462.4664,442,2017,208,60.076243397574125
2017-10-24,2017-10-23,Prod. Sold Swine or Pork Market Formula,134622,67.13,211.65,67.13,28492746.3,1912718059.119,42262318.66,2803259596.7178,442,2017,208,66.65215640043418
2017-10-25,2017-10-24,Prod. Sold Negotiated,9390,64.94,199.65,64.94,1874713.5,121743894.69,2511454.77,159301576.0611,443,2017,209,64.07539643961266
2017-10-25,2017-10-24,Prod. Sold Swine or Pork Market Formula,136674,68.01,211.04,68.01,28843680.96,1961658742.0896,28492746.3,1912718059.119,443,2017,209,67.57269307415511
2017-10-26,2017-10-25,Prod. Sold Negotiated,11525,64.62,203.09,64.62,2340612.25,151250363.595,1874713.5,121743894.69,444,2017,210,64.76231600487814
2017-10-26,2017-10-25,Prod. Sold Swine or Pork Market Formula,146074,69.01,212.04,69.01,30973530.96,2137483371.5496,28843680.96,1961658742.0896,444,2017,210,68.52780298622785
2017-10-27,2017-10-26,Prod. Sold Negotiated,10778,65.79,201.88,65.79,2175862.64,143150003.08560002,2340612.25,151250363.595,445,2017,211,65.18366067581525
2017-10-27,2017-10-26,Prod. Sold Swine or Pork Market Formula,137469,69.44,212.31,69.44,29186043.39,2026678853.0016,30973530.96,2137483371.5496,445,2017,211,69.21861182601936
2017-10-30,2017-10-27,Prod. Sold Negotiated,17596,64.83,204.76,64.83,3602956.96,233579699.7168,2175862.64,143150003.08560002,451,2017,212,65.19146276904024
2017-10-30,2017-10-27,Prod. Sold Swine or Pork Market Formula,202923,69.39,213.65,69.39,43354498.95,3008368682.1405,29186043.39,2026678853.0016,451,2017,212,69.41011705623401
2017-10-31,2017-10-30,Prod. Sold Negotiated,12088,66.55,203.49,66.55,2459787.12,163698832.836,3602956.96,233579699.7168,452,2017,213,65.52784140491049
2017-10-31,2017-10-30,Prod. Sold Swine or Pork Market Formula,130446,69.39,211.15,69.39,27543672.9,1911255462.531,43354498.95,3008368682.1405,452,2017,213,69.39
2017-11-01,2017-10-31,Prod. Sold Negotiated,8638,67.94,199.65,67.94,1724576.7,117167740.998,2459787.12,163698832.836,453,2017,214,67.12288556065376
2017-11-01,2017-10-31,Prod. Sold Swine or Pork Market Formula,147347,69.52,211.58,69.52,31175678.26,2167333152.6352,27543672.9,1911255462.531,453,2017,214,69.45902048632583
2017-11-02,2017-11-01,Prod. Sold Negotiated,10613,66.86,203.13,66.86,2155818.69,144138037.61339998,1724576.7,117167740.998,454,2017,215,67.33998790040826
2017-11-02,2017-11-01,Prod. Sold Swine or Pork Market Formula,144962,69.58,212.09,69.58,30744990.58,2139236444.5564,31175678.26,2167333152.6352,454,2017,215,69.54979133574228
2017-11-03,2017-11-02,Prod. Sold Negotiated,10314,66.9,203.65,66.9,2100446.1,140519844.09,2155818.69,144138037.61339998,455,2017,216,66.87973980664864
2017-11-03,2017-11-02,Prod. Sold Swine or Pork Market Formula,144046,69.31,212.9,69.31,30667393.4,2125557036.554,30744990.58,2139236444.5564,455,2017,216,69.44517057828764
2017-11-06,2017-11-03,Prod. Sold Negotiated,18658,65.85,206.32,65.85,3849518.56,253490797.176,2100446.1,140519844.09,461,2017,217,66.22066916041145
2017-11-06,2017-11-03,Prod. Sold Swine or Pork Market Formula,191900,69.08,213.89,69.08,41045491.0,2835422518.28,30667393.4,2125557036.554,461,2017,217,69.17835750633954
2017-11-07,2017-11-06,Prod. Sold Negotiated,10048,65.34,204.57,65.34,2055519.36,134307634.9824,3849518.56,253490797.176,462,2017,218,65.67247110216694
2017-11-07,2017-11-06,Prod. Sold Swine or Pork Market Formula,132099,68.67,212.75,68.67,28104062.25,1929905954.7075,41045491.0,2835422518.28,462,2017,218,68.91336601639577
2017-11-08,2017-11-07,Prod. Sold Negotiated,8895,65.33,201.03,65.33,1788161.85,116820613.6605,2055519.36,134307634.9824,463,2017,219,65.33534778835106
2017-11-08,2017-11-07,Prod. Sold Swine or Pork Market Formula,134733,68.44,212.34,68.44,28609205.22,1958014005.2568,28104062.25,1929905954.7075,463,2017,219,68.55397569926507
2017-11-09,2017-11-08,Prod. Sold Swine or Pork Market Formula,153847,67.9,213.44,67.9,32837103.68,2229639339.872,28609205.22,1958014005.2568,464,2017,220,68.15142227572925
2017-11-09,2017-11-08,Prod. Sold Negotiated,11507,64.44,202.3,64.44,2327866.1,150007691.484,1788161.85,116820613.6605,464,2017,220,64.82665044694363
2017-11-10,2017-11-09,Prod. Sold Swine or Pork Market Formula,140599,67.47,214.13,67.47,30106463.87,2031283117.3089,32837103.68,2229639339.872,465,2017,221,67.69432720501875
2017-11-10,2017-11-09,Prod. Sold Negotiated,11014,64.32,199.48,64.32,2197072.72,141315717.35039997,2327866.1,150007691.484,465,2017,221,64.38173430031037
2017-11-13,2017-11-10,Prod. Sold Swine or Pork Market Formula,194854,67.02,214.72,67.02,41839050.88,2804053189.9776,30106463.87,2031283117.3089,471,2017,222,67.2083078992287
2017-11-13,2017-11-10,Prod. Sold Negotiated,18500,64.56,209.54,64.56,3876490.0,250266194.4,2197072.72,141315717.35039997,471,2017,222,64.47318152506047
2017-11-14,2017-11-13,Prod. Sold Negotiated,10718,62.05,199.03,62.05,2133203.54,132365279.657,3876490.0,250266194.4,472,2017,223,63.66904926353366
2017-11-14,2017-11-13,Prod. Sold Swine or Pork Market Formula,141549,66.8,212.64,66.8,30098979.36,2010611821.248,41839050.88,2804053189.9776,472,2017,223,66.92795167122162
2017-11-15,2017-11-14,Prod. Sold Swine or Pork Market Formula,146093,66.46,212.77,66.46,31084207.610000003,2065856437.7606,30098979.36,2010611821.248,473,2017,224,66.62726250280846
2017-11-15,2017-11-14,Prod. Sold Negotiated,7978,62.38,196.08,62.38,1564326.24,97582670.8512,2133203.54,132365279.657,473,2017,224,62.1896141991857
2017-11-16,2017-11-15,Prod. Sold Swine or Pork Market Formula,143919,66.02,213.18,66.02,30680652.42,2025536672.7684,31084207.610000003,2065856437.7606,474,2017,225,66.24143742156555
2017-11-16,2017-11-15,Prod. Sold Negotiated,11608,61.17,203.24,61.17,2359209.92,144312870.8064,1564326.24,97582670.8512,474,2017,225,61.65243081577716
2017-11-17,2017-11-16,Prod. Sold Swine or Pork Market Formula,141973,65.4,215.27,65.4,30562527.71,1998789312.234,30680652.42,2025536672.7684,475,2017,226,65.71059792225064
2017-11-17,2017-11-16,Prod. Sold Negotiated,8990,61.24,199.28,61.24,1791527.2,109713125.728,2359209.92,144312870.8064,475,2017,226,61.20021316464387
2017-11-20,2017-11-17,Prod. Sold Swine or Pork Market Formula,190088,64.82,214.97,64.82,40863217.36,2648753749.2752,30562527.71,1998789312.234,481,2017,227,65.06817754514745
2017-11-20,2017-11-17,Prod. Sold Negotiated,14216,61.2,206.72,61.2,2938731.52,179850369.02400002,1791527.2,109713125.728,481,2017,227,61.21514950708659
2017-11-21,2017-11-20,Prod. Sold Swine or Pork Market Formula,137001,64.49,212.76,64.49,29148332.76,1879775979.6924,40863217.36,2648753749.2752,482,2017,228,64.68260910100814
2017-11-21,2017-11-20,Prod. Sold Negotiated,10034,59.44,198.18,59.44,1988538.12,118198705.8528,2938731.52,179850369.02400002,482,2017,228,60.489702543821
2017-11-22,2017-11-21,Prod. Sold Negotiated,10441,59.42,199.66,59.42,2084650.06,123869906.5652,1988538.12,118198705.8528,483,2017,229,59.42976403756528
2017-11-22,2017-11-21,Prod. Sold Swine or Pork Market Formula,137962,64.11,213.15,64.11,29406600.3,1885257145.233,29148332.76,1879775979.6924,483,2017,229,64.2991619692819
2017-11-24,2017-11-22,Prod. Sold Swine or Pork Market Formula,145633,63.8,214.77,63.79999999999999,31277599.41,1995510842.358,29406600.3,1885257145.233,485,2017,230,63.950221081213286
2017-11-24,2017-11-22,Prod. Sold Negotiated,9098,58.86,202.64,58.86,1843618.72,108515397.8592,2084650.06,123869906.5652,485,2017,230,59.15718028449163
2017-11-27,2017-11-24,Prod. Sold Swine or Pork Market Formula,243747,63.21,217.7,63.21,53063721.9,3354157861.299,31277599.41,1995510842.358,491,2017,231,63.4287988445672
2017-11-27,2017-11-24,Prod. Sold Negotiated,21080,58.19,211.71,58.19,4462846.8,259693055.292,1843618.72,108515397.8592,491,2017,231,58.38586637530684
2017-11-28,2017-11-27,Prod. Sold Swine or Pork Market Formula,134859,63.36,214.65,63.36,28947484.35,1834112608.416,53063721.9,3354157861.299,492,2017,232,63.262945479661205
2017-11-28,2017-11-27,Prod. Sold Negotiated,9773,58.1,198.67,58.1,1941601.91,112807070.971,4462846.8,259693055.292,492,2017,232,58.1627151891111
2017-11-29,2017-11-28,Prod. Sold Swine or Pork Market Formula,140273,63.07,215.39,63.07,30213401.47,1905559230.7129,28947484.35,1834112608.416,493,2017,233,63.21189730841829
2017-11-29,2017-11-28,Prod. Sold Negotiated,6659,58.73,197.96,58.73,1318215.64,77418804.5372,1941601.91,112807070.971,493,2017,233,58.35476145227821
2017-11-30,2017-11-29,Prod. Sold Swine or Pork Market Formula,145232,63.35,214.69,63.35,31179858.08,1975244009.368,30213401.47,1905559230.7129,494,2017,234,63.2122038889349
2017-11-30,2017-11-29,Prod. Sold Negotiated,7619,57.98,206.01,57.98,1569590.19,91004839.2162,1318215.64,77418804.5372,494,2017,234,58.32235741189012
2017-12-01,2017-11-30,Prod. Sold Swine or Pork Market Formula,140420,63.85,216.43,63.85,30391100.6,1940471773.31,31179858.08,1975244009.368,495,2017,235,63.59679736398089
2017-12-01,2017-11-30,Prod. Sold Negotiated,12373,58.38,208.12,58.38,2575068.76,150332514.20880002,1569590.19,91004839.2162,495,2017,235,58.22851924281973
2017-12-04,2017-12-01,Prod. Sold Swine or Pork Market Formula,241995,64.78,217.32,64.78,52590353.4,3406803093.252,30391100.6,1940471773.31,501,2017,236,64.43939710386371
2017-12-04,2017-12-01,Prod. Sold Negotiated,22092,57.81,214.44,57.81,4737408.48,273869584.2288,2575068.76,150332514.20880002,501,2017,236,58.010723933220746
2017-12-05,2017-12-04,Prod. Sold Negotiated,12356,59.86,206.16,59.86000000000001,2547312.96,152482153.7856,4737408.48,273869584.2288,502,2017,237,58.52684162682273
2017-12-05,2017-12-04,Prod. Sold Swine or Pork Market Formula,134488,65.03,215.13,65.03,28932403.44,1881474195.7032,52590353.4,3406803093.252,502,2017,237,64.8687249295825
2017-12-06,2017-12-05,Prod. Sold Swine or Pork Market Formula,137706,65.44,214.7,65.44,29565478.2,1934764893.408,28932403.44,1881474195.7032,503,2017,238,65.23721854744413
2017-12-06,2017-12-05,Prod. Sold Negotiated,9072,59.62,205.01,59.62,1859850.72,110884299.9264,2547312.96,152482153.7856,503,2017,238,59.75871849443087
2017-12-07,2017-12-06,Prod. Sold Negotiated,9142,59.58,204.39,59.58,1868533.38,111327218.7804,1859850.72,110884299.9264,504,2017,239,59.599953424004795
2017-12-07,2017-12-06,Prod. Sold Swine or Pork Market Formula,133713,65.9,215.01,65.9,28749632.13,1894600757.367,29565478.2,1934764893.408,504,2017,239,65.66678223028238
2017-12-08,2017-12-07,Prod. Sold Negotiated,10736,60.19,206.48,60.19,2216769.28,133427342.9632,1868533.38,111327218.7804,505,2017,240,59.910998550986186
2017-12-08,2017-12-07,Prod. Sold Swine or Pork Market Formula,143041,65.82,215.07,65.82,30763827.87,2024875150.4034,28749632.13,1894600757.367,505,2017,240,65.85864622507917
2017-12-11,2017-12-08,Prod. Sold Swine or Pork Market Formula,220260,65.55,217.66,65.55,47941791.6,3142584439.38,30763827.87,2024875150.4034,511,2017,241,65.65553545707198
2017-12-11,2017-12-08,Prod. Sold Negotiated,18801,59.06,215.18,59.06,4045599.18,238933087.5708,2216769.28,133427342.9632,511,2017,241,59.46000030378283
2017-12-12,2017-12-11,Prod. Sold Swine or Pork Market Formula,130216,65.34,214.46,65.34,27926123.36,1824692900.3424,47941791.6,3142584439.38,512,2017,242,65.47270136975965
2017-12-12,2017-12-11,Prod. Sold Negotiated,12115,60.13,207.44,60.13000000000001,2513135.6,151114843.62800002,4045599.18,238933087.5708,512,2017,242,59.4699960102366
2017-12-13,2017-12-12,Prod. Sold Negotiated,9212,60.93,200.22,60.93000000000001,1844426.64,112380915.1752,2513135.6,151114843.62800002,513,2017,243,60.46861623328184
2017-12-13,2017-12-12,Prod. Sold Swine or Pork Market Formula,139899,65.06,214.06,65.06,29946779.94,1948337502.8964,27926123.36,1824692900.3424,513,2017,243,65.1951118415516
2017-12-14,2017-12-13,Prod. Sold Negotiated,9384,60.31,201.59,60.31000000000001,1891720.56,114089666.97360002,1844426.64,112380915.1752,514,2017,244,60.61607587324183
2017-12-14,2017-12-13,Prod. Sold Swine or Pork Market Formula,143535,64.73,214.2,64.73,30745197.0,1990136601.81,29946779.94,1948337502.8964,514,2017,244,64.89282938665798
2017-12-15,2017-12-14,Prod. Sold Negotiated,8578,59.96,206.69,59.96,1772986.82,106308289.7272,1891720.56,114089666.97360002,515,2017,245,60.140669867289645
2017-12-15,2017-12-14,Prod. Sold Swine or Pork Market Formula,148130,63.96,215.2,63.96,31877576.0,2038889760.96,30745197.0,1990136601.81,515,2017,245,64.33803822085618
2017-12-18,2017-12-15,Prod. Sold Swine or Pork Market Formula,221385,63.21,215.59,63.21,47728392.15,3016911667.8015,31877576.0,2038889760.96,521,2017,246,63.510331527341634
2017-12-18,2017-12-15,Prod. Sold Negotiated,24793,59.2,211.71,59.2,5248926.03,310736420.976,1772986.82,106308289.7272,521,2017,246,59.39189500239952
2017-12-19,2017-12-18,Prod. Sold Negotiated,8865,58.8,204.74,58.8,1815020.1,106723181.88,5248926.03,310736420.976,522,2017,247,59.097223446125
2017-12-19,2017-12-18,Prod. Sold Swine or Pork Market Formula,130799,62.76,213.86,62.760000000000005,27972674.14,1755565029.0264,47728392.15,3016911667.8015,522,2017,247,63.0437182819225
2017-12-20,2017-12-19,Prod. Sold Negotiated,8435,59.69,198.73,59.69,1676287.5499999998,100057603.8595,1815020.1,106723181.88,523,2017,248,59.22731723155363
2017-12-20,2017-12-19,Prod. Sold Swine or Pork Market Formula,136455,62.4,213.55,62.4,29139965.25,1818333831.6,27972674.14,1755565029.0264,523,2017,248,62.57632108755533
2017-12-21,2017-12-20,Prod. Sold Negotiated,9964,58.15,202.77,58.15,2020400.28,117486276.282,1676287.5499999998,100057603.8595,524,2017,249,58.84832318705688
2017-12-21,2017-12-20,Prod. Sold Swine or Pork Market Formula,138524,62.0,214.05,62.0,29651062.200000003,1838365856.4,29139965.25,1818333831.6,524,2017,249,62.198261309685606
2017-12-22,2017-12-21,Prod. Sold Negotiated,9772,58.47,204.56,58.47,1998960.32,116879209.9104,2020400.28,117486276.282,525,2017,250,58.30914653251067
2017-12-22,2017-12-21,Prod. Sold Swine or Pork Market Formula,140253,61.98,216.13,61.97999999999999,30312880.89,1878792357.5622,29651062.200000003,1838365856.4,525,2017,250,61.98988963055865
2017-12-26,2017-12-22,Prod. Sold Negotiated,12747,57.22,208.18,57.22,2653670.46,151843023.7212,1998960.32,116879209.9104,532,2017,251,57.75705108317235
2017-12-26,2017-12-22,Prod. Sold Swine or Pork Market Formula,171157,61.82,215.4,61.82,36867217.8,2279131404.3960004,30312880.89,1878792357.5622,532,2017,251,61.892194906482366
2017-12-27,2017-12-26,Prod. Sold Swine or Pork Market Formula,101882,62.17,213.58,62.17,21759957.56,1352816561.5052,36867217.8,2279131404.3960004,533,2017,252,61.949905374073275
2017-12-27,2017-12-26,Prod. Sold Negotiated,9874,56.68,201.48,56.68,1989413.52,112759958.3136,2653670.46,151843023.7212,533,2017,252,56.98862720867694
2017-12-28,2017-12-27,Prod. Sold Negotiated,10051,57.7,202.0,57.7,2030302.0,117148425.4,1989413.52,112759958.3136,534,2017,253,57.19518771159209
2017-12-28,2017-12-27,Prod. Sold Swine or Pork Market Formula,133724,61.75,214.76,61.75,28718566.24,1773371465.32,21759957.56,1352816561.5052,534,2017,253,61.93105090020878
2017-12-29,2017-12-28,Prod. Sold Negotiated,9273,57.61,205.16,57.61,1902448.68,109600068.4548,2030302.0,117148425.4,535,2017,254,57.656462945370336
2017-12-29,2017-12-28,Prod. Sold Swine or Pork Market Formula,139963,62.23,216.1,62.23,30246004.3,1882208847.589,28718566.24,1773371465.32,535,2017,254,61.99621704069144
2018-01-02,2017-12-29,Prod. Sold Negotiated,17495,56.71,208.59,56.71,3649282.05,206950785.05550003,1902448.68,109600068.4548,12,2018,1,57.01840901608353
2018-01-02,2017-12-29,Prod. Sold Swine or Pork Market Formula,251170,62.77,215.97,62.77,54245184.9,3404970256.173,30246004.3,1882208847.589,12,2018,1,62.576691768968495
2018-01-03,2018-01-02,Prod. Sold Negotiated,8460,59.87,197.14,59.87,1667804.4,99851449.428,3649282.05,206950785.05550003,13,2018,2,57.70119357068193
2018-01-03,2018-01-02,Prod. Sold Swine or Pork Market Formula,123842,63.71,215.28,63.71,26660705.76,1698553563.9696002,54245184.9,3404970256.173,13,2018,2,63.07975573236956
2018-01-04,2018-01-03,Prod. Sold Swine or Pork Market Formula,123252,64.2,215.19,64.2,26522597.88,1702750783.896,26660705.76,1698553563.9696002,14,2018,3,63.9543637771954
2018-01-04,2018-01-03,Prod. Sold Negotiated,9716,58.25,209.39,58.25,2034433.24,118505736.23,1667804.4,99851449.428,14,2018,3,58.97978652121316
2018-01-05,2018-01-04,Prod. Sold Swine or Pork Market Formula,126470,65.08,216.9,65.08,27431343.0,1785231802.44,26522597.88,1702750783.896,15,2018,4,64.6474109109785
2018-01-05,2018-01-04,Prod. Sold Negotiated,10296,59.05,206.34,59.05,2124476.64,125450345.592,2034433.24,118505736.23,15,2018,4,58.65866028864276
2018-01-08,2018-01-05,Prod. Sold Negotiated,14885,59.58,211.76,59.57999999999999,3152047.6,187798996.008,2124476.64,125450345.592,21,2018,5,59.366607136064246
2018-01-08,2018-01-05,Prod. Sold Swine or Pork Market Formula,247382,66.57,215.87,66.57,53402352.34,3554994595.2738,27431343.0,1785231802.44,21,2018,5,66.06436060175051
2018-01-09,2018-01-08,Prod. Sold Negotiated,11527,62.89,206.69,62.89,2382515.63,149836407.9707,3152047.6,187798996.008,22,2018,6,61.004886916559805
2018-01-09,2018-01-08,Prod. Sold Swine or Pork Market Formula,122778,67.08,215.07,67.08,26405864.46,1771305387.9768,53402352.34,3554994595.2738,22,2018,6,66.73874190922405
2018-01-10,2018-01-09,Prod. Sold Negotiated,10131,65.29,202.55,65.29,2052034.05,133977303.12450002,2382515.63,149836407.9707,23,2018,7,64.0005708753724
2018-01-10,2018-01-09,Prod. Sold Swine or Pork Market Formula,137416,67.95,215.35,67.95,29592535.6,2010812794.02,26405864.46,1771305387.9768,23,2018,7,67.53975431341635
2018-01-11,2018-01-10,Prod. Sold Negotiated,7931,64.67,206.26,64.67,1635848.0599999998,105790294.0402,2052034.05,133977303.12450002,24,2018,8,65.01498421398834
2018-01-11,2018-01-10,Prod. Sold Swine or Pork Market Formula,140799,69.37,215.67,69.37,30366120.33,2106497767.2921,29592535.6,2010812794.02,24,2018,8,68.66916039810735
2018-01-12,2018-01-11,Prod. Sold Swine or Pork Market Formula,127077,70.75,215.32,70.75,27362219.64,1935877039.53,30366120.33,2106497767.2921,25,2018,9,70.02409577207352
2018-01-12,2018-01-11,Prod. Sold Negotiated,8522,67.22,200.94,67.22,1712410.68,115108245.9096,1635848.0599999998,105790294.0402,25,2018,9,65.97415465860921
2018-01-15,2018-01-12,Prod. Sold Negotiated,12502,67.37,206.83,67.37,2585788.66,174204582.02420002,1712410.68,115108245.9096,31,2018,10,67.31023971861667
2018-01-15,2018-01-12,Prod. Sold Swine or Pork Market Formula,188410,71.82,217.13,71.82,40909463.3,2938117654.2059994,27362219.64,1935877039.53,31,2018,10,71.39116078359265
2018-01-16,2018-01-15,Prod. Sold Swine or Pork Market Formula,107079,72.77,214.52,72.77,22970587.08,1671569621.8116,40909463.3,2938117654.2059994,32,2018,11,72.16160990162324
2018-01-16,2018-01-15,Prod. Sold Negotiated,8789,69.8,201.34,69.8,1769577.26,123516492.748,2585788.66,174204582.02420002,32,2018,11,68.35730458491534
2018-01-17,2018-01-16,Prod. Sold Negotiated,8752,71.06,203.18,71.06,1778231.36,126361120.4416,1769577.26,123516492.748,33,2018,12,70.43153674664671
2018-01-17,2018-01-16,Prod. Sold Swine or Pork Market Formula,129842,73.5,214.18,73.5,27809559.56,2044002627.66,22970587.08,1671569621.8116,33,2018,12,73.16978180100033
2018-01-18,2018-01-17,Prod. Sold Negotiated,10544,70.62,206.31,70.62,2175332.64,153621991.03680003,1778231.36,126361120.4416,34,2018,13,70.8179029044174
2018-01-18,2018-01-17,Prod. Sold Swine or Pork Market Formula,128830,73.99,214.95,73.99,27692008.5,2048931708.915,27809559.56,2044002627.66,34,2018,13,73.74448109556707
2018-01-19,2018-01-18,Prod. Sold Negotiated,12871,70.63,204.22,70.63,2628515.62,185652058.2406,2175332.64,153621991.03680003,35,2018,14,70.62547168744253
2018-01-19,2018-01-18,Prod. Sold Swine or Pork Market Formula,124167,73.89,216.3,73.89,26857322.1,1984487529.969,27692008.5,2048931708.915,35,2018,14,73.94076507483301
2018-01-22,2018-01-19,Prod. Sold Negotiated,13098,70.75,208.71,70.75,2733683.58,193408113.285,2628515.62,185652058.2406,41,2018,15,70.69117677045641
2018-01-22,2018-01-19,Prod. Sold Swine or Pork Market Formula,177450,73.43,216.79,73.43,38469385.5,2824806977.2650003,26857322.1,1984487529.969,41,2018,15,73.61911665105866
2018-01-23,2018-01-22,Prod. Sold Negotiated,4901,72.93,190.17,72.93,932023.17,67972449.7881,2733683.58,193408113.285,42,2018,16,71.30427524599452
2018-01-23,2018-01-22,Prod. Sold Swine or Pork Market Formula,83837,73.73,215.33,73.73,18052621.21,1331019761.8133,38469385.5,2824806977.2650003,42,2018,16,73.52581730512131
2018-01-24,2018-01-23,Prod. Sold Negotiated,9042,72.8,200.32,72.8,1811293.44,131862162.432,932023.17,67972449.7881,43,2018,17,72.8441666162988
2018-01-24,2018-01-23,Prod. Sold Swine or Pork Market Formula,134909,73.93,213.66,73.93,28824656.94,2131006887.5742004,18052621.21,1331019761.8133,43,2018,17,73.85297922608801
2018-01-25,2018-01-24,Prod. Sold Negotiated,10004,71.11,204.32,71.11,2044017.28,145350068.7808,1811293.44,131862162.432,44,2018,18,71.90399201151808
2018-01-25,2018-01-24,Prod. Sold Swine or Pork Market Formula,135891,73.86,215.7,73.86,29311688.7,2164961327.382,28824656.94,2131006887.5742004,44,2018,18,73.8947067907965
2018-01-26,2018-01-25,Prod. Sold Swine or Pork Market Formula,139230,73.99,216.35,73.99,30122410.5,2228757152.895,29311688.7,2164961327.382,45,2018,19,73.92588664449717
2018-01-26,2018-01-25,Prod. Sold Negotiated,8867,71.56,202.39,71.56,1794592.13,128421012.8228,2044017.28,145350068.7808,45,2018,19,71.32037995071762
2018-01-29,2018-01-26,Prod. Sold Negotiated,14280,70.79,207.97,70.79,2969811.6,210232963.16400003,1794592.13,128421012.8228,51,2018,20,71.08003334276627
2018-01-29,2018-01-26,Prod. Sold Swine or Pork Market Formula,188538,74.03,215.96,74.03,40716666.48,3014254819.5144005,30122410.5,2228757152.895,51,2018,20,74.01299107679877
2018-01-30,2018-01-29,Prod. Sold Negotiated,9065,70.56,204.33,70.56,1852251.45,130694862.31200002,2969811.6,210232963.16400003,52,2018,21,70.70165237179967
2018-01-30,2018-01-29,Prod. Sold Swine or Pork Market Formula,133943,74.1,214.51,74.1,28732112.93,2129049568.113,40716666.48,3014254819.5144005,52,2018,21,74.05896016203867
2018-01-31,2018-01-30,Prod. Sold Negotiated,10481,70.05,209.93,70.05,2200276.33,154129356.9165,1852251.45,130694862.31200002,53,2018,22,70.28310099048846
2018-01-31,2018-01-30,Prod. Sold Swine or Pork Market Formula,136071,74.09,213.68,74.09,29075651.28,2154215003.3352003,28732112.93,2129049568.113,53,2018,22,74.09497028614109
2018-02-01,2018-01-31,Prod. Sold Negotiated,9170,71.26,204.0,71.26,1870680.0,133304656.8,2200276.33,154129356.9165,54,2018,23,70.60601746039856
2018-02-01,2018-01-31,Prod. Sold Swine or Pork Market Formula,139898,74.1,215.21,74.1,30107448.58,2230961939.778,29075651.28,2154215003.3352003,54,2018,23,74.0950871699271
2018-02-02,2018-02-01,Prod. Sold Negotiated,9212,71.76,201.05,71.76,1852072.6,132904729.77600002,1870680.0,133304656.8,55,2018,24,71.50875042730479
2018-02-02,2018-02-01,Prod. Sold Swine or Pork Market Formula,139003,74.42,216.35,74.42,30073299.05,2238054915.301,30107448.58,2230961939.778,55,2018,24,74.2599092080937
2018-02-05,2018-02-02,Prod. Sold Swine or Pork Market Formula,164679,74.84,216.48,74.84,35649709.92,2668024290.4128003,30073299.05,2238054915.301,61,2018,25,74.64781790427817
2018-02-05,2018-02-02,Prod. Sold Negotiated,12017,71.96,206.84,71.96,2485596.2800000003,178863508.3088,1852072.6,132904729.77600002,61,2018,25,71.87460516460628
2018-02-06,2018-02-05,Prod. Sold Swine or Pork Market Formula,122542,75.34,214.8,75.34,26322021.6,1983101107.344,35649709.92,2668024290.4128003,62,2018,26,75.05237119695055
2018-02-06,2018-02-05,Prod. Sold Negotiated,9627,71.81,204.1,71.81,1964870.7,141097364.967,2485596.2800000003,178863508.3088,62,2018,26,71.8937753529406
2018-02-07,2018-02-06,Prod. Sold Swine or Pork Market Formula,129032,75.8,213.01,75.8,27485106.32,2083371059.056,26322021.6,1983101107.344,63,2018,27,75.57497163658313
2018-02-07,2018-02-06,Prod. Sold Negotiated,8676,73.4,202.32,73.4,1755328.3199999998,128841098.688,1964870.7,141097364.967,63,2018,27,72.56022116123238
2018-02-08,2018-02-07,Prod. Sold Negotiated,9141,73.54,201.79,73.54,1844562.39,135649118.1606,1755328.3199999998,128841098.688,64,2018,28,73.47173515959322
2018-02-08,2018-02-07,Prod. Sold Swine or Pork Market Formula,141804,75.74,215.18,75.74,30513384.720000003,2311083758.6928,27485106.32,2083371059.056,64,2018,28,75.76843360835133
2018-02-09,2018-02-08,Prod. Sold Negotiated,10982,72.72,204.58,72.72,2246697.56,163379846.5632,1844562.39,135649118.1606,65,2018,29,73.08970057593137
2018-02-09,2018-02-08,Prod. Sold Swine or Pork Market Formula,142416,75.33,216.24,75.33,30796035.84,2319865379.8272,30513384.720000003,2311083758.6928,65,2018,29,75.53405490087705
2018-02-12,2018-02-09,Prod. Sold Negotiated,12480,71.63,209.85,71.63,2618928.0,187593812.64,2246697.56,163379846.5632,71,2018,30,72.13330637041457
2018-02-12,2018-02-09,Prod. Sold Swine or Pork Market Formula,157189,74.54,215.5,74.54,33874229.5,2524985066.9300003,30796035.84,2319865379.8272,71,2018,30,74.91619867779562
2018-02-13,2018-02-12,Prod. Sold Swine or Pork Market Formula,129701,74.38,214.4,74.38,27807894.4,2068351185.472,33874229.5,2524985066.9300003,72,2018,31,74.46786786798694
2018-02-13,2018-02-12,Prod. Sold Negotiated,7441,71.91,204.58,71.91,1522279.78,109467138.9798,2618928.0,187593812.64,72,2018,31,71.73292609331473
2018-02-14,2018-02-13,Prod. Sold Negotiated,6538,70.78,204.52,70.78,1337151.76,94643601.5728,1522279.78,109467138.9798,73,2018,32,71.38157976413731
2018-02-14,2018-02-13,Prod. Sold Swine or Pork Market Formula,132880,73.92,213.14,73.92,28322043.2,2093565433.344,27807894.4,2068351185.472,73,2018,32,74.14789320585312
2018-02-15,2018-02-14,Prod. Sold Negotiated,8057,72.42,200.13,72.42,1612447.41,116773441.4322,1337151.76,94643601.5728,74,2018,33,71.67653325756801
2018-02-15,2018-02-14,Prod. Sold Swine or Pork Market Formula,140327,73.26,214.56,73.26,30108561.12,2205753187.6512003,28322043.2,2093565433.344,74,2018,33,73.57991023761501
2018-02-16,2018-02-15,Prod. Sold Swine or Pork Market Formula,144188,72.64,214.52,72.64,30931209.76,2246843076.9664,30108561.12,2205753187.6512003,75,2018,34,72.94582205052996
2018-02-16,2018-02-15,Prod. Sold Negotiated,11308,71.65,201.85,71.65,2282519.8,163542543.67,1612447.41,116773441.4322,75,2018,34,71.96876635636683
2018-02-19,2018-02-16,Prod. Sold Negotiated,8121,70.51,211.56,70.51,1718078.76,121141733.3676,2282519.8,163542543.67,81,2018,35,71.1604208140294
2018-02-19,2018-02-16,Prod. Sold Swine or Pork Market Formula,160167,71.7,216.0,71.7,34596072.0,2480538362.4,30931209.76,2246843076.9664,81,2018,35,72.143713463972
2018-02-20,2018-02-19,Prod. Sold Negotiated,5283,68.13,209.31,68.13,1105784.73,75337113.6549,1718078.76,121141733.3676,82,2018,36,69.57802589193147
2018-02-20,2018-02-19,Prod. Sold Swine or Pork Market Formula,119199,71.22,215.21,71.22,25652816.79,1826993611.7838,34596072.0,2480538362.4,82,2018,36,71.4956252421166
2018-02-21,2018-02-20,Prod. Sold Swine or Pork Market Formula,124077,70.63,214.75,70.63,26645535.75,1881974190.0225,25652816.79,1826993611.7838,83,2018,37,70.919400357201
2018-02-21,2018-02-20,Prod. Sold Negotiated,8421,68.01,195.5,68.01,1646305.5,111965237.055,1105784.73,75337113.6549,83,2018,37,68.05821577655905
2018-02-22,2018-02-21,Prod. Sold Negotiated,8708,67.65,199.65,67.65,1738552.2,117613056.33,1646305.5,111965237.055,84,2018,38,67.82509450397279
2018-02-22,2018-02-21,Prod. Sold Swine or Pork Market Formula,125727,70.02,215.7,70.02,27119313.9,1898894359.278,26645535.75,1881974190.0225,84,2018,38,70.32231232698146
2018-02-23,2018-02-22,Prod. Sold Negotiated,10965,68.14,199.53,68.14,2187846.45,149079857.10300002,1738552.2,117613056.33,85,2018,39,67.92303512864136
2018-02-23,2018-02-22,Prod. Sold Swine or Pork Market Formula,136049,69.81,216.06,69.81,29394746.94,2052047283.8814,27119313.9,1898894359.278,85,2018,39,69.9107723712356
2018-02-26,2018-02-23,Prod. Sold Swine or Pork Market Formula,170180,69.22,217.16,69.22,36956288.8,2558114310.736,29394746.94,2052047283.8814,91,2018,40,69.48138100937202
2018-02-26,2018-02-23,Prod. Sold Negotiated,16394,66.95,208.52,66.95,3418476.8800000004,228867027.11600003,2187846.45,149079857.10300002,91,2018,40,67.41439299381257
2018-02-27,2018-02-26,Prod. Sold Swine or Pork Market Formula,125932,68.83,214.78,68.83,27047674.96,1861691467.4968,36956288.8,2558114310.736,92,2018,41,69.05518843811056
2018-02-27,2018-02-26,Prod. Sold Negotiated,9762,64.9,200.7,64.9,1959233.4,127154247.66,3418476.8800000004,228867027.11600003,92,2018,41,66.2031340922293
2018-02-28,2018-02-27,Prod. Sold Swine or Pork Market Formula,127287,68.73,215.19,68.73,27390889.53,1882575837.3969,27047674.96,1861691467.4968,93,2018,42,68.77968476890122
2018-02-28,2018-02-27,Prod. Sold Negotiated,9818,66.24,196.74,66.24,1931593.32,127948741.5168,1959233.4,127154247.66,93,2018,42,65.56524038078983
2018-03-01,2018-02-28,Prod. Sold Swine or Pork Market Formula,135498,68.31,215.98,68.31,29264858.04,1999082452.7124,27390889.53,1882575837.3969,94,2018,43,68.51305395473577
2018-03-01,2018-02-28,Prod. Sold Negotiated,9908,66.09,196.51,66.09,1947021.08,128678623.1772,1931593.32,127948741.5168,94,2018,43,66.16470167645436
2018-03-02,2018-03-01,Prod. Sold Swine or Pork Market Formula,127555,68.23,215.46,68.23,27483000.3,1875165110.469,29264858.04,1999082452.7124,95,2018,44,68.27125598236982
2018-03-02,2018-03-01,Prod. Sold Negotiated,10560,65.25,204.02,65.25,2154451.2,140577940.8,1947021.08,128678623.1772,95,2018,44,65.6487586884776
2018-03-05,2018-03-02,Prod. Sold Negotiated,16194,64.3,209.01,64.3,3384707.94,217636720.542,2154451.2,140577940.8,101,2018,45,64.66950168577391
2018-03-05,2018-03-02,Prod. Sold Swine or Pork Market Formula,173206,67.74,216.4,67.74,37481778.4,2539015668.8159995,27483000.3,1875165110.469,101,2018,45,67.94729186516878
2018-03-06,2018-03-05,Prod. Sold Negotiated,9721,64.87,197.36,64.87,1918536.56,124455466.64720002,3384707.94,217636720.542,102,2018,46,64.50620694354184
2018-03-06,2018-03-05,Prod. Sold Swine or Pork Market Formula,119324,67.81,215.24,67.81,25683297.76,1741584421.1056,37481778.4,2539015668.8159995,102,2018,46,67.76846241867335
2018-03-07,2018-03-06,Prod. Sold Negotiated,9303,65.55,197.27,65.55,1835202.81,120297544.1955,1918536.56,124455466.64720002,103,2018,47,65.20245193333707
2018-03-07,2018-03-06,Prod. Sold Swine or Pork Market Formula,129741,67.86,215.41,67.86,27947508.81,1896517947.8466,25683297.76,1741584421.1056,103,2018,47,67.83605546196057
2018-03-08,2018-03-07,Prod. Sold Swine or Pork Market Formula,134418,67.81,215.28,67.81,28937507.04,1962252352.3824,27947508.81,1896517947.8466,104,2018,48,67.83456491256301
2018-03-08,2018-03-07,Prod. Sold Negotiated,10429,64.29,201.7,64.29,2103529.3,135235898.697,1835202.81,120297544.1955,104,2018,48,64.87708119161728
2018-03-09,2018-03-08,Prod. Sold Swine or Pork Market Formula,137261,67.63,216.48,67.63,29714261.28,2009575490.3664,28937507.04,1962252352.3824,105,2018,49,67.71880808569627
2018-03-09,2018-03-08,Prod. Sold Negotiated,9076,64.95,203.4,64.95,1846058.4,119901493.08,2103529.3,135235898.697,105,2018,49,64.59848752744496
2018-03-12,2018-03-09,Prod. Sold Negotiated,20532,63.2,210.87,63.2,4329582.84,273629635.488,1846058.4,119901493.08,111,2018,50,63.72312012217859
2018-03-12,2018-03-09,Prod. Sold Swine or Pork Market Formula,168312,67.14,215.96,67.14,36348659.52,2440449000.1728,29714261.28,2009575490.3664,111,2018,50,67.36039576589837
2018-03-13,2018-03-12,Prod. Sold Negotiated,11964,64.21,201.24,64.21,2407635.3600000003,154594266.4656,4329582.84,273629635.488,112,2018,51,63.560937057612286
2018-03-13,2018-03-12,Prod. Sold Swine or Pork Market Formula,129185,66.8,214.66,66.8,27730852.1,1852420920.28,36348659.52,2440449000.1728,112,2018,51,66.99286264711391
2018-03-14,2018-03-13,Prod. Sold Negotiated,9800,63.07,197.43,63.07,1934814.0,122028718.98,2407635.3600000003,154594266.4656,113,2018,52,63.70206363111164
2018-03-14,2018-03-13,Prod. Sold Swine or Pork Market Formula,133691,66.37,213.95,66.37,28603189.45,1898393683.7965,27730852.1,1852420920.28,113,2018,52,66.581670706999
2018-03-15,2018-03-14,Prod. Sold Negotiated,9435,63.63,198.61,63.63,1873885.35,119235324.82050002,1934814.0,122028718.98,114,2018,53,63.34552077482829
2018-03-15,2018-03-14,Prod. Sold Swine or Pork Market Formula,139142,65.84,214.5,65.84,29845959.0,1965057940.56,28603189.45,1898393683.7965,114,2018,53,66.09936546229528
2018-03-16,2018-03-15,Prod. Sold Negotiated,9347,62.48,200.6,62.48,1875008.2,117150512.336,1873885.35,119235324.82050002,115,2018,54,63.05482777885225
2018-03-16,2018-03-15,Prod. Sold Swine or Pork Market Formula,138413,65.51,215.92,65.51,29886134.96,1957840701.2296,29845959.0,1965057940.56,115,2018,54,65.6748890205757
2018-03-19,2018-03-16,Prod. Sold Swine or Pork Market Formula,157927,64.85,216.64,64.85,34213305.28,2218732847.408,29886134.96,1957840701.2296,121,2018,55,65.1577226415667
2018-03-19,2018-03-16,Prod. Sold Negotiated,10890,61.69,207.66,61.69,2261417.4,139506839.406,1875008.2,117150512.336,121,2018,55,62.04810059728864
2018-03-20,2018-03-19,Prod. Sold Negotiated,8539,59.81,201.76,59.81,1722828.64,103042380.9584,2261417.4,139506839.406,122,2018,56,60.87706881786848
2018-03-20,2018-03-19,Prod. Sold Swine or Pork Market Formula,128271,64.09,215.2,64.09,27603919.2,1769135181.528,34213305.28,2218732847.408,122,2018,56,64.51062891421488
2018-03-21,2018-03-20,Prod. Sold Swine or Pork Market Formula,128626,63.59,214.28,63.59,27561979.28,1752666262.4152002,27603919.2,1769135181.528,123,2018,57,63.84019006270701
2018-03-21,2018-03-20,Prod. Sold Negotiated,7538,60.31,193.57,60.31,1459130.66,88000170.1046,1722828.64,103042380.9584,123,2018,57,60.039281791882125
2018-03-22,2018-03-21,Prod. Sold Swine or Pork Market Formula,131493,62.87,215.37,62.87,28319647.41,1780456232.6667,27561979.28,1752666262.4152002,124,2018,58,63.22511895871763
2018-03-22,2018-03-21,Prod. Sold Negotiated,9861,59.52,202.55,59.52,1997345.55,118882007.136,1459130.66,88000170.1046,124,2018,58,59.85349375241324
2018-03-23,2018-03-22,Prod. Sold Swine or Pork Market Formula,131506,62.15,215.97,62.15,28401350.82,1765143953.463,28319647.41,1780456232.6667,125,2018,59,62.50948144023345
2018-03-23,2018-03-22,Prod. Sold Negotiated,8461,59.25,199.54,59.25,1688307.94,100032245.445,1997345.55,118882007.136,125,2018,59,59.39631958754755
2018-03-26,2018-03-23,Prod. Sold Swine or Pork Market Formula,161610,61.13,216.4,61.13,34972404.0,2137863056.52,28401350.82,1765143953.463,131,2018,60,61.587119479801714
2018-03-26,2018-03-23,Prod. Sold Negotiated,15056,57.63,210.44,57.63,3168384.64,182594006.8032,1688307.94,100032245.445,131,2018,60,58.19315256066712
2018-03-27,2018-03-26,Prod. Sold Swine or Pork Market Formula,123850,60.47,214.25,60.47,26534862.5,1604563135.375,34972404.0,2137863056.52,132,2018,61,60.84526926416085
2018-03-27,2018-03-26,Prod. Sold Negotiated,8536,56.39,199.47,56.38999999999999,1702675.92,96013895.1288,3168384.64,182594006.8032,132,2018,61,57.19655883974474
2018-03-28,2018-03-27,Prod. Sold Negotiated,9661,55.22,198.3,55.22,1915776.3,105789167.286,1702675.92,96013895.1288,133,2018,62,55.7705477771377
2018-03-28,2018-03-27,Prod. Sold Swine or Pork Market Formula,132228,59.78,214.2,59.78,28323237.6,1693163143.728,26534862.5,1604563135.375,133,2018,62,60.11375299347999
2018-03-29,2018-03-28,Prod. Sold Swine or Pork Market Formula,128808,58.94,215.01,58.94,27695008.08,1632343776.2352,28323237.6,1693163143.728,134,2018,63,59.36471018674714
2018-03-29,2018-03-28,Prod. Sold Negotiated,11084,54.81,202.98,54.81,2249830.32,123313199.8392,1915776.3,105789167.286,134,2018,63,54.9985603597874
2018-03-30,2018-03-29,Prod. Sold Swine or Pork Market Formula,123132,57.56,215.64,57.56,26552184.48,1528343738.6688,27695008.08,1632343776.2352,135,2018,64,58.26453620448888
2018-03-30,2018-03-29,Prod. Sold Negotiated,6427,54.39,214.79,54.39000000000001,1380455.3299999998,75082965.3987,2249830.32,123313199.8392,135,2018,64,54.650290463479095
2018-04-02,2018-03-30,Prod. Sold Swine or Pork Market Formula,142209,56.28,217.28,56.28,30899171.52,1739005373.1456,26552184.48,1528343738.6688,141,2018,65,56.871575177692925
2018-04-02,2018-03-30,Prod. Sold Negotiated,13732,54.81,205.87,54.81000000000001,2827006.84,154948244.9004,1380455.3299999998,75082965.3987,141,2018,65,54.67219929849066
2018-04-03,2018-04-02,Prod. Sold Swine or Pork Market Formula,94998,56.01,215.61,56.01,20482518.78,1147225876.8678,30899171.52,1739005373.1456,142,2018,66,56.17236866209908
2018-04-03,2018-04-02,Prod. Sold Negotiated,6512,51.59,199.16,51.59,1296929.92,66908614.5728,2827006.84,154948244.9004,142,2018,66,53.79734762790108
2018-04-04,2018-04-03,Prod. Sold Swine or Pork Market Formula,129631,55.78,214.36,55.78,27787701.16,1549997970.7048,20482518.78,1147225876.8678,143,2018,67,55.877595977918816
2018-04-04,2018-04-03,Prod. Sold Negotiated,8280,50.75,198.64,50.74999999999999,1644739.2,83470514.39999999,1296929.92,66908614.5728,143,2018,67,51.12034115271264
2018-04-05,2018-04-04,Prod. Sold Negotiated,8364,50.4,202.76,50.4,1695884.64,85472585.85599999,1644739.2,83470514.39999999,144,2018,68,50.57232072438302
2018-04-05,2018-04-04,Prod. Sold Swine or Pork Market Formula,139795,55.33,215.28,55.33,30095067.6,1665160090.308,27787701.16,1549997970.7048,144,2018,68,55.546030880862794
2018-04-06,2018-04-05,Prod. Sold Negotiated,7744,49.29,204.28,49.29,1581944.32,77974035.5328,1695884.64,85472585.85599999,145,2018,69,49.8642923054777
2018-04-06,2018-04-05,Prod. Sold Swine or Pork Market Formula,136959,54.71,215.24,54.71,29479055.16,1612799107.8036,30095067.6,1665160090.308,145,2018,69,55.0232054833131
2018-04-09,2018-04-06,Prod. Sold Negotiated,19464,49.77,212.82,49.77,4142328.48,206163688.4496,1581944.32,77974035.5328,151,2018,70,49.63734851742216
2018-04-09,2018-04-06,Prod. Sold Swine or Pork Market Formula,182433,54.14,215.12,54.14,39244986.96,2124723594.0144,29479055.16,1612799107.8036,151,2018,70,54.38450048226005
2018-04-10,2018-04-09,Prod. Sold Swine or Pork Market Formula,125493,53.62,213.9,53.62,26842952.7,1439319123.774,39244986.96,2124723594.0144,152,2018,71,53.92879148789006
2018-04-10,2018-04-09,Prod. Sold Negotiated,11045,47.79,203.35,47.79,2246000.75,107336375.8425,4142328.48,206163688.4496,152,2018,71,49.07387409213097
2018-04-11,2018-04-10,Prod. Sold Negotiated,9413,48.02,198.06,48.02,1864338.78,89525548.21560001,2246000.75,107336375.8425,153,2018,72,47.89432177591908
2018-04-11,2018-04-10,Prod. Sold Swine or Pork Market Formula,129028,53.19,214.26,53.19,27645539.28,1470466234.3031998,26842952.7,1439319123.774,153,2018,72,53.401833164060335
2018-04-12,2018-04-11,Prod. Sold Negotiated,7926,48.41,201.24,48.41,1595028.24,77215317.0984,1864338.78,89525548.21560001,154,2018,73,48.19981931665638
2018-04-12,2018-04-11,Prod. Sold Swine or Pork Market Formula,135973,53.32,214.0,53.32,29098222.0,1551517197.04,27645539.28,1470466234.3031998,154,2018,73,53.25666404860498
2018-04-13,2018-04-12,Prod. Sold Swine or Pork Market Formula,137471,53.72,215.54,53.72,29630499.34,1591750424.5448,29098222.0,1551517197.04,155,2018,74,53.52181266449482
2018-04-13,2018-04-12,Prod. Sold Negotiated,9441,48.31,199.0,48.31,1878759.0,90762847.29,1595028.24,77215317.0984,155,2018,74,48.35591611776432
2018-04-16,2018-04-13,Prod. Sold Negotiated,14537,46.82,210.23,46.82,3056113.51,143087234.5382,1878759.0,90762847.29,161,2018,75,47.387259013141154
2018-04-16,2018-04-13,Prod. Sold Swine or Pork Market Formula,160637,54.25,215.4,54.25,34601209.800000004,1877115631.6500003,29630499.34,1591750424.5448,161,2018,75,54.00550760114493
2018-04-17,2018-04-16,Prod. Sold Negotiated,10839,50.62,201.91,50.62,2188502.49,110781996.04379998,3056113.51,143087234.5382,162,2018,76,48.40568510297035
2018-04-17,2018-04-16,Prod. Sold Swine or Pork Market Formula,122151,54.84,214.38,54.84,26186731.38,1436080348.8792,34601209.800000004,1877115631.6500003,162,2018,76,54.50416507310965
2018-04-18,2018-04-17,Prod. Sold Swine or Pork Market Formula,127652,55.84,213.35,55.84,27234554.2,1520777506.528,26186731.38,1436080348.8792,163,2018,77,55.34980716589487
2018-04-18,2018-04-17,Prod. Sold Negotiated,7327,50.84,199.58,50.84,1462322.66,74344484.03440002,2188502.49,110781996.04379998,163,2018,77,50.70812007477268
2018-04-19,2018-04-18,Prod. Sold Swine or Pork Market Formula,123376,56.71,215.26,56.71000000000001,26557917.76,1506099516.1696,27234554.2,1520777506.528,164,2018,78,56.26952828916993
2018-04-19,2018-04-18,Prod. Sold Negotiated,8288,50.8,204.31,50.8,1693321.28,86020721.024,1462322.66,74344484.03440002,164,2018,78,50.818535965245815
2018-04-20,2018-04-19,Prod. Sold Swine or Pork Market Formula,131085,57.81,215.58,57.81,28259304.3,1633670381.5830002,26557917.76,1506099516.1696,165,2018,79,57.27707059500344
2018-04-20,2018-04-19,Prod. Sold Negotiated,12001,50.45,208.76,50.45,2505328.76,126393835.942,1693321.28,86020721.024,165,2018,79,50.59115547672557
2018-04-23,2018-04-20,Prod. Sold Swine or Pork Market Formula,167527,59.12,216.0,59.12,36185832.0,2139306387.84,28259304.3,1633670381.5830002,171,2018,80,58.545562722675164
2018-04-23,2018-04-20,Prod. Sold Negotiated,15644,50.41,208.61,50.41,3263494.8400000003,164512774.8844,2505328.76,126393835.942,171,2018,80,50.42737150541405
2018-04-24,2018-04-23,Prod. Sold Negotiated,8750,55.22,207.48,55.22,1815450.0,100249149.0,3263494.8400000003,164512774.8844,172,2018,81,52.129316664206975
2018-04-24,2018-04-23,Prod. Sold Swine or Pork Market Formula,118706,60.2,213.45,60.2,25337795.7,1525335301.14,36185832.0,2139306387.84,172,2018,81,59.564785530031415
2018-04-25,2018-04-24,Prod. Sold Negotiated,8195,56.77,201.28,56.77,1649489.6,93641524.592,1815450.0,100249149.0,173,2018,82,55.957879782954954
2018-04-25,2018-04-24,Prod. Sold Swine or Pork Market Formula,132509,61.21,213.32,61.21,28266819.88,1730212044.8548,25337795.7,1525335301.14,173,2018,82,60.732593840472425
2018-04-26,2018-04-25,Prod. Sold Swine or Pork Market Formula,127598,61.82,213.89,61.82,27291936.22,1687187497.1204,28266819.88,1730212044.8548,174,2018,83,61.5096481970229
2018-04-26,2018-04-25,Prod. Sold Negotiated,12028,58.01,206.47,58.01,2483421.16,144063261.4916,1649489.6,93641524.592,174,2018,83,57.515102523917065
2018-04-27,2018-04-26,Prod. Sold Negotiated,12070,58.35,205.39,58.35,2479057.3,144652993.45499998,2483421.16,144063261.4916,175,2018,84,58.17985050691786
2018-04-27,2018-04-26,Prod. Sold Swine or Pork Market Formula,130497,62.31,215.83,62.31,28165167.51,1754971587.5481002,27291936.22,1687187497.1204,175,2018,84,62.06885778649912
2018-04-30,2018-04-27,Prod. Sold Negotiated,10325,59.18,206.34,59.18,2130460.5,126080652.39,2479057.3,144652993.45499998,181,2018,85,58.73361544346352
2018-04-30,2018-04-27,Prod. Sold Swine or Pork Market Formula,134656,62.65,214.44,62.65,28875632.64,1809058384.896,28165167.51,1754971587.5481002,181,2018,85,62.4821174154602
2018-05-01,2018-04-30,Prod. Sold Negotiated,6396,58.97,203.31,58.97,1300370.76,76682863.7172,2130460.5,126080652.39,182,2018,86,59.10040475356984
2018-05-01,2018-04-30,Prod. Sold Swine or Pork Market Formula,127691,62.65,213.18,62.65,27221167.380000003,1705406136.357,28875632.64,1809058384.896,182,2018,86,62.65
2018-05-02,2018-05-01,Prod. Sold Negotiated,6432,61.16,186.69,61.15999999999999,1200790.08,73440321.2928,1300370.76,76682863.7172,183,2018,87,60.02140390539618
2018-05-02,2018-05-01,Prod. Sold Swine or Pork Market Formula,125912,62.91,213.05,62.90999999999999,26825551.6,1687595451.156,27221167.380000003,1705406136.357,183,2018,87,62.77904841492008
2018-05-03,2018-05-02,Prod. Sold Swine or Pork Market Formula,130998,63.18,214.07,63.18,28042741.86,1771740430.7148,26825551.6,1687595451.156,184,2018,88,63.04799482040971
2018-05-03,2018-05-02,Prod. Sold Negotiated,7947,59.94,191.76,59.94,1523916.72,91343568.1968,1200790.08,73440321.2928,184,2018,88,60.47765928047745
2018-05-04,2018-05-03,Prod. Sold Negotiated,7842,60.57,199.96,60.57,1568086.32,94978988.4024,1523916.72,91343568.1968,185,2018,89,60.25949980928868
2018-05-04,2018-05-03,Prod. Sold Swine or Pork Market Formula,132430,63.4,214.35,63.4,28386370.5,1799695889.7,28042741.86,1771740430.7148,185,2018,89,63.29066985194023
2018-05-07,2018-05-04,Prod. Sold Swine or Pork Market Formula,139012,63.46,214.46,63.46,29812513.52,1891902107.9792,28386370.5,1799695889.7,191,2018,90,63.43073513936428
2018-05-07,2018-05-04,Prod. Sold Negotiated,8901,60.9,197.92,60.9,1761685.92,107286672.528,1568086.32,94978988.4024,191,2018,90,60.74459342912896
2018-05-08,2018-05-07,Prod. Sold Swine or Pork Market Formula,118836,63.52,212.63,63.52,25268098.68,1605029628.1536,29812513.52,1891902107.9792,192,2018,91,63.487524856029104
2018-05-08,2018-05-07,Prod. Sold Negotiated,6875,60.33,203.31,60.33,1397756.25,84326634.5625,1761685.92,107286672.528,192,2018,91,60.64782856604715
2018-05-09,2018-05-08,Prod. Sold Swine or Pork Market Formula,130831,63.82,212.47,63.82,27797662.57,1774046825.2174,25268098.68,1605029628.1536,193,2018,92,63.67715027118357
2018-05-09,2018-05-08,Prod. Sold Negotiated,5989,61.57,197.58,61.56999999999999,1183306.62,72856188.5934,1397756.25,84326634.5625,193,2018,92,60.89848681442618
2018-05-10,2018-05-09,Prod. Sold Swine or Pork Market Formula,139098,63.85,214.19,63.85,29793400.62,1902308629.587,27797662.57,1774046825.2174,194,2018,93,63.835519804099675
2018-05-10,2018-05-09,Prod. Sold Negotiated,6430,61.15,197.0,61.15,1266710.0,77459316.5,1183306.62,72856188.5934,194,2018,93,61.35285118735235
2018-05-11,2018-05-10,Prod. Sold Swine or Pork Market Formula,132645,64.56,213.29,64.56,28291852.05,1826521968.348,29793400.62,1902308629.587,195,2018,94,64.19582297626597
2018-05-11,2018-05-10,Prod. Sold Negotiated,7533,61.46,199.13,61.46,1500046.29,92192844.9834,1266710.0,77459316.5,195,2018,94,61.31807203134613
2018-05-14,2018-05-11,Prod. Sold Negotiated,6875,62.22,195.69,62.22,1345368.75,83708843.625,1500046.29,92192844.9834,201,2018,95,61.81934309604267
2018-05-14,2018-05-11,Prod. Sold Swine or Pork Market Formula,146604,64.99,215.63,64.99,31612220.52,2054478211.5948,28291852.05,1826521968.348,201,2018,95,64.78691703986762
2018-05-15,2018-05-14,Prod. Sold Negotiated,6736,62.77,192.33,62.77,1295534.88,81320724.4176,1345368.75,83708843.625,202,2018,96,62.489810748073374
2018-05-15,2018-05-14,Prod. Sold Swine or Pork Market Formula,121142,65.81,213.4,65.81,25851702.8,1701300561.268,31612220.52,2054478211.5948,202,2018,96,65.3588992166085
2018-05-16,2018-05-15,Prod. Sold Negotiated,6550,64.55,198.04,64.55,1297162.0,83731807.1,1295534.88,81320724.4176,203,2018,97,63.660558544583886
2018-05-16,2018-05-15,Prod. Sold Swine or Pork Market Formula,129079,66.69,212.63,66.69,27446067.77,1830378259.5813,25851702.8,1701300561.268,203,2018,97,66.26316228763976
2018-05-17,2018-05-16,Prod. Sold Negotiated,8104,64.46,199.15,64.46,1613911.6,104032741.736,1297162.0,83731807.1,204,2018,98,64.500103616755
2018-05-17,2018-05-16,Prod. Sold Swine or Pork Market Formula,130391,67.59,212.83,67.59,27751116.53,1875697966.2627,27446067.77,1830378259.5813,204,2018,98,67.14248693739981
2018-05-18,2018-05-17,Prod. Sold Negotiated,7173,63.3,203.67,63.3,1460924.91,92476546.803,1613911.6,104032741.736,205,2018,99,63.90885756036505
2018-05-18,2018-05-17,Prod. Sold Swine or Pork Market Formula,117233,68.37,212.97,68.37,24967112.01,1707001448.1237,27751116.53,1875697966.2627,205,2018,99,67.9594044338577
2018-05-21,2018-05-18,Prod. Sold Negotiated,9406,64.46,204.0,64.46,1918824.0,123687395.04,1460924.91,92476546.803,211,2018,100,63.95858023754788
2018-05-21,2018-05-18,Prod. Sold Swine or Pork Market Formula,154974,68.81,213.3,68.81,33055954.200000003,2274580208.5020003,24967112.01,1707001448.1237,211,2018,100,68.62066961810255
2018-05-22,2018-05-21,Prod. Sold Negotiated,8231,66.19,198.78,66.19,1636158.18,108297309.9342,1918824.0,123687395.04,212,2018,101,65.25622161464675
2018-05-22,2018-05-21,Prod. Sold Swine or Pork Market Formula,123754,69.01,213.42,69.01,26411578.68,1822663044.7068,33055954.200000003,2274580208.5020003,212,2018,101,68.89882688553196
2018-05-23,2018-05-22,Prod. Sold Swine or Pork Market Formula,127186,69.26,212.78,69.26,27062637.08,1874358244.1608,26411578.68,1822663044.7068,213,2018,102,69.13652189796228
2018-05-23,2018-05-22,Prod. Sold Negotiated,5245,67.74,187.19,67.74,981811.55,66507914.39699999,1636158.18,108297309.9342,213,2018,102,66.77129316204889
2018-05-24,2018-05-23,Prod. Sold Negotiated,8771,65.61,198.26,65.61,1738938.46,114091752.3606,981811.55,66507914.39699999,214,2018,103,66.37863313197231
2018-05-24,2018-05-23,Prod. Sold Swine or Pork Market Formula,130168,69.6,211.62,69.6,27546152.16,1917212190.336,27062637.08,1874358244.1608,214,2018,103,69.43150520758185
2018-05-25,2018-05-24,Prod. Sold Negotiated,8046,66.54,199.18,66.54,1602602.28,106637155.7112,1738938.46,114091752.3606,215,2018,104,66.0560278166173
2018-05-25,2018-05-24,Prod. Sold Swine or Pork Market Formula,135714,69.68,211.8,69.68,28744225.200000003,2002897611.9360003,27546152.16,1917212190.336,215,2018,104,69.64085135193345
2018-05-29,2018-05-25,Prod. Sold Swine or Pork Market Formula,134438,69.53,212.45,69.53,28561353.1,1985870881.043,28744225.200000003,2002897611.9360003,222,2018,105,69.60523933808727
2018-05-29,2018-05-25,Prod. Sold Negotiated,8179,67.23,196.0,67.23,1603084.0,107775337.32,1602602.28,106637155.7112,222,2018,105,66.88505184331387
2018-05-30,2018-05-29,Prod. Sold Swine or Pork Market Formula,113255,69.68,210.39,69.68,23827719.45,1660315491.276,28561353.1,1985870881.043,223,2018,106,69.59822334780004
2018-05-30,2018-05-29,Prod. Sold Negotiated,4077,67.77,195.07,67.77,795300.39,53897507.4303,1603084.0,107775337.32,223,2018,106,67.40906312782496
2018-05-31,2018-05-30,Prod. Sold Swine or Pork Market Formula,125860,69.76,212.24,69.76,26712526.4,1863465841.6640005,23827719.45,1660315491.276,224,2018,107,69.72228317603248
2018-05-31,2018-05-30,Prod. Sold Negotiated,7216,67.56,198.53,67.56,1432592.48,96785947.9488,795300.39,53897507.4303,224,2018,107,67.63496459284417
2018-06-01,2018-05-31,Prod. Sold Swine or Pork Market Formula,134996,70.48,212.19,70.48,28644801.24,2018885591.3952,26712526.4,1863465841.6640005,225,2018,108,70.13256597765925
2018-06-01,2018-05-31,Prod. Sold Negotiated,7297,67.65,194.53,67.65,1419485.41,96028187.9865,1432592.48,96785947.9488,225,2018,108,67.60479319703994
2018-06-04,2018-06-01,Prod. Sold Swine or Pork Market Formula,202345,71.61,212.6,71.61,43018547.0,3080558150.67,28644801.24,2018885591.3952,231,2018,109,71.15832384759923
2018-06-04,2018-06-01,Prod. Sold Negotiated,6543,70.56,194.16,70.56,1270388.88,89638639.3728,1419485.41,96028187.9865,231,2018,109,69.02435108196077
2018-06-05,2018-06-04,Prod. Sold Negotiated,5881,70.11,190.57,70.11,1120742.17,78575233.5387,1270388.88,89638639.3728,232,2018,110,70.34908141546654
2018-06-05,2018-06-04,Prod. Sold Swine or Pork Market Formula,124274,72.06,210.86,72.06,26204415.64,1888290191.0184,43018547.0,3080558150.67,232,2018,110,71.78034791040837
2018-06-06,2018-06-05,Prod. Sold Swine or Pork Market Formula,129783,73.04,209.14,73.04,27142816.62,1982511325.9248,26204415.64,1888290191.0184,233,2018,111,72.55861931276881
2018-06-06,2018-06-05,Prod. Sold Negotiated,4651,72.17,188.96,72.17,878852.96,63426818.12320001,1120742.17,78575233.5387,233,2018,111,71.01540183382023
2018-06-07,2018-06-06,Prod. Sold Swine or Pork Market Formula,129561,74.13,209.8,74.13,27181897.8,2014994083.914,27142816.62,1982511325.9248,234,2018,112,73.58539207280384
2018-06-07,2018-06-06,Prod. Sold Negotiated,7931,71.43,196.85,71.43,1561217.35,111517755.3105,878852.96,63426818.12320001,234,2018,112,71.69652969290873
2018-06-08,2018-06-07,Prod. Sold Negotiated,9460,71.88,199.2,71.88,1884432.0,135452972.16,1561217.35,111517755.3105,235,2018,113,71.67610583198201
2018-06-08,2018-06-07,Prod. Sold Swine or Pork Market Formula,128627,75.37,211.19,75.37,27164736.13,2047406162.1181,27181897.8,2014994083.914,235,2018,113,74.74980421537397
2018-06-11,2018-06-08,Prod. Sold Swine or Pork Market Formula,122735,76.74,210.52,76.74,25838172.200000003,1982821334.628,27164736.13,2047406162.1181,241,2018,114,76.03785572771984
2018-06-11,2018-06-08,Prod. Sold Negotiated,8784,72.6,197.4,72.6,1733961.6,125885612.16,1884432.0,135452972.16,241,2018,114,72.22502944953251
2018-06-12,2018-06-11,Prod. Sold Negotiated,6013,76.34,194.81,76.34,1171392.53,89424105.74020001,1733961.6,125885612.16,242,2018,115,74.10790845665343
2018-06-12,2018-06-11,Prod. Sold Swine or Pork Market Formula,122627,77.96,210.11,77.96,25765158.970000003,2008651793.3012,25838172.200000003,1982821334.628,242,2018,115,77.34913691482137
2018-06-13,2018-06-12,Prod. Sold Swine or Pork Market Formula,126691,79.54,208.85,79.54,26459415.35,2104581896.939,25765158.970000003,2008651793.3012,243,2018,116,78.76050200116211
2018-06-13,2018-06-12,Prod. Sold Negotiated,6095,78.65,196.34,78.65,1196692.3,94119849.395,1171392.53,89424105.74020001,243,2018,116,77.50733960624207
2018-06-14,2018-06-13,Prod. Sold Negotiated,9457,77.9,201.04,77.9,1901235.28,148106228.312,1196692.3,94119849.395,244,2018,117,78.18971601234139
2018-06-14,2018-06-13,Prod. Sold Swine or Pork Market Formula,129395,80.85,210.15,80.85,27192359.25,2198502245.3625,26459415.35,2104581896.939,244,2018,117,80.20394804054625
2018-06-15,2018-06-14,Prod. Sold Negotiated,9125,80.09,197.76,80.09,1804560.0,144527210.4,1901235.28,148106228.312,245,2018,118,78.96643408537126
2018-06-15,2018-06-14,Prod. Sold Swine or Pork Market Formula,123209,82.41,210.54,82.41,25940422.86,2137750247.8926,27192359.25,2198502245.3625,245,2018,118,81.61162132029565
2018-06-18,2018-06-15,Prod. Sold Swine or Pork Market Formula,117964,83.62,208.76,83.62,24626164.64,2059239887.1968,25940422.86,2137750247.8926,251,2018,119,82.99927565982973
2018-06-18,2018-06-15,Prod. Sold Negotiated,8672,81.55,198.29,81.55000000000001,1719570.88,140231005.264,1804560.0,144527210.4,251,2018,119,80.80239507563353
2018-06-19,2018-06-18,Prod. Sold Negotiated,6190,84.44,195.26,84.44,1208659.4,102059199.736,1719570.88,140231005.264,252,2018,120,82.74287942955088
2018-06-19,2018-06-18,Prod. Sold Swine or Pork Market Formula,102959,84.71,208.69,84.71,21486513.71,1820122576.3741,24626164.64,2059239887.1968,252,2018,120,84.12789285684377
2018-06-20,2018-06-19,Prod. Sold Negotiated,7301,84.25,196.78,84.25,1436690.78,121041198.215,1208659.4,102059199.736,253,2018,121,84.33681092119154
2018-06-20,2018-06-19,Prod. Sold Swine or Pork Market Formula,126949,85.56,208.73,85.56,26498064.77,2267174421.7212,21486513.71,1820122576.3741,253,2018,121,85.17938736919167
2018-06-21,2018-06-20,Prod. Sold Negotiated,8243,85.35,194.77,85.35,1605489.11,137028495.5385,1436690.78,121041198.215,254,2018,122,84.83051728854208
2018-06-21,2018-06-20,Prod. Sold Swine or Pork Market Formula,123071,86.14,209.24,86.14,25751376.040000003,2218223532.0856004,26498064.77,2267174421.7212,254,2018,122,85.84585565456123
2018-06-22,2018-06-21,Prod. Sold Negotiated,8160,85.38,197.23,85.38,1609396.7999999998,137410298.78399998,1605489.11,137028495.5385,255,2018,123,85.36501823248214
2018-06-22,2018-06-21,Prod. Sold Swine or Pork Market Formula,132974,86.29,209.56,86.29,27866031.44,2404559852.9576,25751376.040000003,2218223532.0856004,255,2018,123,86.21795797880678
2018-06-25,2018-06-22,Prod. Sold Swine or Pork Market Formula,120150,86.2,208.91,86.2,25100536.5,2163666246.3,27866031.44,2404559852.9576,261,2018,124,86.2473495438187
2018-06-25,2018-06-22,Prod. Sold Negotiated,6918,85.12,191.45,85.12,1324451.1,112737277.632,1609396.7999999998,137410298.78399998,261,2018,124,85.26262606047165
2018-06-26,2018-06-25,Prod. Sold Swine or Pork Market Formula,108132,85.13,209.0,85.13,22599588.0,1923902926.44,25100536.5,2163666246.3,262,2018,125,85.69305039738417
2018-06-26,2018-06-25,Prod. Sold Negotiated,6540,83.68,193.83,83.68,1267648.2000000002,106076801.37600002,1324451.1,112737277.632,262,2018,125,84.41577797887605
2018-06-27,2018-06-26,Prod. Sold Negotiated,7568,83.41,196.92,83.41,1490290.5599999998,124305135.60959998,1267648.2000000002,106076801.37600002,263,2018,126,83.53410174546441
2018-06-27,2018-06-26,Prod. Sold Swine or Pork Market Formula,135367,84.69,208.54,84.69,28229434.18,2390750780.7042,22599588.0,1923902926.44,263,2018,126,84.8856326974929
2018-06-28,2018-06-27,Prod. Sold Swine or Pork Market Formula,131011,84.1,209.7,84.1,27473006.7,2310479863.47,28229434.18,2390750780.7042,264,2018,127,84.3990060382108
2018-06-28,2018-06-27,Prod. Sold Negotiated,8392,82.39,194.42,82.39,1631572.64,134425269.8096,1490290.5599999998,124305135.60959998,264,2018,127,82.87691959698938
2018-06-29,2018-06-28,Prod. Sold Swine or Pork Market Formula,130564,83.43,210.4,83.43,27470665.6,2291877631.0080004,27473006.7,2310479863.47,265,2018,128,83.76501427404591
2018-06-29,2018-06-28,Prod. Sold Negotiated,7905,82.42,191.96,82.42,1517443.8,125067717.996,1631572.64,134425269.8096,265,2018,128,82.40445635958636
2018-07-02,2018-06-29,Prod. Sold Negotiated,6257,81.24,189.29,81.24,1184387.53,96219642.9372,1517443.8,125067717.996,271,2018,129,81.90272963234902
2018-07-02,2018-06-29,Prod. Sold Swine or Pork Market Formula,137196,82.62,208.21,82.62,28565579.16,2360088150.1992,27470665.6,2291877631.0080004,271,2018,129,83.01708655052283
2018-07-03,2018-07-02,Prod. Sold Negotiated,5691,82.15,188.12,82.15,1070590.92,87949044.078,1184387.53,96219642.9372,272,2018,130,81.67203860205403
2018-07-03,2018-07-02,Prod. Sold Swine or Pork Market Formula,120098,82.46,208.95,82.46,25094477.1,2069290581.666,28565579.16,2360088150.1992,272,2018,130,82.54517495105586
2018-07-05,2018-07-03,Prod. Sold Negotiated,8108,79.58,193.29,79.58,1567195.3199999998,124717403.56559998,1070590.92,87949044.078,274,2018,131,80.62307870845517
2018-07-05,2018-07-03,Prod. Sold Swine or Pork Market Formula,124415,82.19,207.95,82.19,25872099.25,2126427837.3575,25094477.1,2069290581.666,274,2018,131,82.32294023852947
2018-07-06,2018-07-05,Prod. Sold Swine or Pork Market Formula,126593,82.32,209.41,82.32,26509840.13,2182290039.5016,25872099.25,2126427837.3575,275,2018,132,82.2557913635442
2018-07-06,2018-07-05,Prod. Sold Negotiated,7372,79.63,195.03,79.63,1437761.16,114488921.1708,1567195.3199999998,124717403.56559998,275,2018,132,79.60392316111013
2018-07-09,2018-07-06,Prod. Sold Swine or Pork Market Formula,171296,81.79,210.3,81.79,36023548.800000004,2946366056.3520007,26509840.13,2182290039.5016,281,2018,133,82.01468341328227
2018-07-09,2018-07-06,Prod. Sold Negotiated,5853,79.7,193.54,79.7,1132789.62,90283332.71399999,1437761.16,114488921.1708,281,2018,133,79.66084758099973
2018-07-10,2018-07-09,Prod. Sold Swine or Pork Market Formula,115684,81.72,207.8,81.72,24039135.200000003,1964478128.544,36023548.800000004,2946366056.3520007,282,2018,134,81.76198361192118
2018-07-10,2018-07-09,Prod. Sold Negotiated,8870,79.82,196.25,79.82,1740737.5,138945667.25,1132789.62,90283332.71399999,282,2018,134,79.77269411120086
2018-07-11,2018-07-10,Prod. Sold Negotiated,8718,78.98,199.21,78.98,1736712.78,137165575.3644,1740737.5,138945667.25,283,2018,135,79.40048609822252
2018-07-11,2018-07-10,Prod. Sold Swine or Pork Market Formula,128435,81.62,208.04,81.62000000000003,26719617.4,2180855172.188,24039135.200000003,1964478128.544,283,2018,135,81.66735958621646
2018-07-12,2018-07-11,Prod. Sold Negotiated,9908,78.35,199.56,78.35,1977240.48,154916791.60799998,1736712.78,137165575.3644,284,2018,136,78.64459957484763
2018-07-12,2018-07-11,Prod. Sold Swine or Pork Market Formula,123834,81.27,208.91,81.27,25870160.94,2102467979.5938,26719617.4,2180855172.188,284,2018,136,81.44782668771752
2018-07-13,2018-07-12,Prod. Sold Swine or Pork Market Formula,128330,80.85,209.72,80.85,26913367.6,2175945770.46,25870160.94,2102467979.5938,285,2018,137,81.05584958784189
2018-07-13,2018-07-12,Prod. Sold Negotiated,9466,79.36,198.73,79.36,1881178.18,149290300.3648,1977240.48,154916791.60799998,285,2018,137,78.84242711308057
2018-07-16,2018-07-13,Prod. Sold Swine or Pork Market Formula,138622,80.03,208.57,80.03,28912390.54,2313858614.9162,26913367.6,2175945770.46,291,2018,138,80.42531861576613
2018-07-16,2018-07-13,Prod. Sold Negotiated,7110,78.19,194.71,78.19,1384388.1,108245305.539,1881178.18,149290300.3648,291,2018,138,78.86399595717283
2018-07-17,2018-07-16,Prod. Sold Negotiated,10125,77.92,194.5,77.92,1969312.5,153448830.0,1384388.1,108245305.539,292,2018,139,78.03145442947411
2018-07-17,2018-07-16,Prod. Sold Swine or Pork Market Formula,113468,79.5,208.59,79.5,23668290.12,1881629064.54,28912390.54,2313858614.9162,292,2018,139,79.79142960482552
2018-07-18,2018-07-17,Prod. Sold Negotiated,10588,76.93,196.75,76.93,2083189.0,160259729.77,1969312.5,153448830.0,293,2018,140,77.41109035246501
2018-07-18,2018-07-17,Prod. Sold Swine or Pork Market Formula,127300,79.1,207.52,79.1,26417296.0,2089608113.6,23668290.12,1881629064.54,293,2018,140,79.28902276645654
2018-07-19,2018-07-18,Prod. Sold Negotiated,9865,76.49,199.05,76.49,1963628.25,150197924.8425,2083189.0,160259729.77,294,2018,141,76.71649976595805
2018-07-19,2018-07-18,Prod. Sold Swine or Pork Market Formula,130520,78.43,208.85,78.43,27259102.0,2137931369.86,26417296.0,2089608113.6,294,2018,141,78.75974620092802
2018-07-20,2018-07-19,Prod. Sold Negotiated,10893,76.1,196.77,76.1,2143415.6100000003,163113927.921,1963628.25,150197924.8425,295,2018,142,76.28646380306733
2018-07-20,2018-07-19,Prod. Sold Swine or Pork Market Formula,130609,77.46,209.08,77.46,27307729.720000003,2115256744.1112,27259102.0,2137931369.86,295,2018,142,77.94456778791334
2018-07-23,2018-07-20,Prod. Sold Negotiated,11076,75.05,199.84,75.05,2213427.84,166117759.392,2143415.6100000003,163113927.921,301,2018,143,75.56656352043126
2018-07-23,2018-07-20,Prod. Sold Swine or Pork Market Formula,165313,76.63,208.77,76.63,34512395.010000005,2644684829.6163,27307729.720000003,2115256744.1112,301,2018,143,76.99663490678142
2018-07-24,2018-07-23,Prod. Sold Negotiated,9404,72.63,196.68,72.63,1849578.72,134334902.43359998,2213427.84,166117759.392,302,2018,144,73.94835754968607
2018-07-24,2018-07-23,Prod. Sold Swine or Pork Market Formula,116144,75.88,208.06,75.88,24164920.64,1833634178.1632,34512395.010000005,2644684829.6163,302,2018,144,76.32112952289593
2018-07-25,2018-07-24,Prod. Sold Swine or Pork Market Formula,125475,75.09,207.26,75.09,26005948.5,1952786672.865,24164920.64,1833634178.1632,303,2018,145,75.47050541345675
2018-07-25,2018-07-24,Prod. Sold Negotiated,9893,71.53,193.38,71.53000000000002,1913108.34,136844639.5602,1849578.72,134334902.43359998,303,2018,145,72.07071373982401
2018-07-26,2018-07-25,Prod. Sold Negotiated,9389,70.59,199.34,70.59,1871603.26,132116474.1234,1913108.34,136844639.5602,304,2018,146,71.06515425999699
2018-07-26,2018-07-25,Prod. Sold Swine or Pork Market Formula,111036,74.23,208.53,74.23,23154337.08,1718746441.4484005,26005948.5,1952786672.865,304,2018,146,74.68494275401645
2018-07-27,2018-07-26,Prod. Sold Negotiated,8805,69.89,201.51,69.89,1774295.5499999998,124005515.9895,1871603.26,132116474.1234,305,2018,147,70.24934137239536
2018-07-27,2018-07-26,Prod. Sold Swine or Pork Market Formula,116916,73.21,208.97,73.21,24431936.52,1788662072.6291995,23154337.08,1718746441.4484005,305,2018,147,73.70630748606463
2018-07-30,2018-07-27,Prod. Sold Swine or Pork Market Formula,107102,71.63,208.86,71.63,22369323.720000003,1602314658.0636,24431936.52,1788662072.6291995,311,2018,148,72.45481667168028
2018-07-30,2018-07-27,Prod. Sold Negotiated,12115,68.48,202.75,68.48,2456316.25,168208536.8,1774295.5499999998,124005515.9895,311,2018,148,69.07134632147057
2018-07-31,2018-07-30,Prod. Sold Swine or Pork Market Formula,118831,70.66,209.34,70.66,24876081.54,1757743921.6163998,22369323.720000003,1602314658.0636,312,2018,149,71.1192667559732
2018-07-31,2018-07-30,Prod. Sold Negotiated,8072,65.02,200.42,65.02,1617790.24,105188721.4048,2456316.25,168208536.8,312,2018,149,67.1060658026148
2018-08-01,2018-07-31,Prod. Sold Swine or Pork Market Formula,124414,69.92,207.41,69.92,25804707.74,1804265165.1808,24876081.54,1757743921.6163998,313,2018,150,70.28322047468318
2018-08-01,2018-07-31,Prod. Sold Negotiated,8095,65.24,195.85,65.24,1585405.75,103431871.13,1617790.24,105188721.4048,313,2018,150,65.12888789386876
2018-08-02,2018-08-01,Prod. Sold Negotiated,8478,65.5,196.75,65.5,1668046.5,109257045.75,1585405.75,103431871.13,314,2018,151,65.373302122384
2018-08-02,2018-08-01,Prod. Sold Swine or Pork Market Formula,130192,68.37,209.83,68.37,27318187.360000003,1867744469.8032,25804707.74,1804265165.1808,314,2018,151,69.1229201283497
2018-08-03,2018-08-02,Prod. Sold Swine or Pork Market Formula,131503,67.12,209.41,67.12,27538043.23,1848353461.5976,27318187.360000003,1867744469.8032,315,2018,152,67.74249509003313
2018-08-03,2018-08-02,Prod. Sold Negotiated,10016,64.63,194.76,64.63,1950716.16,126074785.4208,1668046.5,109257045.75,315,2018,152,65.03102117528756
2018-08-06,2018-08-03,Prod. Sold Swine or Pork Market Formula,160424,65.38,211.13,65.38,33870319.12,2214441464.0655994,27538043.23,1848353461.5976,321,2018,153,66.16028778795791
2018-08-06,2018-08-03,Prod. Sold Negotiated,5913,61.96,192.92,61.96,1140735.96,70680000.0816,1950716.16,126074785.4208,321,2018,153,63.644778526409766
2018-08-07,2018-08-06,Prod. Sold Swine or Pork Market Formula,101131,64.01,209.61,64.01,21198068.91,1356888390.9291,33870319.12,2214441464.0655994,322,2018,154,64.8526311147717
2018-08-07,2018-08-06,Prod. Sold Negotiated,7873,58.83,190.19,58.83,1497365.87,88090034.13209999,1140735.96,70680000.0816,322,2018,154,60.18343659376484
2018-08-08,2018-08-07,Prod. Sold Swine or Pork Market Formula,131344,63.0,208.0,63.0,27319552.0,1721131776.0,21198068.91,1356888390.9291,323,2018,155,63.4412839953306
2018-08-08,2018-08-07,Prod. Sold Negotiated,5705,57.17,190.43,57.17,1086403.15,62109668.08550001,1497365.87,88090034.13209999,323,2018,155,58.13201607998225
2018-08-09,2018-08-08,Prod. Sold Swine or Pork Market Formula,133321,61.23,209.69,61.22999999999999,27956080.49,1711750808.4026997,27319552.0,1721131776.0,324,2018,156,62.10480875137426
2018-08-09,2018-08-08,Prod. Sold Negotiated,8831,57.88,199.07,57.88,1757987.17,101752297.3996,1086403.15,62109668.08550001,324,2018,156,57.60881842865362
2018-08-10,2018-08-09,Prod. Sold Swine or Pork Market Formula,135647,59.26,209.56,59.26,28426185.32,1684535742.0632,27956080.49,1711750808.4026997,325,2018,157,60.23678725347592
2018-08-10,2018-08-09,Prod. Sold Negotiated,9267,56.21,199.23,56.21,1846264.41,103778522.4861,1757987.17,101752297.3996,325,2018,157,57.024548737438565
2018-08-13,2018-08-10,Prod. Sold Negotiated,12829,53.64,202.87,53.64000000000001,2602619.23,139604495.4972,1846264.41,103778522.4861,331,2018,158,54.7065371175453
2018-08-13,2018-08-10,Prod. Sold Swine or Pork Market Formula,161051,57.93,208.96,57.93,33653216.96,1949530858.4928,28426185.32,1684535742.0632,331,2018,158,58.53900757879526
2018-08-14,2018-08-13,Prod. Sold Swine or Pork Market Formula,122173,56.24,208.55,56.24,25479179.15,1432949035.396,33653216.96,1949530858.4928,332,2018,159,57.2018067320763
2018-08-14,2018-08-13,Prod. Sold Negotiated,10863,50.02,200.38,50.02,2176727.94,108879931.5588,2602619.23,139604495.4972,332,2018,159,51.99129048748304
2018-08-15,2018-08-14,Prod. Sold Swine or Pork Market Formula,127265,55.07,207.75,55.07,26439303.75,1456012457.5125,25479179.15,1432949035.396,333,2018,160,55.644181638992
2018-08-15,2018-08-14,Prod. Sold Negotiated,8512,49.25,195.4,49.25,1663244.8,81914806.4,2176727.94,108879931.5588,333,2018,160,49.68648239903912
2018-08-16,2018-08-15,Prod. Sold Swine or Pork Market Formula,134126,54.08,209.63,54.08,28116833.38,1520558349.1904,26439303.75,1456012457.5125,334,2018,161,54.559779399522526
2018-08-16,2018-08-15,Prod. Sold Negotiated,9021,48.3,200.4,48.3,1807808.4,87317145.72,1663244.8,81914806.4,334,2018,161,48.75521703902435
2018-08-17,2018-08-16,Prod. Sold Negotiated,9775,49.77,197.46,49.77,1930171.5,96064635.555,1807808.4,87317145.72,335,2018,162,49.05906028948952
2018-08-17,2018-08-16,Prod. Sold Swine or Pork Market Formula,135222,52.31,209.0,52.31,28261398.0,1478353729.38,28116833.38,1520558349.1904,335,2018,162,53.19273068992113
2018-08-20,2018-08-17,Prod. Sold Negotiated,15832,45.82,204.23,45.82,3233369.36,148152984.0752,1930171.5,96064635.555,341,2018,163,47.296540542956016
2018-08-20,2018-08-17,Prod. Sold Swine or Pork Market Formula,178437,51.48,209.78,51.48,37432513.86,1927025813.5128,28261398.0,1478353729.38,341,2018,163,51.8370644474634
2018-08-21,2018-08-20,Prod. Sold Negotiated,10376,43.77,196.95,43.77,2043553.2,89446323.56400001,3233369.36,148152984.0752,342,2018,164,45.02611227237718
2018-08-21,2018-08-20,Prod. Sold Swine or Pork Market Formula,127078,50.75,209.19,50.75,26583446.82,1349109926.115,37432513.86,1927025813.5128,342,2018,164,51.17685815892688
2018-08-22,2018-08-21,Prod. Sold Swine or Pork Market Formula,137711,50.13,207.3,50.13,28547490.3,1431085688.739,26583446.82,1349109926.115,343,2018,165,50.428956228379086
2018-08-22,2018-08-21,Prod. Sold Negotiated,8037,43.44,194.57,43.43999999999999,1563759.09,67929694.86959998,2043553.2,89446323.56400001,343,2018,165,43.62694598686936
2018-08-23,2018-08-22,Prod. Sold Negotiated,8266,42.73,195.75,42.73,1618069.5,69140109.735,1563759.09,67929694.86959998,344,2018,166,43.07894052979138
2018-08-23,2018-08-22,Prod. Sold Swine or Pork Market Formula,136102,49.59,209.79,49.59,28552838.58,1415935265.1822,28547490.3,1431085688.739,344,2018,166,49.85997471055547
2018-08-24,2018-08-23,Prod. Sold Swine or Pork Market Formula,136888,49.05,209.28,49.05,28647920.64,1405180507.392,28552838.58,1415935265.1822,345,2018,167,49.31955119203748
2018-08-24,2018-08-23,Prod. Sold Negotiated,10938,43.34,200.87,43.34,2197116.06,95223010.0404,1618069.5,69140109.735,345,2018,167,43.08129111691228
2018-08-27,2018-08-24,Prod. Sold Negotiated,20506,41.79,205.84,41.79,4220955.04,176393711.1216,2197116.06,95223010.0404,351,2018,168,42.320615794050646
2018-08-27,2018-08-24,Prod. Sold Swine or Pork Market Formula,196828,47.76,210.29,47.76,41390960.12,1976832255.3312,28647920.64,1405180507.392,351,2018,168,48.2876471757485
2018-08-28,2018-08-27,Prod. Sold Negotiated,8010,40.21,194.89,40.21,1561068.9,62770580.469,4220955.04,176393711.1216,352,2018,169,41.36342119513951
2018-08-28,2018-08-27,Prod. Sold Swine or Pork Market Formula,129765,47.3,206.54,47.3,26801663.1,1267718664.63,41390960.12,1976832255.3312,352,2018,169,47.57920676396
2018-08-29,2018-08-28,Prod. Sold Negotiated,8749,39.54,199.51,39.54,1745512.99,69017583.6246,1561068.9,62770580.469,353,2018,170,39.856313400905975
2018-08-29,2018-08-28,Prod. Sold Swine or Pork Market Formula,136821,46.42,206.96,46.42,28316474.16,1314450730.5072,26801663.1,1267718664.63,353,2018,170,46.847907485638416
2018-08-30,2018-08-29,Prod. Sold Swine or Pork Market Formula,124624,46.06,207.99,46.06,25920545.76,1193900337.7056,28316474.16,1314450730.5072,354,2018,171,46.247951526699595
2018-08-30,2018-08-29,Prod. Sold Negotiated,8703,39.56,194.04,39.56,1688730.12,66806163.5472,1745512.99,69017583.6246,354,2018,171,39.54983465681321
2018-08-31,2018-08-30,Prod. Sold Swine or Pork Market Formula,144892,46.07,208.64,46.07,30230266.88,1392708395.1616,25920545.76,1193900337.7056,355,2018,172,46.06538376302295
2018-08-31,2018-08-30,Prod. Sold Negotiated,11640,39.57,199.83,39.57,2326021.2,92040658.884,1688730.12,66806163.5472,355,2018,172,39.56579368686776
2018-09-04,2018-08-31,Prod. Sold Negotiated,12612,39.03,199.14,39.03,2511553.68,98025940.13039999,2326021.2,92040658.884,362,2018,173,39.28964485907865
2018-09-04,2018-08-31,Prod. Sold Swine or Pork Market Formula,172058,45.74,208.51,45.74,35875813.58,1640959713.1492,30230266.88,1392708395.1616,362,2018,173,45.89090878177896
2018-09-05,2018-09-04,Prod. Sold Swine or Pork Market Formula,122021,46.63,207.56,46.63,25326678.76,1180983030.5788002,35875813.58,1640959713.1492,363,2018,174,46.10829781328477
2018-09-05,2018-09-04,Prod. Sold Negotiated,7556,38.83,192.7,38.83,1456041.2,56538079.796,2511553.68,98025940.13039999,363,2018,174,38.95660333304997
2018-09-06,2018-09-05,Prod. Sold Negotiated,8497,37.94,205.72,37.94,1748002.84,66319227.7496,1456041.2,56538079.796,364,2018,175,38.34445032959035
2018-09-06,2018-09-05,Prod. Sold Swine or Pork Market Formula,131786,46.14,208.42,46.14,27466838.12,1267319910.8567998,25326678.76,1180983030.5788002,364,2018,175,46.37506811680322
2018-09-07,2018-09-06,Prod. Sold Negotiated,10031,38.45,198.43,38.45,1990451.33,76532853.6385,1748002.84,66319227.7496,365,2018,176,38.21153741416602
2018-09-07,2018-09-06,Prod. Sold Swine or Pork Market Formula,129551,46.95,209.13,46.95,27093000.63,1272016379.5785,27466838.12,1267319910.8567998,365,2018,176,46.5422249884362
2018-09-10,2018-09-07,Prod. Sold Swine or Pork Market Formula,226133,48.13,210.45,48.13,47589689.85,2290491772.4805,27093000.63,1272016379.5785,371,2018,177,47.701925696062574
2018-09-10,2018-09-07,Prod. Sold Negotiated,18783,37.92,207.65,37.92,3900289.95,147898994.904,1990451.33,76532853.6385,371,2018,177,38.09908428748716
2018-09-11,2018-09-10,Prod. Sold Swine or Pork Market Formula,123161,48.38,208.18,48.38,25639656.98,1240446604.6924,47589689.85,2290491772.4805,372,2018,178,48.217532041762986
2018-09-11,2018-09-10,Prod. Sold Negotiated,7207,39.6,191.4,39.6,1379419.8,54625024.080000006,3900289.95,147898994.904,372,2018,178,38.35893042870397
2018-09-12,2018-09-11,Prod. Sold Swine or Pork Market Formula,139279,49.35,206.71,49.35,28790362.09,1420804369.1415,25639656.98,1240446604.6924,373,2018,179,48.89307443400644
2018-09-12,2018-09-11,Prod. Sold Negotiated,7225,41.78,195.58,41.78,1413065.5,59037876.59,1379419.8,54625024.080000006,373,2018,179,40.7031330370835
2018-09-13,2018-09-12,Prod. Sold Swine or Pork Market Formula,126412,51.66,208.07,51.66,26302544.84,1358789466.4343998,28790362.09,1420804369.1415,374,2018,180,50.45284394064737
2018-09-13,2018-09-12,Prod. Sold Negotiated,6915,43.65,194.6,43.65,1345659.0,58738015.35,1413065.5,59037876.59,374,2018,180,42.69215426911966
2018-09-14,2018-09-13,Prod. Sold Swine or Pork Market Formula,118933,52.97,208.96,52.96999999999999,24852239.68,1316423135.8495998,26302544.84,1358789466.4343998,375,2018,181,52.29642989187201
2018-09-14,2018-09-13,Prod. Sold Negotiated,9121,45.09,194.86,45.09,1777318.06,80139271.32540001,1345659.0,58738015.35,375,2018,181,44.4695186699194
2018-09-17,2018-09-14,Prod. Sold Swine or Pork Market Formula,166872,55.11,209.4,55.11,34942996.800000004,1925708553.648,24852239.68,1316423135.8495998,381,2018,182,54.220568064514815
2018-09-17,2018-09-14,Prod. Sold Negotiated,15283,44.08,202.83,44.08,3099850.89,136641427.2312,1777318.06,80139271.32540001,381,2018,182,44.44806008957308
2018-09-18,2018-09-17,Prod. Sold Swine or Pork Market Formula,105550,55.65,206.9,55.65,21838295.0,1215301116.75,34942996.800000004,1925708553.648,382,2018,183,55.317685998788775
2018-09-18,2018-09-17,Prod. Sold Negotiated,8938,49.29,196.49,49.28999999999999,1756227.62,86564459.3898,3099850.89,136641427.2312,382,2018,183,45.96422528205789
2018-09-19,2018-09-18,Prod. Sold Negotiated,8329,50.0,197.84,50.0,1647809.36,82390468.0,1756227.62,86564459.3898,383,2018,184,49.63369328314406
2018-09-19,2018-09-18,Prod. Sold Swine or Pork Market Formula,121213,57.15,208.14,57.15,25229273.82,1441852998.8129995,21838295.0,1215301116.75,383,2018,184,56.45403368346315
2018-09-20,2018-09-19,Prod. Sold Swine or Pork Market Formula,119764,58.61,208.19,58.61,24933667.16,1461362232.2476,25229273.82,1441852998.8129995,384,2018,185,57.87569816167904
2018-09-20,2018-09-19,Prod. Sold Negotiated,8505,51.77,199.52,51.77,1696917.6,87849424.15200001,1647809.36,82390468.0,384,2018,185,50.897993823687194
2018-09-21,2018-09-20,Prod. Sold Negotiated,10508,52.75,200.18,52.75,2103491.44,110959173.46,1696917.6,87849424.15200001,385,2018,186,52.31242098403176
2018-09-21,2018-09-20,Prod. Sold Swine or Pork Market Formula,122857,60.55,209.03,60.55,25680798.71,1554972361.8905,24933667.16,1461362232.2476,385,2018,186,59.594318388844826
2018-09-24,2018-09-21,Prod. Sold Swine or Pork Market Formula,169582,62.29,209.49,62.29,35525733.18,2212897919.7822,25680798.71,1554972361.8905,391,2018,187,61.55993756425038
2018-09-24,2018-09-21,Prod. Sold Negotiated,15372,52.45,204.32,52.45000000000001,3140807.04,164735329.24800003,2103491.44,110959173.46,391,2018,187,52.570330189901775
2018-09-25,2018-09-24,Prod. Sold Negotiated,9015,58.8,194.78,58.8,1755941.7,103249371.96,3140807.04,164735329.24800003,392,2018,188,54.72706798674746
2018-09-25,2018-09-24,Prod. Sold Swine or Pork Market Formula,122366,63.11,208.71,63.11,25539007.86,1611766786.0446,35525733.18,2212897919.7822,392,2018,188,62.63294727347623
2018-09-26,2018-09-25,Prod. Sold Swine or Pork Market Formula,126852,64.82,208.19,64.82,26409317.88,1711851984.9815998,25539007.86,1611766786.0446,393,2018,189,63.97932413954637
2018-09-26,2018-09-25,Prod. Sold Negotiated,7406,61.41,196.43,61.41,1454760.58,89336847.2178,1755941.7,103249371.96,393,2018,189,59.98258399025399
2018-09-27,2018-09-26,Prod. Sold Negotiated,8920,60.23,202.63,60.23,1807459.6,108863291.708,1454760.58,89336847.2178,394,2018,190,60.75621141115006
2018-09-27,2018-09-26,Prod. Sold Swine or Pork Market Formula,133335,66.36,209.02,66.36,27869681.700000003,1849432077.612,26409317.88,1711851984.9815998,394,2018,190,65.6107166703532
2018-09-28,2018-09-27,Prod. Sold Swine or Pork Market Formula,134543,67.45,210.89,67.45,28373773.27,1913811007.0615,27869681.700000003,1849432077.612,395,2018,191,66.90988465557098
2018-09-28,2018-09-27,Prod. Sold Negotiated,12295,60.61,203.26,60.61,2499081.7,151469341.83699998,1807459.6,108863291.708,395,2018,191,60.45051362795474
2018-10-01,2018-09-28,Prod. Sold Negotiated,16490,59.35,207.11,59.35,3415243.9000000004,202694725.46500003,2499081.7,151469341.83699998,401,2018,192,59.88240946727722
2018-10-01,2018-09-28,Prod. Sold Swine or Pork Market Formula,182163,68.25,211.59,68.25,38543869.17,2630619070.8525,28373773.27,1913811007.0615,401,2018,192,67.91079171667842
2018-10-02,2018-10-01,Prod. Sold Negotiated,10014,65.1,194.98,65.1,1952529.72,127109684.77199998,3415243.9000000004,202694725.46500003,402,2018,193,61.44156471282036
2018-10-02,2018-10-01,Prod. Sold Swine or Pork Market Formula,117886,68.84,209.13,68.84,24653499.18,1697146883.5512002,38543869.17,2630619070.8525,402,2018,193,68.48016092118968
2018-10-03,2018-10-02,Prod. Sold Swine or Pork Market Formula,129926,69.29,208.65,69.29,27109059.9,1878386760.4710004,24653499.18,1697146883.5512002,403,2018,194,69.07567376056788
2018-10-03,2018-10-02,Prod. Sold Negotiated,7312,65.48,197.59,65.48,1444778.08,94604068.6784,1952529.72,127109684.77199998,403,2018,194,65.26160315835969
2018-10-04,2018-10-03,Prod. Sold Negotiated,9797,64.37,202.04,64.37,1979385.88,127413069.0956,1444778.08,94604068.6784,404,2018,195,64.8383489714669
2018-10-04,2018-10-03,Prod. Sold Swine or Pork Market Formula,129258,69.56,209.59,69.56,27091184.22,1884462774.3432,27109059.9,1878386760.4710004,404,2018,195,69.42495547590534
2018-10-05,2018-10-04,Prod. Sold Negotiated,10082,64.63,196.87,64.63,1984843.34,128280425.0642,1979385.88,127413069.0956,405,2018,196,64.5001789679054
2018-10-05,2018-10-04,Prod. Sold Swine or Pork Market Formula,123556,69.79,210.35,69.79,25990004.6,1813842421.034,27091184.22,1884462774.3432,405,2018,196,69.67261430255964
2018-10-08,2018-10-05,Prod. Sold Negotiated,15301,64.09,207.92,64.09,3181383.92,203894895.4328,1984843.34,128280425.0642,411,2018,197,64.29746578686127
2018-10-08,2018-10-05,Prod. Sold Swine or Pork Market Formula,187368,69.74,211.31,69.74,39592732.08,2761197135.2592,25990004.6,1813842421.034,411,2018,197,69.7598146691612
2018-10-09,2018-10-08,Prod. Sold Negotiated,8380,65.65,192.04,65.65,1609295.2,105650229.88,3181383.92,203894895.4328,412,2018,198,64.61403854424714
2018-10-09,2018-10-08,Prod. Sold Swine or Pork Market Formula,126152,69.57,210.85,69.57,26599149.2,1850502809.844,39592732.08,2761197135.2592,412,2018,198,69.67168564971173
2018-10-10,2018-10-09,Prod. Sold Swine or Pork Market Formula,120327,69.55,209.75,69.55,25238588.25,1755343812.7875,26599149.2,1850502809.844,413,2018,199,69.56026246534222
2018-10-10,2018-10-09,Prod. Sold Negotiated,7286,65.59,205.88,65.59,1500041.68,98387733.7912,1609295.2,105650229.88,413,2018,199,65.62105411723674
2018-10-11,2018-10-10,Prod. Sold Swine or Pork Market Formula,136917,69.41,210.24,69.41,28785430.08,1997996701.8528,25238588.25,1755343812.7875,414,2018,200,69.4754042861717
2018-10-11,2018-10-10,Prod. Sold Negotiated,7084,65.48,196.9,65.48,1394839.6,91334097.008,1500041.68,98387733.7912,414,2018,200,65.53699873978942
2018-10-12,2018-10-11,Prod. Sold Negotiated,11864,65.1,198.58,65.1,2355953.12,153372548.112,1394839.6,91334097.008,415,2018,201,65.24131387351098
2018-10-12,2018-10-11,Prod. Sold Swine or Pork Market Formula,135465,69.05,212.63,69.05,28803922.95,1988910879.6975,28785430.08,1997996701.8528,415,2018,201,69.22994219909714
2018-10-15,2018-10-12,Prod. Sold Swine or Pork Market Formula,180080,69.17,211.41,69.17,38070712.8,2633351204.376,28803922.95,1988910879.6975,421,2018,202,69.11831417449626
2018-10-15,2018-10-12,Prod. Sold Negotiated,19872,64.84,205.33,64.84,4080317.76,264567803.55840003,2355953.12,153372548.112,421,2018,202,64.9351712292134
2018-10-16,2018-10-15,Prod. Sold Swine or Pork Market Formula,114791,68.65,210.8,68.65,24197942.8,1661188773.2200005,38070712.8,2633351204.376,422,2018,203,68.96792513368476
2018-10-16,2018-10-15,Prod. Sold Negotiated,9207,63.97,196.49,63.97,1809083.43,115727067.0171,4080317.76,264567803.55840003,422,2018,203,64.57275677215327
2018-10-17,2018-10-16,Prod. Sold Swine or Pork Market Formula,137314,68.37,210.36,68.37,28885373.040000003,1974892954.7448003,24197942.8,1661188773.2200005,423,2018,204,68.4976375425458
2018-10-17,2018-10-16,Prod. Sold Negotiated,9352,62.89,198.77,62.89,1858897.04,116906034.8456,1809083.43,115727067.0171,423,2018,204,63.42266644148735
2018-10-18,2018-10-17,Prod. Sold Negotiated,10985,64.11,205.45,64.11,2256868.25,144687823.5075,1858897.04,116906034.8456,424,2018,205,63.55898354765026
2018-10-18,2018-10-17,Prod. Sold Swine or Pork Market Formula,133600,67.74,211.39,67.74,28241704.0,1913093028.96,28885373.040000003,1974892954.7448003,424,2018,205,68.05854920570253
2018-10-19,2018-10-18,Prod. Sold Negotiated,13489,63.34,205.46,63.34,2771449.94,175543639.1996,2256868.25,144687823.5075,425,2018,206,63.68560035519551
2018-10-19,2018-10-18,Prod. Sold Swine or Pork Market Formula,131754,67.34,212.76,67.34,28031981.04,1887673603.2336,28241704.0,1913093028.96,425,2018,206,67.54074536778549
2018-10-22,2018-10-19,Prod. Sold Negotiated,20893,63.25,205.8,63.25,4299779.4,271961047.05,2771449.94,175543639.1996,431,2018,207,63.28527399305084
2018-10-22,2018-10-19,Prod. Sold Swine or Pork Market Formula,197515,66.36,213.03,66.36,42076620.45,2792204533.0620003,28031981.04,1887673603.2336,431,2018,207,66.7518398147354
2018-10-23,2018-10-22,Prod. Sold Negotiated,10862,62.27,197.49,62.27,2145136.38,133577642.3826,4299779.4,271961047.05,432,2018,208,62.92381518639488
2018-10-23,2018-10-22,Prod. Sold Swine or Pork Market Formula,125177,66.04,210.71,66.04,26376045.67,1741874056.0468004,42076620.45,2792204533.0620003,432,2018,208,66.23669823408189
2018-10-24,2018-10-23,Prod. Sold Negotiated,10276,61.27,202.74,61.27,2083356.24,127647236.8248,2145136.38,133577642.3826,433,2018,209,61.77730522027019
2018-10-24,2018-10-23,Prod. Sold Swine or Pork Market Formula,136535,65.47,211.51,65.47,28878517.85,1890676563.6395,26376045.67,1741874056.0468004,433,2018,209,65.74209238611502
2018-10-25,2018-10-24,Prod. Sold Negotiated,10712,61.47,201.28,61.47,2156111.36,132536165.29919998,2083356.24,127647236.8248,434,2018,210,61.371716138130175
2018-10-25,2018-10-24,Prod. Sold Swine or Pork Market Formula,134514,65.12,211.96,65.12,28511587.44,1856674574.0928,28878517.85,1890676563.6395,434,2018,210,65.29611888314938
2018-10-26,2018-10-25,Prod. Sold Negotiated,13667,61.1,202.07,61.1,2761690.69,168739301.159,2156111.36,132536165.29919998,435,2018,211,61.262219055400976
2018-10-26,2018-10-25,Prod. Sold Swine or Pork Market Formula,140636,64.67,212.45,64.67,29878118.2,1932217903.994,28511587.44,1856674574.0928,435,2018,211,64.88973418443149
2018-10-29,2018-10-26,Prod. Sold Swine or Pork Market Formula,187637,64.36,212.8,64.36,39929153.6,2569840325.696,29878118.2,1932217903.994,441,2018,212,64.49268269054457
2018-10-29,2018-10-26,Prod. Sold Negotiated,18321,60.32,207.75,60.32,3806187.75,229589245.08,2761690.69,168739301.159,441,2018,212,60.647977863457534
2018-10-30,2018-10-29,Prod. Sold Swine or Pork Market Formula,121255,64.26,211.79,64.26,25680596.45,1650235127.877,39929153.6,2569840325.696,442,2018,213,64.32085856685869
2018-10-30,2018-10-29,Prod. Sold Negotiated,14070,59.73,199.78,59.72999999999999,2810904.6,167895331.758,3806187.75,229589245.08,442,2018,213,60.06937123040152
2018-10-31,2018-10-30,Prod. Sold Swine or Pork Market Formula,129502,64.38,212.01,64.38,27455719.02,1767599190.5075998,25680596.45,1650235127.877,443,2018,214,64.32200441737929
2018-10-31,2018-10-30,Prod. Sold Negotiated,12394,59.72,202.69,59.72,2512139.86,150024992.43919998,2810904.6,167895331.758,443,2018,214,59.72528063333139
2018-11-01,2018-10-31,Prod. Sold Negotiated,10018,59.65,201.77,59.65,2021331.86,120572445.449,2512139.86,150024992.43919998,444,2018,215,59.68878921079936
2018-11-01,2018-10-31,Prod. Sold Swine or Pork Market Formula,133166,64.48,211.93,64.48,28221870.380000003,1819746202.1024003,27455719.02,1767599190.5075998,444,2018,215,64.43068802490217
2018-11-02,2018-11-01,Prod. Sold Negotiated,12085,59.72,201.15,59.72,2430897.75,145173213.63,2021331.86,120572445.449,445,2018,216,59.68821969157156
2018-11-02,2018-11-01,Prod. Sold Swine or Pork Market Formula,129817,64.46,213.15,64.46,27670493.55,1783640014.2329998,28221870.380000003,1819746202.1024003,445,2018,216,64.47009864976022
2018-11-05,2018-11-02,Prod. Sold Negotiated,26476,59.17,206.19,59.17,5459086.44,323014144.6548,2430897.75,145173213.63,451,2018,217,59.339454555332885
2018-11-05,2018-11-02,Prod. Sold Swine or Pork Market Formula,197410,64.71,213.44,64.71,42135190.4,2726568170.7839994,27670493.55,1783640014.2329998,451,2018,217,64.61090171750976
2018-11-06,2018-11-05,Prod. Sold Negotiated,11183,60.17,196.91,60.17,2202044.53,132497019.3701,5459086.44,323014144.6548,452,2018,218,59.4574307381799
2018-11-06,2018-11-05,Prod. Sold Swine or Pork Market Formula,123811,64.19,212.87,64.19,26355647.57,1691769017.5183,42135190.4,2726568170.7839994,452,2018,218,64.5099011671838
2018-11-07,2018-11-06,Prod. Sold Negotiated,9390,59.68,201.37,59.67999999999999,1890864.3,112846781.424,2202044.53,132497019.3701,453,2018,219,59.94362713280862
2018-11-07,2018-11-06,Prod. Sold Swine or Pork Market Formula,128969,63.84,212.91,63.84,27458789.79,1752969140.1936,26355647.57,1691769017.5183,453,2018,219,64.01141267477705
2018-11-08,2018-11-07,Prod. Sold Swine or Pork Market Formula,128931,63.52,212.72,63.52,27426202.32,1742112371.3664,27458789.79,1752969140.1936,454,2018,220,63.68009499855971
2018-11-08,2018-11-07,Prod. Sold Negotiated,11163,59.23,200.4,59.23,2237065.2,132501371.796,1890864.3,112846781.424,454,2018,220,59.43612971587814
2018-11-09,2018-11-08,Prod. Sold Swine or Pork Market Formula,130975,62.67,214.3,62.67,28067942.5,1759017956.475,27426202.32,1742112371.3664,455,2018,221,63.09008525489699
2018-11-09,2018-11-08,Prod. Sold Negotiated,13009,59.09,202.96,59.09,2640306.64,156015719.3576,2237065.2,132501371.796,455,2018,221,59.1542126822137
2018-11-12,2018-11-09,Prod. Sold Swine or Pork Market Formula,190711,61.69,214.19,61.69,40848389.09,2519937122.9621,28067942.5,1759017956.475,461,2018,222,62.089130119311086
2018-11-12,2018-11-09,Prod. Sold Negotiated,18679,59.83,208.09,59.83,3886913.11,232554011.3713,2640306.64,156015719.3576,461,2018,222,59.53066475644549
2018-11-13,2018-11-12,Prod. Sold Negotiated,9862,57.64,196.6,57.64,1938869.2,111756420.688,3886913.11,232554011.3713,462,2018,223,59.10114963758403
2018-11-13,2018-11-12,Prod. Sold Swine or Pork Market Formula,108560,60.87,213.55,60.87,23182988.0,1411148479.56,40848389.09,2519937122.9621,462,2018,223,61.39311351990321
2018-11-14,2018-11-13,Prod. Sold Negotiated,8271,56.88,197.04,56.88,1629717.84,92698350.7392,1938869.2,111756420.688,463,2018,224,57.29291989672192
2018-11-14,2018-11-13,Prod. Sold Swine or Pork Market Formula,138995,60.54,211.34,60.54,29375203.3,1778374807.782,23182988.0,1411148479.56,463,2018,224,60.68556029898997
2018-11-15,2018-11-14,Prod. Sold Negotiated,8371,55.95,194.89,55.95,1631424.19,91278183.4305,1629717.84,92698350.7392,464,2018,225,56.41475669481958
2018-11-15,2018-11-14,Prod. Sold Swine or Pork Market Formula,132649,59.55,212.54,59.55,28193218.46,1678906159.2929995,29375203.3,1778374807.782,464,2018,225,60.0551632540534
2018-11-16,2018-11-15,Prod. Sold Swine or Pork Market Formula,135584,59.07,213.1,59.07,28892950.4,1706706580.128,28193218.46,1678906159.2929995,465,2018,226,59.30705820746156
2018-11-16,2018-11-15,Prod. Sold Negotiated,9966,55.78,193.83,55.78,1931709.78,107750771.5284,1631424.19,91278183.4305,465,2018,226,55.85783656596556
2018-11-19,2018-11-16,Prod. Sold Negotiated,12200,55.52,205.43,55.52,2506246.0,139146777.92000002,1931709.78,107750771.5284,471,2018,227,55.63317024497256
2018-11-19,2018-11-16,Prod. Sold Swine or Pork Market Formula,204153,58.43,213.68,58.43,43623413.04,2548916023.9272,28892950.4,1706706580.128,471,2018,227,58.6849974568333
2018-11-20,2018-11-19,Prod. Sold Negotiated,5923,54.71,188.89,54.71,1118795.47,61209300.1637,2506246.0,139146777.92000002,472,2018,228,55.27000994107249
2018-11-20,2018-11-19,Prod. Sold Swine or Pork Market Formula,122872,58.31,211.68,58.31,26009544.96,1516616566.6176002,43623413.04,2548916023.9272,472,2018,228,58.3851771821154
2018-11-21,2018-11-20,Prod. Sold Swine or Pork Market Formula,128562,58.03,211.92,58.03,27244859.04,1581019170.0912,26009544.96,1516616566.6176002,473,2018,229,58.16675249447538
2018-11-21,2018-11-20,Prod. Sold Negotiated,5533,54.16,199.42,54.16,1103390.86,59759648.97759999,1118795.47,61209300.1637,473,2018,229,54.436906351277926
2018-11-23,2018-11-21,Prod. Sold Negotiated,6050,53.78,188.24,53.78,1138852.0,61247460.56,1103390.86,59759648.97759999,475,2018,230,53.96699514413884
2018-11-23,2018-11-21,Prod. Sold Swine or Pork Market Formula,134935,57.96,212.77,57.96,28710119.950000003,1664038552.3020003,27244859.04,1581019170.0912,475,2018,230,57.99408347509416
2018-11-26,2018-11-23,Prod. Sold Swine or Pork Market Formula,242152,57.4,215.06,57.4,52077209.12,2989231803.488,28710119.950000003,1664038552.3020003,481,2018,231,57.599012238145285
2018-11-26,2018-11-23,Prod. Sold Negotiated,10089,53.08,205.78,53.08,2076114.42,110200153.4136,1138852.0,61247460.56,481,2018,231,53.32796414514339
2018-11-27,2018-11-26,Prod. Sold Negotiated,6379,53.38,202.0,53.38,1288558.0,68783226.04,2076114.42,110200153.4136,482,2018,232,53.194890055181055
2018-11-27,2018-11-26,Prod. Sold Swine or Pork Market Formula,119541,57.21,212.01,57.21,25343887.41,1449923798.7261,52077209.12,2989231803.488,482,2018,232,57.337803275544736
2018-11-28,2018-11-27,Prod. Sold Negotiated,5844,52.11,195.23,52.11,1140924.12,59453555.8932,1288558.0,68783226.04,483,2018,233,52.783587447517405
2018-11-28,2018-11-27,Prod. Sold Swine or Pork Market Formula,121482,56.85,212.89,56.85,25862302.98,1470271924.413,25343887.41,1449923798.7261,483,2018,233,57.028177665592985
2018-11-29,2018-11-28,Prod. Sold Negotiated,6498,52.56,195.23,52.56,1268604.54,66677854.62240001,1140924.12,59453555.8932,484,2018,234,52.34692270296548
2018-11-29,2018-11-28,Prod. Sold Swine or Pork Market Formula,129896,56.66,214.41,56.66,27851001.36,1578037737.0575998,25862302.98,1470271924.413,484,2018,234,56.75148268993276
2018-11-30,2018-11-29,Prod. Sold Negotiated,8631,52.16,199.31,52.16,1720244.61,89727958.8576,1268604.54,66677854.62240001,485,2018,235,52.329778329562075
2018-11-30,2018-11-29,Prod. Sold Swine or Pork Market Formula,133518,56.62,213.7,56.62,28532796.6,1615526943.492,27851001.36,1578037737.0575998,485,2018,235,56.63975815916463
2018-12-03,2018-11-30,Prod. Sold Negotiated,10870,51.55,204.67,51.55,2224762.9,114686527.495,1720244.61,89727958.8576,491,2018,236,51.81599422420364
2018-12-03,2018-11-30,Prod. Sold Swine or Pork Market Formula,174728,56.64,214.7,56.64,37514101.6,2124798714.624,28532796.6,1615526943.492,491,2018,236,56.631359837516186
2018-12-04,2018-12-03,Prod. Sold Negotiated,7110,51.65,199.57,51.65,1418942.7,73288390.455,2224762.9,114686527.495,492,2018,237,51.58894229819226
2018-12-04,2018-12-03,Prod. Sold Swine or Pork Market Formula,115662,56.7,213.71,56.7,24718126.02,1401517745.334,37514101.6,2124798714.624,492,2018,237,56.66383150367452
2018-12-05,2018-12-04,Prod. Sold Negotiated,7094,52.4,196.74,52.4,1395673.56,73133294.544,1418942.7,73288390.455,493,2018,238,52.02189978075378
2018-12-05,2018-12-04,Prod. Sold Swine or Pork Market Formula,133029,56.57,213.6,56.57,28414994.4,1607436233.208,24718126.02,1401517745.334,493,2018,238,56.6304774640977
2018-12-06,2018-12-05,Prod. Sold Negotiated,7662,50.26,201.56,50.26,1544352.72,77619167.70719999,1395673.56,73133294.544,494,2018,239,51.2758893608257
2018-12-06,2018-12-05,Prod. Sold Swine or Pork Market Formula,124583,56.33,213.74,56.33,26628370.42,1499976105.7586,28414994.4,1607436233.208,494,2018,239,56.45389501765201
2018-12-07,2018-12-06,Prod. Sold Negotiated,9130,50.7,201.23,50.70000000000001,1837229.9,93147555.93,1544352.72,77619167.70719999,495,2018,240,50.49905409000476
2018-12-07,2018-12-06,Prod. Sold Swine or Pork Market Formula,128724,56.27,215.29,56.27,27712989.96,1559409945.0491998,26628370.42,1499976105.7586,495,2018,240,56.29940121877751
2018-12-10,2018-12-07,Prod. Sold Negotiated,13325,49.71,208.87,49.71,2783192.75,138352511.6025,1837229.9,93147555.93,501,2018,241,50.10365610871118
2018-12-10,2018-12-07,Prod. Sold Swine or Pork Market Formula,188800,56.7,215.56,56.7,40697728.0,2307561177.6,27712989.96,1559409945.0491998,501,2018,241,56.52580820610935
2018-12-11,2018-12-10,Prod. Sold Negotiated,7772,49.94,199.17,49.94,1547949.24,77304585.0456,2783192.75,138352511.6025,502,2018,242,49.792201951822875
2018-12-11,2018-12-10,Prod. Sold Swine or Pork Market Formula,125420,55.89,213.43,55.89,26768390.6,1496085350.634,40697728.0,2307561177.6,502,2018,242,56.37861799617446
2018-12-12,2018-12-11,Prod. Sold Negotiated,7528,48.38,198.65,48.38,1495437.2,72349251.736,1547949.24,77304585.0456,503,2018,243,49.17345849171885
2018-12-12,2018-12-11,Prod. Sold Swine or Pork Market Formula,127208,55.9,213.17,55.9,27116929.36,1515836351.224,26768390.6,1496085350.634,503,2018,243,55.89503234078968
2018-12-13,2018-12-12,Prod. Sold Swine or Pork Market Formula,136040,55.58,213.4,55.58,29030936.0,1613539422.88,27116929.36,1515836351.224,504,2018,244,55.73454581112859
2018-12-13,2018-12-12,Prod. Sold Negotiated,8004,48.78,199.75,48.78,1598799.0,77989415.22,1495437.2,72349251.736,504,2018,244,48.586680925005005
2018-12-14,2018-12-13,Prod. Sold Swine or Pork Market Formula,150130,55.55,214.73,55.55,32237414.9,1790788397.695,29030936.0,1613539422.88,505,2018,245,55.56421497505982
2018-12-14,2018-12-13,Prod. Sold Negotiated,9841,48.39,205.36,48.39,2020947.76,97793662.1064,1598799.0,77989415.22,505,2018,245,48.56225835157596
2018-12-17,2018-12-14,Prod. Sold Swine or Pork Market Formula,212925,55.66,215.28,55.66,45838494.0,2551370576.04,32237414.9,1790788397.695,511,2018,246,55.61458118017502
2018-12-17,2018-12-14,Prod. Sold Negotiated,17302,48.37,207.04,48.37,3582206.08,173271308.0896,2020947.76,97793662.1064,511,2018,246,48.377213607970475
2018-12-18,2018-12-17,Prod. Sold Negotiated,9424,47.95,202.18,47.95,1905344.32,91361260.14400001,3582206.08,173271308.0896,512,2018,247,48.22417088571979
2018-12-18,2018-12-17,Prod. Sold Swine or Pork Market Formula,130156,55.45,211.99,55.45,27591770.44,1529963670.8980002,45838494.0,2551370576.04,512,2018,247,55.58109150312084
2018-12-19,2018-12-18,Prod. Sold Swine or Pork Market Formula,140980,55.33,212.08,55.33,29899038.4,1654313794.6720002,27591770.44,1529963670.8980002,513,2018,248,55.387592031136926
2018-12-19,2018-12-18,Prod. Sold Negotiated,6136,47.76,197.77,47.76,1213516.72,57957558.5472,1905344.32,91361260.14400001,513,2018,248,47.876072956171214
2018-12-20,2018-12-19,Prod. Sold Swine or Pork Market Formula,146944,54.62,213.38,54.62,31354910.72,1712605223.5264,29899038.4,1654313794.6720002,514,2018,249,54.96656242689614
2018-12-20,2018-12-19,Prod. Sold Negotiated,7785,47.46,196.42,47.46000000000001,1529129.7,72572495.562,1213516.72,57957558.5472,514,2018,249,47.592738589030375
2018-12-21,2018-12-20,Prod. Sold Swine or Pork Market Formula,143985,53.77,214.24,53.77,30847346.4,1658661815.9280002,31354910.72,1712605223.5264,515,2018,250,54.19846795833443
2018-12-21,2018-12-20,Prod. Sold Negotiated,8161,47.23,193.16,47.23,1576378.76,74452368.83479999,1529129.7,72572495.562,515,2018,250,47.34325032133385
2018-12-24,2018-12-21,Prod. Sold Negotiated,16635,46.28,206.47,46.28,3434628.45,158954604.666,1576378.76,74452368.83479999,521,2018,251,46.578854054532485
2018-12-24,2018-12-21,Prod. Sold Swine or Pork Market Formula,241767,53.7,214.34,53.7,51820338.78,2782752192.486,30847346.4,1658661815.9280002,521,2018,251,53.7261204150485
2018-12-27,2018-12-26,Prod. Sold Swine or Pork Market Formula,134796,53.25,214.41,53.25000000000001,28901610.36,1539010751.67,51820338.78,2782752192.486,524,2018,252,53.53888242540522
2018-12-27,2018-12-26,Prod. Sold Negotiated,6924,46.08,204.27,46.08,1414365.48,65173961.3184,3434628.45,158954604.666,524,2018,252,46.22166354916431
2018-12-28,2018-12-27,Prod. Sold Negotiated,7608,45.6,201.05,45.6,1529588.4,69749231.04,1414365.48,65173961.3184,525,2018,253,45.83060668002041
2018-12-28,2018-12-27,Prod. Sold Swine or Pork Market Formula,128777,53.74,215.92,53.74,27805529.84,1494269173.6016,28901610.36,1539010751.67,525,2018,253,53.490264445950665
2018-12-31,2018-12-28,Prod. Sold Swine or Pork Market Formula,259729,53.49,215.85,53.49,56062504.65,2998783373.7285,27805529.84,1494269173.6016,531,2018,254,53.57288476655345
2018-12-31,2018-12-28,Prod. Sold Negotiated,11438,45.97,207.93,45.97,2378303.34,109330604.5398,1529588.4,69749231.04,531,2018,254,45.82517825322356
2019-01-02,2018-12-31,Prod. Sold Negotiated,4405,47.46,191.99,47.46,845715.95,40137678.987,2378303.34,109330604.5398,13,2019,1,46.36085273757775
2019-01-02,2018-12-31,Prod. Sold Swine or Pork Market Formula,102916,53.02,214.24,53.02,22048723.84,1169023337.9968,56062504.65,2998783373.7285,13,2019,1,53.357331491193655
2019-01-03,2019-01-02,Prod. Sold Negotiated,6532,46.81,197.28,46.81,1288632.96,60320908.8576,845715.95,40137678.987,14,2019,2,47.06755646835642
2019-01-03,2019-01-02,Prod. Sold Swine or Pork Market Formula,134990,53.88,216.65,53.88,29245583.5,1575752038.98,22048723.84,1169023337.9968,14,2019,2,53.51033124949494
2019-01-04,2019-01-03,Prod. Sold Negotiated,9225,46.33,204.01,46.33,1881992.25,87192700.9425,1288632.96,60320908.8576,15,2019,3,46.52508575748693
2019-01-04,2019-01-03,Prod. Sold Swine or Pork Market Formula,140040,54.14,216.64,54.14,30338265.6,1642513699.584,29245583.5,1575752038.98,15,2019,3,54.012384013036176
2019-01-07,2019-01-04,Prod. Sold Negotiated,12364,45.92,209.16,45.92,2586054.24,118751610.7008,1881992.25,87192700.9425,21,2019,4,46.09269668617526
2019-01-07,2019-01-04,Prod. Sold Swine or Pork Market Formula,268880,55.33,217.49,55.33,58478711.2,3235627090.696,30338265.6,1642513699.584,21,2019,4,54.92351762056373
2019-01-08,2019-01-07,Prod. Sold Negotiated,9436,48.46,201.68,48.46,1903052.48,92221923.1808,2586054.24,118751610.7008,22,2019,5,46.99677397769684
2019-01-08,2019-01-07,Prod. Sold Swine or Pork Market Formula,128726,55.11,215.72,55.11,27768772.72,1530337064.5992,58478711.2,3235627090.696,22,2019,5,55.25916744094162
2019-01-09,2019-01-08,Prod. Sold Swine or Pork Market Formula,140939,55.92,214.62,55.92000000000001,30248328.18,1691486511.8256,27768772.72,1530337064.5992,23,2019,6,55.53230903381455
2019-01-09,2019-01-08,Prod. Sold Negotiated,7922,47.26,202.54,47.26,1604521.88,75829704.04879998,1903052.48,92221923.1808,23,2019,6,47.91106616185894
2019-01-10,2019-01-09,Prod. Sold Negotiated,8286,49.8,196.59,49.8,1628944.74,81121448.052,1604521.88,75829704.04879998,24,2019,7,48.53959250112808
2019-01-10,2019-01-09,Prod. Sold Swine or Pork Market Formula,139709,56.86,215.35,56.86,30086333.15,1710708902.909,30248328.18,1691486511.8256,24,2019,7,56.38873807754247
2019-01-11,2019-01-10,Prod. Sold Swine or Pork Market Formula,143652,57.34,215.92,57.34,31017339.84,1778534266.4256,30086333.15,1710708902.909,25,2019,8,57.103656762264315
2019-01-11,2019-01-10,Prod. Sold Negotiated,8761,48.56,200.07,48.56,1752813.27,85116612.3912,1628944.74,81121448.052,25,2019,8,49.157290365433326
2019-01-14,2019-01-11,Prod. Sold Swine or Pork Market Formula,204452,57.84,216.81,57.84,44327238.12,2563887452.8608,31017339.84,1778534266.4256,31,2019,9,57.634163424364345
2019-01-14,2019-01-11,Prod. Sold Negotiated,11733,50.17,204.4,50.17,2398225.2,120318958.284,1752813.27,85116612.3912,31,2019,9,49.49016304230975
2019-01-15,2019-01-14,Prod. Sold Swine or Pork Market Formula,134196,58.28,214.88,58.28,28836036.48,1680564206.0544,44327238.12,2563887452.8608,32,2019,10,58.0134183730918
2019-01-15,2019-01-14,Prod. Sold Negotiated,7342,51.5,196.23,51.5,1440720.66,74197113.99,2398225.2,120318958.284,32,2019,10,50.66913662439615
2019-01-16,2019-01-15,Prod. Sold Swine or Pork Market Formula,148200,58.37,214.38,58.37,31771116.0,1854480040.92,28836036.48,1680564206.0544,33,2019,11,58.32717925728226
2019-01-16,2019-01-15,Prod. Sold Negotiated,7265,51.8,199.87,51.8,1452055.55,75216477.49,1440720.66,74197113.99,33,2019,11,51.65058775148044
2019-01-17,2019-01-16,Prod. Sold Swine or Pork Market Formula,130405,58.55,214.93,58.55,28027946.65,1641036276.3575,31771116.0,1854480040.92,34,2019,12,58.45436637922785
2019-01-17,2019-01-16,Prod. Sold Negotiated,5909,52.25,201.63,52.25,1191431.67,62252304.75749999,1452055.55,75216477.49,34,2019,12,52.002817039342446
2019-01-18,2019-01-17,Prod. Sold Swine or Pork Market Formula,133994,58.44,215.93,58.44,28933324.42,1690863479.1048,28027946.65,1641036276.3575,35,2019,13,58.49412579588877
2019-01-18,2019-01-17,Prod. Sold Negotiated,9799,52.28,204.76,52.28,2006443.24,104896852.5872,1191431.67,62252304.75749999,35,2019,13,52.26882290549006
2019-01-21,2019-01-18,Prod. Sold Negotiated,12314,51.2,211.39,51.2,2603056.46,133276490.752,2006443.24,104896852.5872,41,2019,14,51.670107135314495
2019-01-21,2019-01-18,Prod. Sold Swine or Pork Market Formula,181799,58.55,216.16,58.55,39297671.84,2300878686.232,28933324.42,1690863479.1048,41,2019,14,58.503354547630046
2019-01-22,2019-01-21,Prod. Sold Negotiated,9418,52.66,204.83,52.66,1929088.94,101585823.5804,2603056.46,133276490.752,42,2019,15,51.82144295997212
2019-01-22,2019-01-21,Prod. Sold Swine or Pork Market Formula,108056,59.22,213.37,59.22,23055908.72,1365370914.3983998,39297671.84,2300878686.232,42,2019,15,58.79773972406501
2019-01-23,2019-01-22,Prod. Sold Negotiated,7201,53.39,202.3,53.38999999999999,1456762.3,77776539.197,1929088.94,101585823.5804,43,2019,16,52.97408245773964
2019-01-23,2019-01-22,Prod. Sold Swine or Pork Market Formula,135935,58.72,213.86,58.72,29071059.1,1707052590.352,23055908.72,1365370914.3983998,43,2019,16,58.941151446978594
2019-01-24,2019-01-23,Prod. Sold Negotiated,8554,53.07,199.37,53.07,1705410.98,90506160.7086,1456762.3,77776539.197,44,2019,17,53.21741884606652
2019-01-24,2019-01-23,Prod. Sold Swine or Pork Market Formula,137682,58.84,214.29,58.84,29503875.78,1736008050.8952,29071059.1,1707052590.352,44,2019,17,58.78044334664398
2019-01-25,2019-01-24,Prod. Sold Swine or Pork Market Formula,140287,58.73,215.7,58.73,30259905.9,1777164273.5069995,29503875.78,1736008050.8952,45,2019,18,58.7843042331755
2019-01-25,2019-01-24,Prod. Sold Negotiated,7155,53.36,204.26,53.36,1461480.3,77984588.808,1705410.98,90506160.7086,45,2019,18,53.203831334746674
2019-01-28,2019-01-25,Prod. Sold Negotiated,7818,53.39,203.27,53.39,1589164.86,84845511.8754,1461480.3,77984588.808,51,2019,19,53.37562782405018
2019-01-28,2019-01-25,Prod. Sold Swine or Pork Market Formula,213054,58.2,216.4,58.2,46104885.6,2683304341.92,30259905.9,1777164273.5069995,51,2019,19,58.41001497957341
2019-01-29,2019-01-28,Prod. Sold Swine or Pork Market Formula,136508,57.91,214.41,57.91,29268680.28,1694949275.0148,46104885.6,2683304341.92,52,2019,20,58.0873886729107
2019-01-29,2019-01-28,Prod. Sold Negotiated,8272,53.34,199.6,53.34000000000001,1651091.2,88069204.60800001,1589164.86,84845511.8754,52,2019,20,53.36452221106254
2019-01-30,2019-01-29,Prod. Sold Negotiated,9477,52.68,200.23,52.68,1897579.71,99964499.1228,1651091.2,88069204.60800001,53,2019,21,52.98707840192485
2019-01-30,2019-01-29,Prod. Sold Swine or Pork Market Formula,122813,58.03,213.71,58.03,26246366.23,1523076632.3269,29268680.28,1694949275.0148,53,2019,21,57.96673351902952
2019-01-31,2019-01-30,Prod. Sold Negotiated,3890,54.43,174.51,54.43000000000001,678843.8999999999,36949473.477,1897579.71,99964499.1228,54,2019,22,53.14109530295757
2019-01-31,2019-01-30,Prod. Sold Swine or Pork Market Formula,59290,56.98,215.87,56.98,12798932.3,729283162.454,26246366.23,1523076632.3269,54,2019,22,57.685813134462926
2019-02-01,2019-01-31,Prod. Sold Negotiated,7852,53.07,198.34,53.06999999999999,1557365.68,82649396.63759999,678843.8999999999,36949473.477,55,2019,23,53.48285383635642
2019-02-01,2019-01-31,Prod. Sold Swine or Pork Market Formula,120497,57.59,215.07,57.59,25915289.79,1492461539.0061,12798932.3,729283162.454,55,2019,23,57.3883338349186
2019-02-04,2019-02-01,Prod. Sold Negotiated,12771,53.26,205.41,53.26,2623291.11,139716484.5186,1557365.68,82649396.63759999,61,2019,24,53.189221772065146
2019-02-04,2019-02-01,Prod. Sold Swine or Pork Market Formula,256439,57.65,216.06,57.65,55406210.34,3194168026.1010003,25915289.79,1492461539.0061,61,2019,24,57.63087938140696
2019-02-05,2019-02-04,Prod. Sold Negotiated,7196,51.39,210.47,51.38999999999999,1514542.12,77832319.5468,2623291.11,139716484.5186,62,2019,25,52.57553699557872
2019-02-05,2019-02-04,Prod. Sold Swine or Pork Market Formula,136772,57.48,215.02,57.48,29408715.44,1690412963.4912,55406210.34,3194168026.1010003,62,2019,25,57.59105422390196
2019-02-06,2019-02-05,Prod. Sold Swine or Pork Market Formula,139497,57.37,212.83,57.37,29689146.51,1703266335.2787,29408715.44,1690412963.4912,63,2019,26,57.42473901409728
2019-02-06,2019-02-05,Prod. Sold Negotiated,6711,51.89,199.08,51.89,1336025.88,69326382.9132,1514542.12,77832319.5468,63,2019,26,51.62434380095475
2019-02-07,2019-02-06,Prod. Sold Swine or Pork Market Formula,140167,56.89,215.3,56.89,30177955.1,1716823865.6390002,29689146.51,1703266335.2787,64,2019,27,57.12804042523448
2019-02-07,2019-02-06,Prod. Sold Negotiated,7472,51.9,203.65,51.89999999999999,1521672.8,78974818.32,1336025.88,69326382.9132,64,2019,27,51.89532481892038
2019-02-08,2019-02-07,Prod. Sold Swine or Pork Market Formula,131114,56.6,214.8,56.6,28163287.200000003,1594042055.5200002,30177955.1,1716823865.6390002,65,2019,28,56.75000720989104
2019-02-08,2019-02-07,Prod. Sold Negotiated,7226,52.4,192.65,52.39999999999999,1392088.9,72945458.36,1521672.8,78974818.32,65,2019,28,52.13888173490646
2019-02-11,2019-02-08,Prod. Sold Swine or Pork Market Formula,209556,56.25,215.85,56.25,45232662.6,2544337271.25,28163287.200000003,1594042055.5200002,71,2019,29,56.384301014522734
2019-02-11,2019-02-08,Prod. Sold Negotiated,17320,52.54,205.41,52.54,3557701.2,186921621.048,1392088.9,72945458.36,71,2019,29,52.50062611907524
2019-02-12,2019-02-11,Prod. Sold Negotiated,8912,51.51,204.93,51.51,1826336.16,94074575.6016,3557701.2,186921621.048,72,2019,30,52.1906104770417
2019-02-12,2019-02-11,Prod. Sold Swine or Pork Market Formula,125080,56.07,214.3,56.07,26804644.0,1502936389.08,45232662.6,2544337271.25,72,2019,30,56.183023093897845
2019-02-13,2019-02-12,Prod. Sold Negotiated,8003,50.77,203.02,50.77,1624769.06,82489525.1762,1826336.16,94074575.6016,73,2019,31,51.16161041818366
2019-02-13,2019-02-12,Prod. Sold Swine or Pork Market Formula,128503,55.59,213.55,55.59,27441815.65,1525490531.9835002,26804644.0,1502936389.08,73,2019,31,55.82718099214241
2019-02-14,2019-02-13,Prod. Sold Swine or Pork Market Formula,143189,55.3,215.33,55.3,30832887.37,1705058671.561,27441815.65,1525490531.9835002,74,2019,32,55.436562283908486
2019-02-14,2019-02-13,Prod. Sold Negotiated,5857,51.34,194.79,51.34,1140885.03,58573037.44020001,1624769.06,82489525.1762,74,2019,32,51.00513586512911
2019-02-15,2019-02-14,Prod. Sold Swine or Pork Market Formula,144172,55.06,215.8,55.06,31112317.6,1713044207.0560002,30832887.37,1705058671.561,75,2019,33,55.179458688891
2019-02-15,2019-02-14,Prod. Sold Negotiated,7850,51.57,204.28,51.57,1603598.0,82697548.86,1140885.03,58573037.44020001,75,2019,33,51.47438871217943
2019-02-18,2019-02-15,Prod. Sold Negotiated,8028,51.17,209.42,51.17,1681223.76,86028219.7992,1603598.0,82697548.86,81,2019,34,51.365273669887046
2019-02-18,2019-02-15,Prod. Sold Swine or Pork Market Formula,214082,54.77,215.96,54.77,46233148.72,2532189555.3944,31112317.6,1713044207.0560002,81,2019,34,54.88665288908689
2019-02-19,2019-02-18,Prod. Sold Negotiated,7213,46.88,212.25,46.88,1530959.25,71771369.64,1681223.76,86028219.7992,82,2019,35,49.125342157637526
2019-02-19,2019-02-18,Prod. Sold Swine or Pork Market Formula,127391,54.48,214.23,54.48,27290973.93,1486812259.7064,46233148.72,2532189555.3944,82,2019,35,54.66235665582335
2019-02-20,2019-02-19,Prod. Sold Swine or Pork Market Formula,139372,54.45,213.67,54.45,29779615.24,1621500049.818,27290973.93,1486812259.7064,83,2019,36,54.4643459044283
2019-02-20,2019-02-19,Prod. Sold Negotiated,8549,49.51,197.01,49.51,1684238.49,83386647.6399,1530959.25,71771369.64,83,2019,36,48.257690452314144
2019-02-21,2019-02-20,Prod. Sold Swine or Pork Market Formula,131718,54.07,213.61,54.07,28136281.98,1521328766.6586,29779615.24,1621500049.818,84,2019,37,54.26539115051976
2019-02-21,2019-02-20,Prod. Sold Negotiated,6274,50.66,194.71,50.66,1221610.54,61886789.9564,1684238.49,83386647.6399,84,2019,37,49.9934566787525
2019-02-22,2019-02-21,Prod. Sold Negotiated,9433,49.38,199.71,49.38,1883864.43,93025225.5534,1221610.54,61886789.9564,85,2019,38,49.8835176603597
2019-02-22,2019-02-21,Prod. Sold Swine or Pork Market Formula,140491,53.65,215.41,53.65,30263166.31,1623618872.5315,28136281.98,1521328766.6586,85,2019,38,53.852351884780106
2019-02-25,2019-02-22,Prod. Sold Negotiated,15554,48.67,203.64,48.67000000000001,3167416.56,154158163.9752,1883864.43,93025225.5534,91,2019,39,48.93479297982985
2019-02-25,2019-02-22,Prod. Sold Swine or Pork Market Formula,182333,53.26,215.08,53.26,39216181.64,2088653834.1464,30263166.31,1623618872.5315,91,2019,39,53.429872562266894
2019-02-26,2019-02-25,Prod. Sold Negotiated,5229,49.37,194.78,49.370000000000005,1018504.62,50283573.0894,3167416.56,154158163.9752,92,2019,40,48.84032170538863
2019-02-26,2019-02-25,Prod. Sold Swine or Pork Market Formula,98580,52.89,214.76,52.88999999999999,21171040.8,1119736347.912,39216181.64,2088653834.1464,92,2019,40,53.1302824077762
2019-02-27,2019-02-26,Prod. Sold Swine or Pork Market Formula,141802,53.15,212.12,53.15,30079040.24,1598700988.756,21171040.8,1119736347.912,93,2019,41,53.042595865288405
2019-02-27,2019-02-26,Prod. Sold Negotiated,9573,48.79,204.49,48.79,1957582.77,95510463.3483,1018504.62,50283573.0894,93,2019,41,48.988493055541625
2019-02-28,2019-02-27,Prod. Sold Negotiated,7433,48.33,203.54,48.32999999999999,1512912.8199999998,73119076.59059998,1957582.77,95510463.3483,94,2019,42,48.58946959183429
2019-02-28,2019-02-27,Prod. Sold Swine or Pork Market Formula,145953,52.59,214.1,52.59,31248537.3,1643360576.607,30079040.24,1598700988.756,94,2019,42,52.86466049059924
2019-03-01,2019-02-28,Prod. Sold Swine or Pork Market Formula,138750,52.03,215.56,52.03,29908950.0,1556162668.5,31248537.3,1643360576.607,95,2019,43,52.31613309114811
2019-03-01,2019-02-28,Prod. Sold Negotiated,6371,47.83,196.51,47.83,1251965.21,59881495.99429999,1512912.8199999998,73119076.59059998,95,2019,43,48.10359485727477
2019-03-04,2019-03-01,Prod. Sold Swine or Pork Market Formula,193841,52.27,215.46,52.27000000000001,41764981.86,2183055601.8222003,29908950.0,1556162668.5,101,2019,44,52.1698499480394
2019-03-04,2019-03-01,Prod. Sold Negotiated,15820,48.3,209.62,48.3,3316188.4,160171899.72,1251965.21,59881495.99429999,101,2019,44,48.171190047678806
2019-03-05,2019-03-04,Prod. Sold Swine or Pork Market Formula,118060,52.2,214.34,52.2,25304980.4,1320919976.88,41764981.86,2183055601.8222003,102,2019,45,52.24358953891858
2019-03-05,2019-03-04,Prod. Sold Negotiated,8675,47.19,206.74,47.19,1793469.5,84633825.705,3316188.4,160171899.72,102,2019,45,47.910394436582536
2019-03-06,2019-03-05,Prod. Sold Negotiated,8504,46.78,202.11,46.78,1718743.4400000002,80402818.12320001,1793469.5,84633825.705,103,2019,46,46.98936159269432
2019-03-06,2019-03-05,Prod. Sold Swine or Pork Market Formula,126907,52.15,213.58,52.15,27104797.06,1413515166.679,25304980.4,1320919976.88,103,2019,46,52.174141469041054
2019-03-07,2019-03-06,Prod. Sold Swine or Pork Market Formula,125809,51.99,214.09,51.99,26934448.81,1400321993.6319,27104797.06,1413515166.679,104,2019,47,52.0702521844963
2019-03-07,2019-03-06,Prod. Sold Negotiated,8555,46.58,198.16,46.58,1695258.8,78965154.904,1718743.4400000002,80402818.12320001,104,2019,47,46.680687891757216
2019-03-08,2019-03-07,Prod. Sold Negotiated,10792,46.6,202.63,46.6,2186782.96,101904085.936,1695258.8,78965154.904,105,2019,48,46.591266148564046
2019-03-08,2019-03-07,Prod. Sold Swine or Pork Market Formula,115052,52.2,213.97,52.2,24617676.44,1285042710.1680002,26934448.81,1400321993.6319,105,2019,48,52.09028125954711
2019-03-11,2019-03-08,Prod. Sold Swine or Pork Market Formula,165596,52.7,214.61,52.7,35538557.56,1872881983.412,24617676.44,1285042710.1680002,111,2019,49,52.49538549205058
2019-03-11,2019-03-08,Prod. Sold Negotiated,17749,46.74,206.92,46.74,3672623.08,171658402.75919998,2186782.96,101904085.936,111,2019,49,46.68775074259917
2019-03-12,2019-03-11,Prod. Sold Swine or Pork Market Formula,114453,53.04,212.53,53.04,24324696.09,1290181880.6136,35538557.56,1872881983.412,112,2019,50,52.83815481395239
2019-03-12,2019-03-11,Prod. Sold Negotiated,5293,46.38,202.82,46.38,1073526.26,49790147.9388,3672623.08,171658402.75919998,112,2019,50,46.658571998916486
2019-03-13,2019-03-12,Prod. Sold Swine or Pork Market Formula,122334,53.77,212.52,53.77,25998421.68,1397935133.7336,24324696.09,1290181880.6136,113,2019,51,53.4171397454574
2019-03-13,2019-03-12,Prod. Sold Negotiated,6475,47.11,192.82,47.11,1248509.5,58817282.545,1073526.26,49790147.9388,113,2019,51,46.77250555512548
2019-03-14,2019-03-13,Prod. Sold Swine or Pork Market Formula,119543,55.23,214.37,55.23,25626432.91,1415347889.6193,25998421.68,1397935133.7336,114,2019,52,54.49473990185044
2019-03-14,2019-03-13,Prod. Sold Negotiated,7863,47.61,200.16,47.61,1573858.08,74931383.1888,1248509.5,58817282.545,114,2019,52,47.388818763925855
2019-03-15,2019-03-14,Prod. Sold Negotiated,6843,49.2,195.7,49.2,1339175.1,65887414.92,1573858.08,74931383.1888,115,2019,53,48.34095233642344
2019-03-15,2019-03-14,Prod. Sold Swine or Pork Market Formula,130826,56.29,214.48,56.29,28059560.48,1579472659.4192,25626432.91,1415347889.6193,115,2019,53,55.78402037348423
2019-03-18,2019-03-15,Prod. Sold Negotiated,15114,47.6,208.69,47.6,3154140.66,150137095.416,1339175.1,65887414.92,121,2019,54,48.07685946736136
2019-03-18,2019-03-15,Prod. Sold Swine or Pork Market Formula,179083,57.72,214.56,57.72,38424048.48,2217836078.2656,28059560.48,1579472659.4192,121,2019,54,57.116465202264486
2019-03-19,2019-03-18,Prod. Sold Swine or Pork Market Formula,122467,58.79,213.42,58.79,26136907.14,1536588770.7606,38424048.48,2217836078.2656,122,2019,55,58.153179626466624
2019-03-19,2019-03-18,Prod. Sold Negotiated,7015,52.03,208.03,52.03,1459330.45,75928963.3135,3154140.66,150137095.416,122,2019,55,49.001294977113226
2019-03-20,2019-03-19,Prod. Sold Negotiated,7489,54.82,199.09,54.82,1490985.01,81735798.2482,1459330.45,75928963.3135,123,2019,56,53.4399672507224
2019-03-20,2019-03-19,Prod. Sold Swine or Pork Market Formula,127197,60.26,213.2,60.26,27118400.4,1634154808.104,26136907.14,1536588770.7606,123,2019,56,59.53854602159716
2019-03-21,2019-03-20,Prod. Sold Negotiated,8198,55.05,198.45,55.05,1626893.1,89560465.15499999,1490985.01,81735798.2482,124,2019,57,54.94001284200298
2019-03-21,2019-03-20,Prod. Sold Swine or Pork Market Formula,125797,61.92,212.91,61.92000000000001,26783439.27,1658430559.5984,27118400.4,1634154808.104,124,2019,57,61.08484214751106
2019-03-22,2019-03-21,Prod. Sold Negotiated,8238,56.05,200.35,56.05,1650483.3,92509588.965,1626893.1,89560465.15499999,125,2019,58,55.55359894579091
2019-03-22,2019-03-21,Prod. Sold Swine or Pork Market Formula,137493,63.62,215.46,63.62,29624241.78,1884694262.0436,26783439.27,1658430559.5984,125,2019,58,62.812807683077054
2019-03-25,2019-03-22,Prod. Sold Swine or Pork Market Formula,182648,66.97,215.21,66.97,39307676.08,2632435067.0776,29624241.78,1884694262.0436,131,2019,59,65.53030104712076
2019-03-25,2019-03-22,Prod. Sold Negotiated,14271,56.96,208.39,56.96,2973933.69,169395262.9824,1650483.3,92509588.965,131,2019,59,56.63521531768267
2019-03-26,2019-03-25,Prod. Sold Swine or Pork Market Formula,120189,68.78,212.96,68.78,25595449.44,1760455012.4832,39307676.08,2632435067.0776,132,2019,60,67.68379865168627
2019-03-26,2019-03-25,Prod. Sold Negotiated,6998,63.35,204.98,63.35,1434450.04,90872410.03400001,2973933.69,169395262.9824,132,2019,60,59.0392508812748
2019-03-27,2019-03-26,Prod. Sold Negotiated,9670,64.83,207.37,64.83,2005267.9,130001517.957,1434450.04,90872410.03400001,133,2019,61,64.212802283143
2019-03-27,2019-03-26,Prod. Sold Swine or Pork Market Formula,120678,70.92,213.37,70.92,25749064.86,1826123679.8712,25595449.44,1760455012.4832,133,2019,61,69.85320128647902
2019-03-28,2019-03-27,Prod. Sold Swine or Pork Market Formula,130550,73.2,214.26,73.2,27971643.0,2047524267.6,25749064.86,1826123679.8712,134,2019,62,72.10716503524495
2019-03-28,2019-03-27,Prod. Sold Negotiated,7952,67.21,200.0,67.21,1590400.0,106890784.0,2005267.9,130001517.957,134,2019,62,65.88269788680984
2019-03-29,2019-03-28,Prod. Sold Negotiated,8191,70.84,201.05,70.84,1646800.55,116659350.962,1590400.0,106890784.0,135,2019,63,69.0566220748974
2019-03-29,2019-03-28,Prod. Sold Swine or Pork Market Formula,132992,75.08,214.51,75.08,28528113.92,2141890793.1136,27971643.0,2047524267.6,135,2019,63,74.14925814009325
2019-04-01,2019-03-29,Prod. Sold Negotiated,10543,69.45,207.56,69.45,2188305.08,151977787.80600002,1646800.55,116659350.962,141,2019,64,70.0468682444087
2019-04-01,2019-03-29,Prod. Sold Swine or Pork Market Formula,184567,76.87,214.98,76.87,39678213.66,3050064284.0442,28528113.92,2141890793.1136,141,2019,64,76.12131104798297
2019-04-02,2019-04-01,Prod. Sold Negotiated,5683,72.55,203.28,72.55,1155240.24,83812679.412,2188305.08,151977787.80600002,142,2019,65,70.52109202994144
2019-04-02,2019-04-01,Prod. Sold Swine or Pork Market Formula,115359,77.5,212.75,77.5,24542627.25,1902053611.875,39678213.66,3050064284.0442,142,2019,65,77.1107607086486
2019-04-03,2019-04-02,Prod. Sold Negotiated,5384,76.02,198.74,76.02,1070016.16,81342628.48320001,1155240.24,83812679.412,143,2019,66,74.21855202627435
2019-04-03,2019-04-02,Prod. Sold Swine or Pork Market Formula,124000,78.18,212.56,78.18,26357440.0,2060624659.2000003,24542627.25,1902053611.875,143,2019,66,77.85212250529985
2019-04-04,2019-04-03,Prod. Sold Negotiated,7619,75.89,202.17,75.89,1540333.23,116895888.8247,1070016.16,81342628.48320001,144,2019,67,75.94328869052275
2019-04-04,2019-04-03,Prod. Sold Swine or Pork Market Formula,123214,78.56,213.25,78.56,26275385.5,2064194284.88,26357440.0,2060624659.2000003,144,2019,67,78.36970379027059
2019-04-05,2019-04-04,Prod. Sold Negotiated,8344,76.77,198.27,76.77,1654364.88,127005591.8376,1540333.23,116895888.8247,145,2019,68,76.34570537317529
2019-04-05,2019-04-04,Prod. Sold Swine or Pork Market Formula,126078,78.75,214.41,78.75,27032383.98,2128800238.425,26275385.5,2064194284.88,145,2019,68,78.65634905017225
2019-04-08,2019-04-05,Prod. Sold Swine or Pork Market Formula,150674,78.87,215.84,78.87,32521476.16,2564968824.7392,27032383.98,2128800238.425,151,2019,69,78.81553021298745
2019-04-08,2019-04-05,Prod. Sold Negotiated,8529,75.74,206.29,75.74,1759447.41,133260546.83339998,1654364.88,127005591.8376,151,2019,69,76.23914748722169
2019-04-09,2019-04-08,Prod. Sold Swine or Pork Market Formula,110841,79.22,212.48,79.22,23551495.68,1865749487.7696,32521476.16,2564968824.7392,152,2019,70,79.01700529002673
2019-04-09,2019-04-08,Prod. Sold Negotiated,5426,77.51,202.81,77.51,1100447.06,85295651.62060001,1759447.41,133260546.83339998,152,2019,70,76.42107103833101
2019-04-10,2019-04-09,Prod. Sold Negotiated,6479,78.72,198.97,78.72,1289126.63,101480048.3136,1100447.06,85295651.62060001,153,2019,71,78.16277050413959
2019-04-10,2019-04-09,Prod. Sold Swine or Pork Market Formula,130599,79.45,212.23,79.45,27717025.77,2202117697.4265,23551495.68,1865749487.7696,153,2019,71,79.34434366638243
2019-04-11,2019-04-10,Prod. Sold Negotiated,6454,78.27,200.63,78.27,1294866.02,101349163.3854,1289126.63,101480048.3136,154,2019,72,78.49450024519227
2019-04-11,2019-04-10,Prod. Sold Swine or Pork Market Formula,109180,79.35,214.95,79.35,23468241.0,1862204923.35,27717025.77,2202117697.4265,154,2019,72,79.40415039818889
2019-04-12,2019-04-11,Prod. Sold Swine or Pork Market Formula,104044,79.46,214.42,79.46,22309114.48,1772682236.5807998,23468241.0,1862204923.35,155,2019,73,79.4036073472805
2019-04-12,2019-04-11,Prod. Sold Negotiated,5892,78.05,193.68,78.05,1141162.56,89067737.808,1294866.02,101349163.3854,155,2019,73,78.16694055100125
2019-04-15,2019-04-12,Prod. Sold Swine or Pork Market Formula,161592,79.83,215.5,79.83,34823076.0,2779926157.08,22309114.48,1772682236.5807998,161,2019,74,79.6855215144343
2019-04-15,2019-04-12,Prod. Sold Negotiated,9138,76.89,205.96,76.88999999999999,1882062.48,144711784.0872,1141162.56,89067737.808,161,2019,74,77.32785975310657
2019-04-16,2019-04-15,Prod. Sold Swine or Pork Market Formula,117247,80.17,213.54,80.17,25036924.38,2007210227.5446,34823076.0,2779926157.08,162,2019,75,79.9722077219372
2019-04-16,2019-04-15,Prod. Sold Negotiated,7448,78.2,201.58,78.2,1501367.84,117406965.088,1882062.48,144711784.0872,162,2019,75,77.47130113062295
2019-04-17,2019-04-16,Prod. Sold Swine or Pork Market Formula,118082,80.48,214.28,80.48,25302610.96,2036354130.0608,25036924.38,2007210227.5446,163,2019,76,80.3258180731034
2019-04-17,2019-04-16,Prod. Sold Negotiated,6423,79.06,198.81,79.06,1276956.63,100956191.1678,1501367.84,117406965.088,163,2019,76,78.595267980273
2019-04-18,2019-04-17,Prod. Sold Swine or Pork Market Formula,116105,80.97,214.84,80.97,24943998.2,2019715534.254,25302610.96,2036354130.0608,164,2019,77,80.72325142178411
2019-04-18,2019-04-17,Prod. Sold Negotiated,7908,78.83,200.51,78.83,1585633.0799999998,124995455.6964,1276956.63,100956191.1678,164,2019,77,78.93259941334729
2019-04-19,2019-04-18,Prod. Sold Negotiated,5212,76.66,211.32,76.66,1101399.84,84433311.7344,1585633.0799999998,124995455.6964,165,2019,78,77.94052907651015
2019-04-19,2019-04-18,Prod. Sold Swine or Pork Market Formula,123082,81.38,214.91,81.38,26451552.62,2152627352.2156,24943998.2,2019715534.254,165,2019,78,81.18101314026542
2019-04-22,2019-04-19,Prod. Sold Negotiated,9449,78.8,214.09,78.8,2022936.41,159407389.10799998,1101399.84,84433311.7344,171,2019,79,78.04560115525337
2019-04-22,2019-04-19,Prod. Sold Swine or Pork Market Formula,125434,82.11,214.98,82.11,26965801.32,2214161946.3852,26451552.62,2152627352.2156,171,2019,79,81.7485138538631
2019-04-23,2019-04-22,Prod. Sold Negotiated,3213,80.65,198.14,80.65,636623.82,51343711.083,2022936.41,159407389.10799998,172,2019,80,79.24283789993353
2019-04-23,2019-04-22,Prod. Sold Swine or Pork Market Formula,76258,82.46,215.88,82.46,16462577.04,1357504102.7183998,26965801.32,2214161946.3852,172,2019,80,82.24267596400297
2019-04-24,2019-04-23,Prod. Sold Swine or Pork Market Formula,116115,83.17,214.02,83.17,24850932.3,2066852039.391,16462577.04,1357504102.7183998,173,2019,81,82.88707971835053
2019-04-24,2019-04-23,Prod. Sold Negotiated,6193,80.46,197.16,80.46,1221011.88,98242615.86479996,636623.82,51343711.083,173,2019,81,80.52511423407722
2019-04-25,2019-04-24,Prod. Sold Swine or Pork Market Formula,120649,83.9,214.18,83.9,25840602.82,2168026576.598,24850932.3,2066852039.391,174,2019,82,83.54212603670305
2019-04-25,2019-04-24,Prod. Sold Negotiated,6615,80.71,201.75,80.71,1334576.25,107713649.1375,1221011.88,98242615.86479996,174,2019,82,80.59055470816418
2019-04-26,2019-04-25,Prod. Sold Negotiated,7017,81.3,203.24,81.3,1426135.08,115944782.004,1334576.25,107713649.1375,175,2019,83,81.01478365776836
2019-04-26,2019-04-25,Prod. Sold Swine or Pork Market Formula,119130,83.85,215.12,83.85,25627245.6,2148844543.56,25840602.82,2168026576.598,175,2019,83,83.87510363616633
2019-04-29,2019-04-26,Prod. Sold Negotiated,9904,80.64,205.27,80.64,2032994.08,163940642.6112,1426135.08,115944782.004,181,2019,84,80.912105813129
2019-04-29,2019-04-26,Prod. Sold Swine or Pork Market Formula,155942,83.42,215.07,83.42,33538445.94,2797777160.3148,25627245.6,2148844543.56,181,2019,84,83.60625178411968
2019-04-30,2019-04-29,Prod. Sold Swine or Pork Market Formula,106580,83.34,213.97,83.34,22804922.6,1900562249.484,33538445.94,2797777160.3148,182,2019,85,83.387620079252
2019-04-30,2019-04-29,Prod. Sold Negotiated,5120,81.97,201.77,81.97,1033062.4,84680124.928,2032994.08,163940642.6112,182,2019,85,81.08812383625758
2019-05-01,2019-04-30,Prod. Sold Negotiated,7025,82.78,199.04,82.78,1398256.0,115747631.68,1033062.4,84680124.928,183,2019,86,82.43583259518788
2019-05-01,2019-04-30,Prod. Sold Swine or Pork Market Formula,115153,83.4,213.82,83.4,24622014.46,2053476005.964,22804922.6,1900562249.484,183,2019,86,83.37114940494115
2019-05-02,2019-05-01,Prod. Sold Negotiated,8022,83.22,205.72,83.22,1650285.84,137336787.60480002,1398256.0,115747631.68,184,2019,87,83.01818789693898
2019-05-02,2019-05-01,Prod. Sold Swine or Pork Market Formula,119015,83.09,215.12,83.09,25602506.8,2127312290.012,24622014.46,2053476005.964,184,2019,87,83.2419740614965
2019-05-03,2019-05-02,Prod. Sold Swine or Pork Market Formula,116727,82.95,214.94,82.95,25089301.38,2081157549.471,25602506.8,2127312290.012,185,2019,88,83.02070868214588
2019-05-03,2019-05-02,Prod. Sold Negotiated,8015,82.89,195.45,82.89,1566531.75,129849816.7575,1650285.84,137336787.60480002,185,2019,88,83.05929599268947
2019-05-06,2019-05-03,Prod. Sold Negotiated,6109,81.9,198.99,81.9,1215629.91,99560089.62900002,1566531.75,129849816.7575,191,2019,89,82.4574321775752
2019-05-06,2019-05-03,Prod. Sold Swine or Pork Market Formula,131107,82.73,215.17,82.73,28210293.19,2333837555.6087,25089301.38,2081157549.471,191,2019,89,82.83355887972752
2019-05-07,2019-05-06,Prod. Sold Negotiated,5260,82.12,206.73,82.12,1087399.8,89297271.576,1215629.91,99560089.62900002,192,2019,90,82.00387532343213
2019-05-07,2019-05-06,Prod. Sold Swine or Pork Market Formula,108753,82.57,214.36,82.57,23312293.08,1924896039.6156,28210293.19,2333837555.6087,192,2019,90,82.65760520845646
2019-05-08,2019-05-07,Prod. Sold Swine or Pork Market Formula,115540,82.89,214.28,82.89,24757911.2,2052183259.368,23312293.08,1924896039.6156,193,2019,91,82.73481168954166
2019-05-08,2019-05-07,Prod. Sold Negotiated,7166,81.4,205.72,81.4,1474189.52,119999026.928,1087399.8,89297271.576,193,2019,91,81.70564144294605
2019-05-09,2019-05-08,Prod. Sold Swine or Pork Market Formula,117365,82.78,214.56,82.78,25181834.4,2084552251.632,24757911.2,2052183259.368,194,2019,92,82.83453312185075
2019-05-09,2019-05-08,Prod. Sold Negotiated,8467,81.85,203.69,81.85,1724643.23,141162048.3755,1474189.52,119999026.928,194,2019,92,81.64261645236063
2019-05-10,2019-05-09,Prod. Sold Swine or Pork Market Formula,118284,82.98,215.34,82.98,25471276.56,2113606528.9488,25181834.4,2084552251.632,195,2019,93,82.88057142030276
2019-05-10,2019-05-09,Prod. Sold Negotiated,7953,81.35,199.21,81.35,1584317.13,128884198.5255,1724643.23,141162048.3755,195,2019,93,81.61060197801825
2019-05-13,2019-05-10,Prod. Sold Negotiated,8634,81.33,201.81,81.33000000000001,1742427.54,141711631.8282,1584317.13,128884198.5255,201,2019,94,81.33952472935054
2019-05-13,2019-05-10,Prod. Sold Swine or Pork Market Formula,114858,83.34,214.84,83.34,24676092.72,2056505567.2848,25471276.56,2113606528.9488,201,2019,94,83.15714575074914
2019-05-14,2019-05-13,Prod. Sold Swine or Pork Market Formula,103469,83.46,214.29,83.46,22172372.01,1850506167.9546,24676092.72,2056505567.2848,202,2019,95,83.39679342229323
2019-05-14,2019-05-13,Prod. Sold Negotiated,5581,81.13,204.46,81.13,1141091.26,92576733.9238,1742427.54,141711631.8282,202,2019,95,81.25085425210338
2019-05-15,2019-05-14,Prod. Sold Swine or Pork Market Formula,107217,84.12,213.82,84.12,22925138.94,1928462687.6328,22172372.01,1850506167.9546,203,2019,96,83.79550835471109
2019-05-15,2019-05-14,Prod. Sold Negotiated,6402,81.61,193.39,81.61,1238082.78,101039935.6758,1141091.26,92576733.9238,203,2019,96,81.37978405295645
2019-05-16,2019-05-15,Prod. Sold Swine or Pork Market Formula,116069,84.63,213.83,84.63,24819034.270000003,2100434870.2701,22925138.94,1928462687.6328,204,2019,97,84.3851152303345
2019-05-16,2019-05-15,Prod. Sold Negotiated,7285,80.57,204.42,80.57,1489199.7,119984819.82899998,1238082.78,101039935.6758,204,2019,97,81.04212054513691
2019-05-17,2019-05-16,Prod. Sold Swine or Pork Market Formula,104655,84.93,214.27,84.93,22424426.85,1904506572.3705003,24819034.270000003,2100434870.2701,205,2019,98,84.7723970195137
2019-05-17,2019-05-16,Prod. Sold Negotiated,6739,82.51,196.54,82.51,1324483.06,109283097.2806,1489199.7,119984819.82899998,205,2019,98,81.48321494126084
2019-05-20,2019-05-17,Prod. Sold Swine or Pork Market Formula,117424,84.56,214.72,84.56,25213281.28,2132035065.0368,22424426.85,1904506572.3705003,211,2019,99,84.73416954467788
2019-05-20,2019-05-17,Prod. Sold Negotiated,7107,81.71,207.01,81.71,1471220.0699999998,120213391.91969998,1324483.06,109283097.2806,211,2019,99,82.08900535168766
2019-05-21,2019-05-20,Prod. Sold Negotiated,6162,83.0,205.14,83.0,1264072.68,104918032.44,1471220.0699999998,120213391.91969998,212,2019,100,82.30615328457985
2019-05-21,2019-05-20,Prod. Sold Swine or Pork Market Formula,97979,84.41,214.91,84.41,21056666.89,1777393252.1849,25213281.28,2132035065.0368,212,2019,100,84.49173754978294
2019-05-22,2019-05-21,Prod. Sold Swine or Pork Market Formula,109589,84.51,213.78,84.51,23427936.42,1979894906.8542004,21056666.89,1777393252.1849,213,2019,101,84.46266526995136
2019-05-22,2019-05-21,Prod. Sold Negotiated,6655,83.36,193.69,83.36,1289006.95,107451619.352,1264072.68,104918032.44,213,2019,101,83.18175794305327
2019-05-23,2019-05-22,Prod. Sold Swine or Pork Market Formula,108880,84.41,214.73,84.41,23379802.4,1973489120.584,23427936.42,1979894906.8542004,214,2019,102,84.4600514167328
2019-05-23,2019-05-22,Prod. Sold Negotiated,8838,82.58,207.61,82.58,1834857.18,151522505.9244,1289006.95,107451619.352,214,2019,102,82.9018531213776
2019-05-24,2019-05-23,Prod. Sold Swine or Pork Market Formula,113499,83.8,215.97,83.8,24512379.03,2054137362.714,23379802.4,1973489120.584,215,2019,103,84.09778721783313
2019-05-24,2019-05-23,Prod. Sold Negotiated,8127,83.33,203.83,83.32999999999998,1656526.41,138038345.7453,1834857.18,151522505.9244,215,2019,103,82.93584597781191
2019-05-28,2019-05-27,Prod. Sold Swine or Pork Market Formula,113501,82.84,215.35,82.84,24442440.35,2024811758.594,24442440.35,2024811758.594,222,2019,104,82.84
2019-05-28,2019-05-24,Prod. Sold Negotiated,8666,83.05,199.95,83.05,1732766.7,143906274.435,1656526.41,138038345.7453,222,2019,104,83.18685077676861
2019-05-28,2019-05-27,Prod. Sold Negotiated,8666,83.05,199.95,83.05,1732766.7,143906274.435,1732766.7,143906274.435,222,2019,104,83.05
2019-05-28,2019-05-24,Prod. Sold Swine or Pork Market Formula,113501,82.84,215.35,82.84,24442440.35,2024811758.594,24512379.03,2054137362.714,222,2019,104,83.32068574589438
2019-05-29,2019-05-28,Prod. Sold Negotiated,5968,81.9,197.21,81.9,1176949.28,96392146.032,1732766.7,143906274.435,223,2019,105,82.58483718641156
2019-05-29,2019-05-28,Prod. Sold Swine or Pork Market Formula,108230,82.26,214.95,82.26,23264038.5,1913699807.01,24442440.35,2024811758.594,223,2019,105,82.55716331502006
2019-05-30,2019-05-29,Prod. Sold Swine or Pork Market Formula,106822,82.26,215.54,82.26,23024413.88,1893988285.7688,23264038.5,1913699807.01,224,2019,106,82.26
2019-05-30,2019-05-29,Prod. Sold Negotiated,4707,80.8,193.33,80.8,910004.31,73528348.248,1176949.28,96392146.032,224,2019,106,81.42035122113089
2019-05-31,2019-05-30,Prod. Sold Swine or Pork Market Formula,112247,81.69,215.84,81.69,24227392.48,1979135691.6912,23024413.88,1893988285.7688,225,2019,107,81.96774421599065
2019-05-31,2019-05-30,Prod. Sold Negotiated,6543,81.04,199.68,81.04,1306506.24,105879265.6896,910004.31,73528348.248,225,2019,107,80.94146627797464
2019-06-03,2019-05-31,Prod. Sold Swine or Pork Market Formula,180553,81.04,217.08,81.04,39194445.24,3176317842.2496004,24227392.48,1979135691.6912,231,2019,108,81.28830256703574
2019-06-03,2019-05-31,Prod. Sold Negotiated,9693,81.17,208.55,81.17,2021475.15,164083137.9255,1306506.24,105879265.6896,231,2019,108,81.11896431461113
2019-06-04,2019-06-03,Prod. Sold Negotiated,5483,78.99,204.96,78.99,1123795.68,88768620.76319999,2021475.15,164083137.9255,232,2019,109,80.39109264517612
2019-06-04,2019-06-03,Prod. Sold Swine or Pork Market Formula,106282,80.73,216.21,80.73,22979231.220000003,1855113336.3906,39194445.24,3176317842.2496004,232,2019,109,80.92542479576895
2019-06-05,2019-06-04,Prod. Sold Swine or Pork Market Formula,116010,80.78,215.2,80.78,24965352.0,2016701134.56,22979231.220000003,1855113336.3906,233,2019,110,80.75603563356204
2019-06-05,2019-06-04,Prod. Sold Negotiated,5796,78.84,200.97,78.84,1164822.12,91834575.9408,1123795.68,88768620.76319999,233,2019,110,78.91365552780371
2019-06-06,2019-06-05,Prod. Sold Swine or Pork Market Formula,115755,80.54,215.54,80.54,24949832.7,2009459525.658,24965352.0,2016701134.56,234,2019,111,80.66003730960851
2019-06-06,2019-06-05,Prod. Sold Negotiated,7086,78.31,201.98,78.31,1431230.28,112079643.2268,1164822.12,91834575.9408,234,2019,111,78.54780557110482
2019-06-07,2019-06-06,Prod. Sold Swine or Pork Market Formula,116633,80.28,215.62,80.28,25148407.46,2018914150.8888,24949832.7,2009459525.658,235,2019,112,80.40948471805163
2019-06-07,2019-06-06,Prod. Sold Negotiated,6474,78.25,200.57,78.25,1298490.18,101606856.585,1431230.28,112079643.2268,235,2019,112,78.28145883179553
2019-06-10,2019-06-07,Prod. Sold Negotiated,6488,77.61,204.17,77.61,1324654.96,102806471.4456,1298490.18,101606856.585,241,2019,113,77.92680813330826
2019-06-10,2019-06-07,Prod. Sold Swine or Pork Market Formula,146328,79.86,215.97,79.86,31602458.16,2523772308.6576,25148407.46,2018914150.8888,241,2019,113,80.04611753350025
2019-06-11,2019-06-10,Prod. Sold Swine or Pork Market Formula,110284,79.62,214.48,79.62,23653712.32,1883308574.9184,31602458.16,2523772308.6576,242,2019,114,79.75726231645288
2019-06-11,2019-06-10,Prod. Sold Negotiated,5333,77.27,205.23,77.27,1094491.59,84571365.15929998,1324654.96,102806471.4456,242,2019,114,77.45617420527914
2019-06-12,2019-06-11,Prod. Sold Negotiated,7886,77.27,202.4,77.27,1596126.4,123332686.928,1094491.59,84571365.15929998,243,2019,115,77.27
2019-06-12,2019-06-11,Prod. Sold Swine or Pork Market Formula,111759,79.71,213.73,79.71,23886251.07,1903973072.7897,23653712.32,1883308574.9184,243,2019,115,79.66522011467833
2019-06-13,2019-06-12,Prod. Sold Negotiated,7166,77.42,202.36,77.42,1450111.76,112267652.4592,1596126.4,123332686.928,244,2019,116,77.34140504207984
2019-06-13,2019-06-12,Prod. Sold Swine or Pork Market Formula,113618,79.72,213.68,79.72,24277894.24,1935433728.8128,23886251.07,1903973072.7897,244,2019,116,79.7150406571286
2019-06-14,2019-06-13,Prod. Sold Negotiated,7731,77.31,203.86,77.31,1576041.66,121843780.73460002,1450111.76,112267652.4592,245,2019,117,77.36271123815
2019-06-14,2019-06-13,Prod. Sold Swine or Pork Market Formula,119684,79.46,215.16,79.46,25751209.44,2046191102.1024,24277894.24,1935433728.8128,245,2019,117,79.5861716088854
2019-06-17,2019-06-14,Prod. Sold Swine or Pork Market Formula,133846,79.31,215.07,79.31000000000002,28786259.22,2283038218.7382,25751209.44,2046191102.1024,251,2019,118,79.38082619547454
2019-06-17,2019-06-14,Prod. Sold Negotiated,7856,77.28,200.35,77.28,1573949.6,121634825.08799998,1576041.66,121843780.73460002,251,2019,118,77.29500996221813
2019-06-18,2019-06-17,Prod. Sold Negotiated,8505,77.22,206.8,77.22,1758834.0,135817161.48,1573949.6,121634825.08799998,252,2019,119,77.24833576593451
2019-06-18,2019-06-17,Prod. Sold Swine or Pork Market Formula,100054,79.51,213.52,79.51,21363530.08,1698614276.6608002,28786259.22,2283038218.7382,252,2019,119,79.3951988827
2019-06-19,2019-06-18,Prod. Sold Swine or Pork Market Formula,106286,79.77,213.12,79.77,22651672.32,1806923900.9664,21363530.08,1698614276.6608002,253,2019,120,79.64380456028982
2019-06-19,2019-06-18,Prod. Sold Negotiated,7315,77.79,204.56,77.79,1496356.4,116401564.356,1758834.0,135817161.48,253,2019,120,77.4820194345621
2019-06-20,2019-06-19,Prod. Sold Negotiated,7582,77.76,202.81,77.76,1537705.42,119571973.4592,1496356.4,116401564.356,254,2019,121,77.77479557591877
2019-06-20,2019-06-19,Prod. Sold Swine or Pork Market Formula,112141,79.57,213.13,79.57,23900611.33,1901771643.5281,22651672.32,1806923900.9664,254,2019,121,79.66731712622436
2019-06-21,2019-06-20,Prod. Sold Swine or Pork Market Formula,114088,78.89,215.11,78.89,24541469.68,1936076543.0552,23900611.33,1901771643.5281,255,2019,122,79.2255020132402
2019-06-21,2019-06-20,Prod. Sold Negotiated,8237,77.92,202.62,77.92,1668980.94,130046994.8448,1537705.42,119571973.4592,255,2019,122,77.84327504483475
2019-06-24,2019-06-21,Prod. Sold Swine or Pork Market Formula,137494,78.58,215.31,78.58,29603833.14,2326269208.1412,24541469.68,1936076543.0552,261,2019,123,78.72050813652464
2019-06-24,2019-06-21,Prod. Sold Negotiated,13661,77.75,207.63,77.75,2836433.43,220532699.1825,1668980.94,130046994.8448,261,2019,123,77.8129746204232
2019-06-25,2019-06-24,Prod. Sold Swine or Pork Market Formula,99815,78.11,213.41,78.11,21301519.15,1663861660.8065,29603833.14,2326269208.1412,262,2019,124,78.38332688901818
2019-06-25,2019-06-24,Prod. Sold Negotiated,9447,77.34,208.1,77.34,1965920.7,152044306.938,2836433.43,220532699.1825,262,2019,124,77.58215992299176
2019-06-26,2019-06-25,Prod. Sold Swine or Pork Market Formula,107526,77.84,212.34,77.84,22832070.84,1777248394.1856,21301519.15,1663861660.8065,263,2019,125,77.97031820370387
2019-06-26,2019-06-25,Prod. Sold Negotiated,6806,76.62,201.16,76.62,1369094.96,104900055.8352,1965920.7,152044306.938,263,2019,125,77.04442466492044
2019-06-27,2019-06-26,Prod. Sold Negotiated,9526,76.5,204.79,76.5,1950829.54,149238459.81,1369094.96,104900055.8352,264,2019,126,76.54948648537038
2019-06-27,2019-06-26,Prod. Sold Swine or Pork Market Formula,105948,76.77,212.88,76.77,22554210.24,1731486720.1247995,22832070.84,1777248394.1856,264,2019,126,77.30827533821811
2019-06-28,2019-06-27,Prod. Sold Swine or Pork Market Formula,120762,75.33,214.35,75.33,25885334.7,1949942262.951,22554210.24,1731486720.1247995,265,2019,127,76.00048653710165
2019-06-28,2019-06-27,Prod. Sold Negotiated,11015,76.69,205.02,76.69,2258295.3000000003,173188666.557,1950829.54,149238459.81,265,2019,127,76.60193950602803
2019-07-01,2019-06-28,Prod. Sold Swine or Pork Market Formula,118578,74.45,212.9,74.45,25245256.2,1879509324.09,25885334.7,1949942262.951,271,2019,128,74.89550814170231
2019-07-01,2019-06-28,Prod. Sold Negotiated,9524,74.86,201.14,74.86,1915657.36,143406109.9696,2258295.3000000003,173188666.557,271,2019,128,75.85011194798744
2019-07-02,2019-07-01,Prod. Sold Swine or Pork Market Formula,97209,73.48,210.39,73.48,20451801.51,1502798374.9548,25245256.2,1879509324.09,272,2019,129,74.01587473113484
2019-07-02,2019-07-01,Prod. Sold Negotiated,4200,71.62,201.21,71.62,845082.0,60524772.84,1915657.36,143406109.9696,272,2019,129,73.86821290134394
2019-07-03,2019-07-02,Prod. Sold Swine or Pork Market Formula,110975,73.19,210.48,73.19,23358018.0,1709573337.4199998,20451801.51,1502798374.9548,273,2019,130,73.3253811201287
2019-07-03,2019-07-02,Prod. Sold Negotiated,6715,70.93,198.1,70.93,1330241.5,94354029.595,845082.0,60524772.84,273,2019,130,71.1980551099641
2019-07-05,2019-07-03,Prod. Sold Negotiated,5915,70.56,196.53,70.56,1162474.95,82024232.472,1330241.5,94354029.595,275,2019,131,70.75745099969153
2019-07-05,2019-07-03,Prod. Sold Swine or Pork Market Formula,112912,72.68,211.16,72.68,23842497.92,1732872748.8256,23358018.0,1709573337.4199998,275,2019,131,72.93238260531285
2019-07-08,2019-07-05,Prod. Sold Negotiated,6214,70.28,199.85,70.28,1241867.9,87278476.012,1162474.95,82024232.472,281,2019,132,70.41537710979946
2019-07-08,2019-07-05,Prod. Sold Swine or Pork Market Formula,159602,71.51,212.67,71.51,33942557.34,2427232275.3834,23842497.92,1732872748.8256,281,2019,132,71.9927497774448
2019-07-09,2019-07-08,Prod. Sold Negotiated,8249,68.97,203.65,68.97,1679908.85,115863313.3845,1241867.9,87278476.012,282,2019,133,69.52680056629926
2019-07-09,2019-07-08,Prod. Sold Swine or Pork Market Formula,102489,71.11,211.88,71.11,21715369.32,1544179912.3452,33942557.34,2427232275.3834,282,2019,133,71.35393691520237
2019-07-10,2019-07-09,Prod. Sold Negotiated,7322,67.54,196.85,67.54,1441335.7,97347813.178,1679908.85,115863313.3845,283,2019,134,68.30965121348791
2019-07-10,2019-07-09,Prod. Sold Swine or Pork Market Formula,108979,70.79,211.73,70.79,23074123.67,1633417214.5993,21715369.32,1544179912.3452,283,2019,134,70.94514616751638
2019-07-11,2019-07-10,Prod. Sold Negotiated,7975,68.09,200.46,68.09,1598668.5,108853338.165,1441335.7,97347813.178,284,2019,135,67.82923238823156
2019-07-11,2019-07-10,Prod. Sold Swine or Pork Market Formula,111077,70.87,212.16,70.87,23566096.32,1670129246.1984,23074123.67,1633417214.5993,284,2019,135,70.83042192995669
2019-07-12,2019-07-11,Prod. Sold Negotiated,6125,67.93,195.8,67.93,1199275.0,81466750.75000001,1598668.5,108853338.165,285,2019,136,68.02141963016767
2019-07-12,2019-07-11,Prod. Sold Swine or Pork Market Formula,114904,70.91,211.47,70.91,24298748.88,1723024283.0807998,23566096.32,1670129246.1984,285,2019,136,70.89030613388883
2019-07-15,2019-07-12,Prod. Sold Swine or Pork Market Formula,122118,70.89,211.4,70.89,25815745.2,1830078177.228,24298748.88,1723024283.0807998,291,2019,137,70.89969729389713
2019-07-15,2019-07-12,Prod. Sold Negotiated,8533,67.8,199.49,67.8,1702248.1700000002,115412425.926,1199275.0,81466750.75000001,291,2019,137,67.85373238153394
2019-07-16,2019-07-15,Prod. Sold Negotiated,7808,68.01,207.1,68.01,1617036.8,109974672.768,1702248.1700000002,115412425.926,292,2019,138,67.90230448155826
2019-07-16,2019-07-15,Prod. Sold Swine or Pork Market Formula,95575,70.73,210.85,70.73,20151988.75,1425350164.2875,25815745.2,1830078177.228,292,2019,138,70.8198569252183
2019-07-17,2019-07-16,Prod. Sold Negotiated,8317,68.89,196.76,68.89,1636452.92,112735241.6588,1617036.8,109974672.768,293,2019,139,68.45262582443323
2019-07-17,2019-07-16,Prod. Sold Swine or Pork Market Formula,103011,71.19,209.45,71.19,21575653.95,1535970804.7005,20151988.75,1425350164.2875,293,2019,139,70.96784714819272
2019-07-18,2019-07-17,Prod. Sold Swine or Pork Market Formula,98015,72.26,210.32,72.26,20614514.8,1489604839.4480002,21575653.95,1535970804.7005,294,2019,140,71.71281210266551
2019-07-18,2019-07-17,Prod. Sold Negotiated,7312,68.97,196.02,68.97,1433298.24,98854579.6128,1636452.92,112735241.6588,294,2019,140,68.92735281891709
2019-07-19,2019-07-18,Prod. Sold Swine or Pork Market Formula,107365,73.05,210.06,73.05,22553091.9,1647503363.2949998,20614514.8,1489604839.4480002,295,2019,141,72.67273871689996
2019-07-19,2019-07-18,Prod. Sold Negotiated,7045,67.38,193.05,67.38,1360037.25,91639309.905,1433298.24,98854579.6128,295,2019,141,68.1958505162586
2019-07-22,2019-07-19,Prod. Sold Swine or Pork Market Formula,109929,74.02,209.85,74.02,23068600.65,1707537820.113,22553091.9,1647503363.2949998,301,2019,142,73.54048032591022
2019-07-22,2019-07-19,Prod. Sold Negotiated,6095,69.53,198.54,69.53,1210101.3,84138343.389,1360037.25,91639309.905,301,2019,142,68.39228698157149
2019-07-23,2019-07-22,Prod. Sold Swine or Pork Market Formula,100878,75.04,209.12,75.04,21095607.36,1583014376.2944,23068600.65,1707537820.113,302,2019,143,74.50721624312446
2019-07-23,2019-07-22,Prod. Sold Negotiated,8855,72.2,197.0,72.2,1744435.0,125948207.0,1210101.3,84138343.389,302,2019,143,71.1064373752998
2019-07-24,2019-07-23,Prod. Sold Negotiated,5754,73.3,192.64,73.3,1108450.5599999998,81249426.04799996,1744435.0,125948207.0,303,2019,144,72.62739030022641
2019-07-24,2019-07-23,Prod. Sold Swine or Pork Market Formula,103555,76.49,208.9,76.49,21632639.5,1654680595.3549998,21095607.36,1583014376.2944,303,2019,144,75.7741121993087
2019-07-25,2019-07-24,Prod. Sold Negotiated,6878,75.02,196.16,75.02,1349188.48,101216119.7696,1108450.5599999998,81249426.04799996,304,2019,145,74.24424126075078
2019-07-25,2019-07-24,Prod. Sold Swine or Pork Market Formula,104219,78.29,210.53,78.29,21941226.07,1717778589.0203,21632639.5,1654680595.3549998,304,2019,145,77.39637372675953
2019-07-26,2019-07-25,Prod. Sold Negotiated,7322,77.05,196.26,77.05,1437015.72,110722061.226,1349188.48,101216119.7696,305,2019,146,76.06699501623031
2019-07-26,2019-07-25,Prod. Sold Swine or Pork Market Formula,106057,79.77,210.72,79.77,22348331.04,1782726367.0607998,21941226.07,1717778589.0203,305,2019,146,79.03680200249129
2019-07-29,2019-07-26,Prod. Sold Negotiated,7959,77.24,198.59,77.24,1580577.81,122083830.0444,1437015.72,110722061.226,311,2019,147,77.14951962744962
2019-07-29,2019-07-26,Prod. Sold Swine or Pork Market Formula,92831,81.52,210.58,81.52,19548351.98,1593581653.4096,22348331.04,1782726367.0607998,311,2019,147,80.58652325432708
2019-07-30,2019-07-29,Prod. Sold Swine or Pork Market Formula,94052,83.08,209.11,83.08,19667213.720000003,1633952115.8576002,19548351.98,1593581653.4096,312,2019,148,82.3023641672776
2019-07-30,2019-07-29,Prod. Sold Negotiated,7714,81.93,199.62,81.93,1539868.68,126161440.9524,1580577.81,122083830.0444,312,2019,148,79.5544072915027
2019-07-31,2019-07-30,Prod. Sold Swine or Pork Market Formula,106557,83.87,207.65,83.87,22126561.05,1855754675.2635,19667213.720000003,1633952115.8576002,313,2019,149,83.4982437055685
2019-07-31,2019-07-30,Prod. Sold Negotiated,6392,82.27,201.39,82.27,1287284.88,105904927.0776,1539868.68,126161440.9524,313,2019,149,82.0848118451691
2019-08-01,2019-07-31,Prod. Sold Negotiated,6127,82.03,197.13,82.03,1207815.51,99077106.2853,1287284.88,105904927.0776,314,2019,150,82.1538220203236
2019-08-01,2019-07-31,Prod. Sold Swine or Pork Market Formula,104375,84.58,208.83,84.58,21796631.25,1843559071.125,22126561.05,1855754675.2635,314,2019,150,84.22233341151072
2019-08-02,2019-08-01,Prod. Sold Negotiated,7190,83.45,194.28,83.45,1396873.2,116569068.54,1207815.51,99077106.2853,315,2019,151,82.79153435778512
2019-08-02,2019-08-01,Prod. Sold Swine or Pork Market Formula,109240,84.91,209.63,84.91,22899981.2,1944437403.692,21796631.25,1843559071.125,315,2019,151,84.74907307694633
2019-08-05,2019-08-02,Prod. Sold Negotiated,7494,81.4,198.43,81.4,1487034.4200000002,121044601.78800002,1396873.2,116569068.54,321,2019,152,82.39295485061342
2019-08-05,2019-08-02,Prod. Sold Swine or Pork Market Formula,102768,84.75,210.11,84.75,21592584.48,1829971534.68,22899981.2,1944437403.692,321,2019,152,84.8323507688532
2019-08-06,2019-08-05,Prod. Sold Negotiated,6591,79.23,199.23,79.23,1313124.93,104038888.2039,1487034.4200000002,121044601.78800002,322,2019,153,80.38238609238435
2019-08-06,2019-08-05,Prod. Sold Swine or Pork Market Formula,86902,84.11,208.66,84.11,18132971.32,1525164217.7252,21592584.48,1829971534.68,322,2019,153,84.45786811131791
2019-08-07,2019-08-06,Prod. Sold Swine or Pork Market Formula,105672,83.49,207.1,83.49,21884671.2,1827151198.488,18132971.32,1525164217.7252,323,2019,154,83.77093714448024
2019-08-07,2019-08-06,Prod. Sold Negotiated,8118,78.13,190.76,78.13,1548589.68,120991311.6984,1313124.93,104038888.2039,323,2019,154,78.63474544804451
2019-08-08,2019-08-07,Prod. Sold Swine or Pork Market Formula,107712,82.69,208.79,82.69,22489188.48,1859630995.4112,21884671.2,1827151198.488,324,2019,155,83.08455069011926
2019-08-08,2019-08-07,Prod. Sold Negotiated,6494,80.36,197.75,80.36,1284188.5,103197387.86,1548589.68,120991311.6984,324,2019,155,79.14092996804993
2019-08-09,2019-08-08,Prod. Sold Negotiated,6637,77.81,195.79,77.81,1299458.23,101110844.8763,1284188.5,103197387.86,325,2019,156,79.07746456354734
2019-08-09,2019-08-08,Prod. Sold Swine or Pork Market Formula,108492,82.34,209.91,82.34,22773555.72,1875174577.9848,22489188.48,1859630995.4112,325,2019,156,82.5139005468431
2019-08-12,2019-08-09,Prod. Sold Swine or Pork Market Formula,134579,81.86,209.25,81.86,28160655.75,2305231279.695,22773555.72,1875174577.9848,331,2019,157,82.07461619666064
2019-08-12,2019-08-09,Prod. Sold Negotiated,11033,76.7,200.6,76.7,2213219.8,169753958.66,1299458.23,101110844.8763,331,2019,157,77.11062648582681
2019-08-13,2019-08-12,Prod. Sold Swine or Pork Market Formula,100826,80.63,208.08,80.63,20979874.08,1691607247.0704,28160655.75,2305231279.695,332,2019,158,81.33486839869916
2019-08-13,2019-08-12,Prod. Sold Negotiated,6425,73.54,196.7,73.54,1263797.5,92939668.15,2213219.8,169753958.66,332,2019,158,75.55142932708446
2019-08-14,2019-08-13,Prod. Sold Negotiated,7302,73.71,196.45,73.71,1434477.9,105735366.009,1263797.5,92939668.15,333,2019,159,73.63037670617312
2019-08-14,2019-08-13,Prod. Sold Swine or Pork Market Formula,102733,79.9,208.53,79.9,21422912.49,1711690707.951,20979874.08,1691607247.0704,333,2019,159,80.26118635866341
2019-08-15,2019-08-14,Prod. Sold Swine or Pork Market Formula,109616,79.64,208.72,79.64,22879051.52,1822087663.0528,21422912.49,1711690707.951,334,2019,160,79.76572709521733
2019-08-15,2019-08-14,Prod. Sold Negotiated,8436,72.64,194.43,72.64,1640211.48,119144961.9072,1434477.9,105735366.009,334,2019,160,73.1392020862283
2019-08-16,2019-08-15,Prod. Sold Negotiated,8074,72.24,196.88,72.24,1589609.12,114833362.82879998,1640211.48,119144961.9072,335,2019,161,72.4431334471023
2019-08-16,2019-08-15,Prod. Sold Swine or Pork Market Formula,109839,79.32,209.19,79.32,22977220.41,1822553122.9212,22879051.52,1822087663.0528,335,2019,161,79.47965747275697
2019-08-19,2019-08-16,Prod. Sold Swine or Pork Market Formula,166843,78.79,210.85,78.79,35178846.55,2771741319.6745,22977220.41,1822553122.9212,341,2019,162,78.99940079778222
2019-08-19,2019-08-16,Prod. Sold Negotiated,15140,73.26,199.73,73.26,3023912.2,221531807.772,1589609.12,114833362.82879998,341,2019,162,72.90855450101182
2019-08-20,2019-08-19,Prod. Sold Negotiated,7435,71.09,203.15,71.09,1510420.25,107375775.5725,3023912.2,221531807.772,342,2019,163,72.5371566755102
2019-08-20,2019-08-19,Prod. Sold Swine or Pork Market Formula,106472,77.84,208.09,77.84,22155758.48,1724604240.0832002,35178846.55,2771741319.6745,342,2019,163,78.4228923772129
2019-08-21,2019-08-20,Prod. Sold Negotiated,7738,70.86,202.0,70.86,1563076.0,110759565.36,1510420.25,107375775.5725,343,2019,164,70.97302979709183
2019-08-21,2019-08-20,Prod. Sold Swine or Pork Market Formula,104363,77.85,209.07,77.85,21819172.41,1698622572.1185,22155758.48,1724604240.0832002,343,2019,164,77.8449617297784
2019-08-22,2019-08-21,Prod. Sold Swine or Pork Market Formula,108333,77.04,208.69,77.04,22608013.77,1741721380.8408,21819172.41,1698622572.1185,344,2019,165,77.43780889072053
2019-08-22,2019-08-21,Prod. Sold Negotiated,7475,71.41,193.57,71.41,1446935.75,103325681.9075,1563076.0,110759565.36,344,2019,165,71.12438922123809
2019-08-23,2019-08-22,Prod. Sold Negotiated,10103,71.93,196.95,71.93,1989785.85,143125296.1905,1446935.75,103325681.9075,345,2019,166,71.71106850726576
2019-08-23,2019-08-22,Prod. Sold Swine or Pork Market Formula,114186,75.5,209.77,75.5,23952797.220000003,1808436190.11,22608013.77,1741721380.8408,345,2019,166,76.24776062670554
2019-08-26,2019-08-23,Prod. Sold Swine or Pork Market Formula,144149,74.19,209.28,74.19,30167502.72,2238127026.7968,23952797.220000003,1808436190.11,351,2019,167,74.76978548516891
2019-08-26,2019-08-23,Prod. Sold Negotiated,13820,71.07,205.7,71.07,2842774.0,202035948.18,1989785.85,143125296.1905,351,2019,167,71.4241013218905
2019-08-27,2019-08-26,Prod. Sold Swine or Pork Market Formula,108881,73.2,208.4,73.2,22690800.4,1660966589.2800002,30167502.72,2238127026.7968,352,2019,168,73.76501676992916
2019-08-27,2019-08-26,Prod. Sold Negotiated,8164,69.9,202.62,69.9,1654189.68,115627858.632,2842774.0,202035948.18,352,2019,168,70.63962028975071
2019-08-28,2019-08-27,Prod. Sold Swine or Pork Market Formula,105907,72.6,208.71,72.6,22103849.970000003,1604739507.822,22690800.4,1660966589.2800002,353,2019,169,72.90393094102858
2019-08-28,2019-08-27,Prod. Sold Negotiated,9784,68.63,199.29,68.63,1949853.36,133818436.09679998,1654189.68,115627858.632,353,2019,169,69.21290671623056
2019-08-29,2019-08-28,Prod. Sold Swine or Pork Market Formula,111246,70.47,209.28,70.47,23281562.88,1640651736.1536,22103849.970000003,1604739507.822,354,2019,170,71.50736415468346
2019-08-29,2019-08-28,Prod. Sold Negotiated,8305,66.89,198.03,66.89,1644639.15,110009912.7435,1949853.36,133818436.09679998,354,2019,170,67.83387311615235
2019-08-30,2019-08-29,Prod. Sold Negotiated,9134,65.24,199.39,65.24,1821228.26,118816931.68239996,1644639.15,110009912.7435,355,2019,171,66.02296549650755
2019-08-30,2019-08-29,Prod. Sold Swine or Pork Market Formula,105052,68.91,209.59,68.91,22017848.68,1517249952.5388,23281562.88,1640651736.1536,355,2019,171,69.71175960000483
2019-09-03,2019-08-30,Prod. Sold Swine or Pork Market Formula,127835,67.48,209.86,67.48,26827453.1,1810316535.188,22017848.68,1517249952.5388,362,2019,172,68.12459676703834
2019-09-03,2019-08-30,Prod. Sold Negotiated,13004,66.94,208.82,66.94,2715495.28,181775254.0432,1821228.26,118816931.68239996,362,2019,172,66.25754976588236
2019-09-04,2019-09-03,Prod. Sold Negotiated,6234,60.95,199.18,60.95,1241688.12,75680890.914,2715495.28,181775254.0432,363,2019,173,65.06045308822432
2019-09-04,2019-09-03,Prod. Sold Swine or Pork Market Formula,107417,65.75,209.64,65.75,22518899.88,1480617667.11,26827453.1,1810316535.188,363,2019,173,66.69052530856355
2019-09-05,2019-09-04,Prod. Sold Negotiated,5478,57.46,196.32,57.46,1075440.96,61794837.5616,1241688.12,75680890.914,364,2019,174,59.33019859023132
2019-09-05,2019-09-04,Prod. Sold Swine or Pork Market Formula,109602,65.36,210.36,65.36,23055876.720000003,1506932102.4192002,22518899.88,1480617667.11,364,2019,174,65.55270244658094
2019-09-06,2019-09-05,Prod. Sold Negotiated,5998,57.59,201.57,57.59,1209016.86,69627280.9674,1075440.96,61794837.5616,365,2019,175,57.52880065388995
2019-09-06,2019-09-05,Prod. Sold Swine or Pork Market Formula,110036,64.72,212.39,64.72,23370546.04,1512541739.7087998,23055876.720000003,1506932102.4192002,365,2019,175,65.03783110185076
2019-09-09,2019-09-06,Prod. Sold Negotiated,11592,57.69,206.22,57.69,2390502.24,137908074.22559997,1209016.86,69627280.9674,371,2019,176,57.65641171149778
2019-09-09,2019-09-06,Prod. Sold Swine or Pork Market Formula,189938,63.74,213.35,63.74,40523272.3,2582953376.402,23370546.04,1512541739.7087998,371,2019,176,64.09845619676891
2019-09-10,2019-09-09,Prod. Sold Negotiated,5605,54.24,204.77,54.24,1147735.85,62253192.50400001,2390502.24,137908074.22559997,372,2019,177,56.57088687595921
2019-09-10,2019-09-09,Prod. Sold Swine or Pork Market Formula,109371,62.67,210.8,62.67,23055406.8,1444882344.156,40523272.3,2582953376.402,372,2019,177,63.35198808114277
2019-09-11,2019-09-10,Prod. Sold Swine or Pork Market Formula,113541,61.95,210.36,61.95,23884484.76,1479643830.8820002,23055406.8,1444882344.156,373,2019,178,62.3036414837001
2019-09-11,2019-09-10,Prod. Sold Negotiated,7067,53.03,198.12,53.03,1400114.04,74248047.5412,1147735.85,62253192.50400001,373,2019,178,53.57507150674406
2019-09-12,2019-09-11,Prod. Sold Negotiated,6784,52.31,200.75,52.31,1361888.0,71240361.28,1400114.04,74248047.5412,374,2019,179,52.67498239110642
2019-09-12,2019-09-11,Prod. Sold Swine or Pork Market Formula,109968,60.35,208.9,60.35,22972315.2,1386379222.32,23884484.76,1479643830.8820002,374,2019,179,61.16557374060165
2019-09-13,2019-09-12,Prod. Sold Negotiated,7848,52.81,201.49,52.81000000000001,1581293.52,83508110.79120001,1361888.0,71240361.28,375,2019,180,52.578636764204745
2019-09-13,2019-09-12,Prod. Sold Swine or Pork Market Formula,107736,59.99,211.03,59.99,22735528.08,1363904329.5192,22972315.2,1386379222.32,375,2019,180,60.17093248069787
2019-09-16,2019-09-13,Prod. Sold Swine or Pork Market Formula,156634,58.25,212.95,58.25,33355210.3,1942940999.975,22735528.08,1363904329.5192,381,2019,181,58.95528254756057
2019-09-16,2019-09-13,Prod. Sold Negotiated,10606,50.4,205.01,50.4,2174336.06,109586537.424,1581293.52,83508110.79120001,381,2019,181,51.414721314235685
2019-09-17,2019-09-16,Prod. Sold Negotiated,7930,50.47,205.28,50.470000000000006,1627870.4,82158619.088,2174336.06,109586537.424,382,2019,182,50.42996968449735
2019-09-17,2019-09-16,Prod. Sold Swine or Pork Market Formula,102561,57.56,210.85,57.56,21624986.85,1244734243.086,33355210.3,1942940999.975,382,2019,182,57.97860699488234
2019-09-18,2019-09-17,Prod. Sold Negotiated,7642,46.89,198.2,46.89,1514644.4,71021675.916,1627870.4,82158619.088,383,2019,183,48.74449437883316
2019-09-18,2019-09-17,Prod. Sold Swine or Pork Market Formula,104991,57.11,210.55,57.10999999999999,22105855.05,1262465381.9055,21624986.85,1244734243.086,383,2019,183,57.33252588012718
2019-09-19,2019-09-18,Prod. Sold Swine or Pork Market Formula,113009,56.72,211.62,56.72,23914964.58,1356456790.9776,22105855.05,1262465381.9055,384,2019,184,56.90733441817885
2019-09-19,2019-09-18,Prod. Sold Negotiated,7562,47.89,202.59,47.89,1531985.58,73366789.4262,1514644.4,71021675.916,384,2019,184,47.39284596096569
2019-09-20,2019-09-19,Prod. Sold Swine or Pork Market Formula,108103,55.84,211.37,55.84,22849731.11,1275928985.1824,23914964.58,1356456790.9776,385,2019,185,56.29002257621662
2019-09-20,2019-09-19,Prod. Sold Negotiated,5900,46.82,199.29,46.82,1175811.0,55051471.02,1531985.58,73366789.4262,385,2019,185,47.42537212533151
2019-09-23,2019-09-20,Prod. Sold Swine or Pork Market Formula,174109,55.79,212.79,55.79,37048654.11,2066944412.7969,22849731.11,1275928985.1824,391,2019,186,55.809073745499205
2019-09-23,2019-09-20,Prod. Sold Negotiated,20978,48.14,212.46,48.14,4456985.88,214559300.2632,1175811.0,55051471.02,391,2019,186,47.86445828367949
2019-09-24,2019-09-23,Prod. Sold Negotiated,11869,46.41,206.04,46.41,2445488.76,113495133.35159998,4456985.88,214559300.2632,392,2019,187,47.52707553805659
2019-09-24,2019-09-23,Prod. Sold Swine or Pork Market Formula,102399,55.49,211.02,55.49,21608236.98,1199041070.0202,37048654.11,2066944412.7969,392,2019,187,55.67948491859117
2019-09-25,2019-09-24,Prod. Sold Negotiated,7253,46.46,198.51,46.46,1439793.03,66892784.1738,2445488.76,113495133.35159998,393,2019,188,46.42852881087937
2019-09-25,2019-09-24,Prod. Sold Swine or Pork Market Formula,103085,55.32,211.16,55.32000000000001,21767428.6,1204174150.1520002,21608236.98,1199041070.0202,393,2019,188,55.40468804426356
2019-09-26,2019-09-25,Prod. Sold Negotiated,9839,45.96,199.57,45.96,1963569.23,90245641.8108,1439793.03,66892784.1738,394,2019,189,46.171525091954216
2019-09-26,2019-09-25,Prod. Sold Swine or Pork Market Formula,102839,55.45,211.98,55.45,21799811.22,1208799532.149,21767428.6,1204174150.1520002,394,2019,189,55.38504831314329
2019-09-27,2019-09-26,Prod. Sold Swine or Pork Market Formula,112841,56.71,211.88,56.71,23908751.08,1355865273.7468,21799811.22,1208799532.149,395,2019,190,56.10906746668336
2019-09-27,2019-09-26,Prod. Sold Negotiated,9998,47.08,202.41,47.08,2023695.18,95275569.0744,1963569.23,90245641.8108,395,2019,190,46.52844451948448
2019-09-30,2019-09-27,Prod. Sold Negotiated,19950,47.54,209.8,47.54,4185510.0,198979145.4,2023695.18,95275569.0744,401,2019,191,47.39007746469734
2019-09-30,2019-09-27,Prod. Sold Swine or Pork Market Formula,173695,57.77,212.87,57.77,36974454.65,2136014245.1305,23908751.08,1355865273.7468,401,2019,191,57.35373945916728
2019-10-01,2019-09-30,Prod. Sold Swine or Pork Market Formula,101606,58.4,211.31,58.400000000000006,21470363.86,1253869249.424,36974454.65,2136014245.1305,402,2019,192,58.00143761203546
2019-10-01,2019-09-30,Prod. Sold Negotiated,8871,48.12,203.01,48.12,1800901.71,86659390.2852,4185510.0,198979145.4,402,2019,192,47.71448231802286
2019-10-02,2019-10-01,Prod. Sold Swine or Pork Market Formula,109998,58.64,209.74,58.64,23070980.52,1352882297.6928,21470363.86,1253869249.424,403,2019,193,58.52431226317648
2019-10-02,2019-10-01,Prod. Sold Negotiated,7310,48.26,193.82,48.25999999999999,1416824.2,68375935.89199999,1800901.71,86659390.2852,403,2019,193,48.18164458799413
2019-10-03,2019-10-02,Prod. Sold Negotiated,6947,48.85,192.36,48.85,1336324.9200000002,65279472.34200001,1416824.2,68375935.89199999,404,2019,194,48.54637450004887
2019-10-03,2019-10-02,Prod. Sold Swine or Pork Market Formula,107971,60.03,210.97,60.03,22778641.87,1367401871.4561,23070980.52,1352882297.6928,404,2019,194,59.33056865790471
2019-10-04,2019-10-03,Prod. Sold Swine or Pork Market Formula,105816,59.73,212.4,59.73,22475318.4,1342450768.032,22778641.87,1367401871.4561,405,2019,195,59.88100540417298
2019-10-04,2019-10-03,Prod. Sold Negotiated,8007,49.36,199.18,49.36,1594834.26,78721019.0736,1336324.9200000002,65279472.34200001,405,2019,195,49.127489355798126
2019-10-07,2019-10-04,Prod. Sold Swine or Pork Market Formula,173042,60.45,213.32,60.45,36913319.44,2231410160.148,22475318.4,1342450768.032,411,2019,196,60.17751977757771
2019-10-07,2019-10-04,Prod. Sold Negotiated,19472,48.87,203.82,48.87,3968783.04,193954427.1648,1594834.26,78721019.0736,411,2019,196,49.01046055745064
2019-10-08,2019-10-07,Prod. Sold Negotiated,7504,49.98,207.08,49.98,1553928.32,77665337.4336,3968783.04,193954427.1648,412,2019,197,49.1823213079164
2019-10-08,2019-10-07,Prod. Sold Swine or Pork Market Formula,113078,60.66,211.32,60.66,23895642.96,1449509701.9536,36913319.44,2231410160.148,412,2019,197,60.53252212870515
2019-10-09,2019-10-08,Prod. Sold Negotiated,5760,51.08,192.06,51.08,1106265.6,56508046.848000005,1553928.32,77665337.4336,413,2019,198,50.43744490687356
2019-10-09,2019-10-08,Prod. Sold Swine or Pork Market Formula,112952,60.65,211.37,60.65,23874664.24,1447998386.156,23895642.96,1449509701.9536,413,2019,198,60.65500219579078
2019-10-10,2019-10-09,Prod. Sold Swine or Pork Market Formula,112036,61.63,211.33,61.63000000000001,23676567.880000003,1459186878.4444003,23874664.24,1447998386.156,414,2019,199,61.13795868136172
2019-10-10,2019-10-09,Prod. Sold Negotiated,7180,51.82,198.73,51.82000000000001,1426881.4,73940994.148,1106265.6,56508046.848000005,414,2019,199,51.496830225802135
2019-10-11,2019-10-10,Prod. Sold Negotiated,7662,52.38,199.25,52.38,1526653.5,79966110.33,1426881.4,73940994.148,415,2019,200,52.109458560317
2019-10-11,2019-10-10,Prod. Sold Swine or Pork Market Formula,115190,61.84,211.71,61.84,24386874.9,1508084343.8160002,23676567.880000003,1459186878.4444003,415,2019,200,61.73655174562592
2019-10-14,2019-10-11,Prod. Sold Swine or Pork Market Formula,183029,63.44,213.66,63.44,39105976.14,2480883126.3216,24386874.9,1508084343.8160002,421,2019,201,62.82545837522056
2019-10-14,2019-10-11,Prod. Sold Negotiated,15518,52.55,207.51,52.54999999999999,3220140.18,169218366.45899996,1526653.5,79966110.33,421,2019,201,52.495324968284685
2019-10-15,2019-10-14,Prod. Sold Swine or Pork Market Formula,110354,64.07,212.18,64.07,23414911.720000003,1500193393.9004,39105976.14,2480883126.3216,422,2019,202,63.675943456475416
2019-10-15,2019-10-14,Prod. Sold Negotiated,7376,53.86,202.86,53.86000000000001,1496295.36,80590468.08960001,3220140.18,169218366.45899996,422,2019,202,52.96559921787884
2019-10-16,2019-10-15,Prod. Sold Swine or Pork Market Formula,112985,65.01,212.02,65.01,23955079.700000003,1557319731.2970004,23414911.720000003,1500193393.9004,423,2019,203,64.54535948905604
2019-10-16,2019-10-15,Prod. Sold Negotiated,8673,56.08,200.97,56.08,1743012.81,97748158.3848,1496295.36,80590468.08960001,423,2019,203,55.05454162281819
2019-10-17,2019-10-16,Prod. Sold Swine or Pork Market Formula,107110,66.02,213.05,66.02,22819785.5,1506562238.7099998,23955079.700000003,1557319731.2970004,424,2019,204,65.50274291345258
2019-10-17,2019-10-16,Prod. Sold Negotiated,7027,55.89,202.39,55.89,1422194.5299999998,79486452.28169999,1743012.81,97748158.3848,424,2019,204,55.99462898582182
2019-10-18,2019-10-17,Prod. Sold Swine or Pork Market Formula,108900,66.39,212.57,66.39,23148873.0,1536853678.47,22819785.5,1506562238.7099998,425,2019,205,66.20632440644313
2019-10-18,2019-10-17,Prod. Sold Negotiated,7849,57.67,195.98,57.67,1538247.02,88710705.6434,1422194.5299999998,79486452.28169999,425,2019,205,56.814888956378816
2019-10-21,2019-10-18,Prod. Sold Negotiated,20351,57.7,210.36,57.7,4281036.36,247015797.97200003,1538247.02,88710705.6434,431,2019,206,57.69206991521351
2019-10-21,2019-10-18,Prod. Sold Swine or Pork Market Formula,177084,66.2,214.47,66.2,37979205.48,2514223402.776,23148873.0,1536853678.47,431,2019,206,66.27195197328899
2019-10-22,2019-10-21,Prod. Sold Swine or Pork Market Formula,104817,66.37,213.23,66.37,22350128.91,1483378055.7567,37979205.48,2514223402.776,432,2019,207,66.26297967569371
2019-10-22,2019-10-21,Prod. Sold Negotiated,7480,56.43,212.31,56.43,1588078.8,89615286.684,4281036.36,247015797.97200003,432,2019,207,57.35636045280802
2019-10-23,2019-10-22,Prod. Sold Swine or Pork Market Formula,111761,66.09,213.59,66.09,23871031.99,1577636504.2191002,22350128.91,1483378055.7567,433,2019,208,66.22539331278026
2019-10-23,2019-10-22,Prod. Sold Negotiated,7275,59.86,197.12,59.86,1434048.0,85842113.28,1588078.8,89615286.684,433,2019,208,58.057590424068245
2019-10-24,2019-10-23,Prod. Sold Negotiated,8317,58.82,201.06,58.82,1672216.02,98359746.2964,1434048.0,85842113.28,434,2019,209,59.30012979914051
2019-10-24,2019-10-23,Prod. Sold Swine or Pork Market Formula,106463,65.71,214.29,65.71,22813956.27,1499105066.5017,23871031.99,1577636504.2191002,434,2019,209,65.90430211925259
2019-10-25,2019-10-24,Prod. Sold Negotiated,6671,58.74,193.71,58.74,1292239.41,75906142.94340001,1672216.02,98359746.2964,435,2019,210,58.78512710167479
2019-10-25,2019-10-24,Prod. Sold Swine or Pork Market Formula,115217,65.27,214.62,65.27,24727872.54,1613988240.6857998,22813956.27,1499105066.5017,435,2019,210,65.4811433449251
2019-10-28,2019-10-25,Prod. Sold Negotiated,17838,58.97,214.78,58.97,3831245.64,225928555.3908,1292239.41,75906142.94340001,441,2019,211,58.911989668868074
2019-10-28,2019-10-25,Prod. Sold Swine or Pork Market Formula,156840,64.07,215.33,64.07,33772357.2,2163794925.804,24727872.54,1613988240.6857998,441,2019,211,64.57723641906846
2019-10-29,2019-10-28,Prod. Sold Negotiated,7517,56.23,202.49,56.23,1522117.33,85588657.4659,3831245.64,225928555.3908,442,2019,212,58.19093803323782
2019-10-29,2019-10-28,Prod. Sold Swine or Pork Market Formula,108506,63.92,213.15,63.92,23128053.9,1478345205.288,33772357.2,2163794925.804,442,2019,212,64.00903017539005
2019-10-30,2019-10-29,Prod. Sold Negotiated,7122,56.62,206.53,56.62,1470906.66,83282735.08919999,1522117.33,85588657.4659,443,2019,213,56.421663548076
2019-10-30,2019-10-29,Prod. Sold Swine or Pork Market Formula,113137,63.21,212.93,63.21,24090261.41,1522745423.7261,23128053.9,1478345205.288,443,2019,213,63.55776586502912
2019-10-31,2019-10-30,Prod. Sold Negotiated,8596,54.81,204.96,54.81,1761836.16,96566239.9296,1470906.66,83282735.08919999,444,2019,214,55.633554858162206
2019-10-31,2019-10-30,Prod. Sold Swine or Pork Market Formula,110004,63.24,213.97,63.24,23537555.88,1488515033.8512,24090261.41,1522745423.7261,444,2019,214,63.22482592981535
2019-11-01,2019-10-31,Prod. Sold Swine or Pork Market Formula,109363,61.99,214.82,61.99,23493359.66,1456353365.3234,23537555.88,1488515033.8512,445,2019,215,62.61558732935948
2019-11-01,2019-10-31,Prod. Sold Negotiated,8169,55.09,202.92,55.09,1657653.48,91320130.2132,1761836.16,96566239.9296,445,2019,215,54.94573457540875
2019-11-04,2019-11-01,Prod. Sold Swine or Pork Market Formula,166731,61.13,216.15,61.13,36038905.65,2203058302.3845,23493359.66,1456353365.3234,451,2019,216,61.46938384844573
2019-11-04,2019-11-01,Prod. Sold Negotiated,23421,55.67,211.55,55.67000000000001,4954712.55,275828847.6585,1657653.48,91320130.2132,451,2019,216,55.52459984912542
2019-11-05,2019-11-04,Prod. Sold Swine or Pork Market Formula,105355,60.83,213.69,60.83,22513309.95,1369484644.2585,36038905.65,2203058302.3845,452,2019,217,61.01465008683634
2019-11-05,2019-11-04,Prod. Sold Negotiated,9209,52.37,205.62,52.37,1893554.58,99165453.3546,4954712.55,275828847.6585,452,2019,217,54.75754579875742
2019-11-06,2019-11-05,Prod. Sold Swine or Pork Market Formula,114017,60.83,213.11,60.83,24298162.87,1478057247.3821,22513309.95,1369484644.2585,453,2019,218,60.830000000000005
2019-11-06,2019-11-05,Prod. Sold Negotiated,8376,50.32,203.18,50.32,1701835.6800000002,85636371.4176,1893554.58,99165453.3546,453,2019,218,51.39965661813858
2019-11-07,2019-11-06,Prod. Sold Swine or Pork Market Formula,112691,60.94,214.62,60.94,24185742.42,1473879143.0748,24298162.87,1478057247.3821,454,2019,219,60.884872470571146
2019-11-07,2019-11-06,Prod. Sold Negotiated,7838,49.58,201.29,49.58,1577711.02,78222912.3716,1701835.6800000002,85636371.4176,454,2019,219,49.964003802476725
2019-11-08,2019-11-07,Prod. Sold Negotiated,6199,48.78,199.87,48.78,1238994.13,60438133.661400005,1577711.02,78222912.3716,455,2019,220,49.228101149671275
2019-11-08,2019-11-07,Prod. Sold Swine or Pork Market Formula,112035,60.92,215.22,60.92,24112172.7,1468913560.884,24185742.42,1473879143.0748,455,2019,220,60.9300152324836
2019-11-11,2019-11-08,Prod. Sold Negotiated,17502,52.86,217.51,52.86,3806860.02,201230620.6572,1238994.13,60438133.661400005,461,2019,221,51.85816841705581
2019-11-11,2019-11-08,Prod. Sold Swine or Pork Market Formula,170393,59.51,217.56,59.50999999999999,37070701.08,2206077421.2708,24112172.7,1468913560.884,461,2019,221,60.06568104939381
2019-11-12,2019-11-11,Prod. Sold Swine or Pork Market Formula,98656,59.8,214.6,59.8,21171577.6,1266060340.4799998,37070701.08,2206077421.2708,462,2019,222,59.61541753590606
2019-11-12,2019-11-11,Prod. Sold Negotiated,6899,47.29,197.93,47.29,1365519.07,64575396.820300005,3806860.02,201230620.6572,462,2019,222,51.389508164897485
2019-11-13,2019-11-12,Prod. Sold Swine or Pork Market Formula,118401,60.48,213.31,60.48,25256117.31,1527489974.9088,21171577.6,1266060340.4799998,463,2019,223,60.1699119631955
2019-11-13,2019-11-12,Prod. Sold Negotiated,4895,46.84,195.51,46.84,957021.45,44826884.718,1365519.07,64575396.820300005,463,2019,223,47.10457389062044
2019-11-14,2019-11-13,Prod. Sold Swine or Pork Market Formula,112842,59.91,215.45,59.91,24311808.9,1456520471.199,25256117.31,1527489974.9088,464,2019,224,60.20042947662788
2019-11-14,2019-11-13,Prod. Sold Negotiated,7798,45.43,206.46,45.43000000000001,1609975.08,73141167.88440001,957021.45,44826884.718,464,2019,224,45.95567279648796
2019-11-15,2019-11-14,Prod. Sold Negotiated,5501,45.57,204.29,45.57,1123799.29,51211533.6453,1609975.08,73141167.88440001,465,2019,225,45.487551165277765
2019-11-15,2019-11-14,Prod. Sold Swine or Pork Market Formula,115423,60.67,215.3,60.67,24850571.9,1507684197.173,24311808.9,1456520471.199,465,2019,225,60.29416436178778
2019-11-18,2019-11-15,Prod. Sold Negotiated,24781,46.18,214.8,46.18,5322958.800000001,245814237.38400003,1123799.29,51211533.6453,471,2019,226,46.07366476028264
2019-11-18,2019-11-15,Prod. Sold Swine or Pork Market Formula,214303,60.31,215.8,60.31,46246587.400000006,2789131686.0940003,24850571.9,1507684197.173,471,2019,226,60.4358307078944
2019-11-19,2019-11-18,Prod. Sold Swine or Pork Market Formula,112301,61.19,213.21,61.19,23943696.21,1465114771.0899,46246587.400000006,2789131686.0940003,472,2019,227,60.61019044775305
2019-11-19,2019-11-18,Prod. Sold Negotiated,6734,42.65,206.22,42.65,1388685.48,59227435.722,5322958.800000001,245814237.38400003,472,2019,227,45.44961865976603
2019-11-20,2019-11-19,Prod. Sold Negotiated,6963,44.09,201.68,44.09,1404297.84,61915491.76560001,1388685.48,59227435.722,473,2019,228,43.37402469256422
2019-11-20,2019-11-19,Prod. Sold Swine or Pork Market Formula,113028,59.85,212.69,59.85,24039925.32,1438789530.402,23943696.21,1465114771.0899,473,2019,228,60.5186563435263
2019-11-21,2019-11-20,Prod. Sold Swine or Pork Market Formula,114878,60.95,213.64,60.95,24542535.92,1495867564.324,24039925.32,1438789530.402,474,2019,229,60.405690033459486
2019-11-21,2019-11-20,Prod. Sold Negotiated,6371,43.49,201.61,43.49,1284457.31,55861048.411900006,1404297.84,61915491.76560001,474,2019,229,43.803371302701166
2019-11-22,2019-11-21,Prod. Sold Swine or Pork Market Formula,112272,60.52,214.51,60.52000000000001,24083466.72,1457531405.8944,24542535.92,1495867564.324,475,2019,230,60.737029775688754
2019-11-22,2019-11-21,Prod. Sold Negotiated,7721,43.08,205.93,43.07999999999999,1589985.53,68496576.63239999,1284457.31,55861048.411900006,475,2019,230,43.2632102867977
2019-11-25,2019-11-22,Prod. Sold Swine or Pork Market Formula,209673,58.46,215.77,58.46,45241143.21,2644797232.0566,24083466.72,1457531405.8944,481,2019,231,59.175646889225845
2019-11-25,2019-11-22,Prod. Sold Negotiated,15348,44.25,210.9,44.24999999999999,3236893.2,143232524.1,1589985.53,68496576.63239999,481,2019,231,43.86459916974131
2019-11-26,2019-11-25,Prod. Sold Swine or Pork Market Formula,107933,59.93,214.07,59.93,23105217.31,1384695673.3883,45241143.21,2644797232.0566,482,2019,232,58.956949203838896
2019-11-26,2019-11-25,Prod. Sold Negotiated,8848,42.28,211.89,42.28,1874802.72,79266659.0016,3236893.2,143232524.1,482,2019,232,43.527468492609394
2019-11-27,2019-11-26,Prod. Sold Swine or Pork Market Formula,115973,59.68,213.69,59.68,24782270.37,1479005895.6816,23105217.31,1384695673.3883,483,2019,233,59.800622413230336
2019-11-27,2019-11-26,Prod. Sold Negotiated,8475,42.73,201.09,42.73,1704237.75,72822079.05749999,1874802.72,79266659.0016,483,2019,233,42.49427726060331
2019-11-29,2019-11-27,Prod. Sold Swine or Pork Market Formula,113318,59.13,214.62,59.13,24320309.16,1438059880.6308,24782270.37,1479005895.6816,485,2019,234,59.40758722319613
2019-11-29,2019-11-27,Prod. Sold Negotiated,8304,43.22,200.82,43.22,1667609.28,72074073.0816,1704237.75,72822079.05749999,485,2019,234,42.97233855804543
2019-12-02,2019-11-29,Prod. Sold Swine or Pork Market Formula,220877,58.14,215.57,58.14000000000001,47614454.89,2768304407.3046,24320309.16,1438059880.6308,491,2019,235,58.4747075143204
2019-12-02,2019-11-29,Prod. Sold Negotiated,19512,43.72,214.69,43.72,4189031.28,183144447.5616,1667609.28,72074073.0816,491,2019,235,43.57763090094776
2019-12-03,2019-12-02,Prod. Sold Swine or Pork Market Formula,108980,59.48,214.52,59.48,23378389.6,1390546613.408,47614454.89,2768304407.3046,492,2019,236,58.58127041660392
2019-12-03,2019-12-02,Prod. Sold Negotiated,8811,42.17,211.84,42.17,1866522.24,78711242.8608,4189031.28,183144447.5616,492,2019,236,43.24223864219105
2019-12-04,2019-12-03,Prod. Sold Swine or Pork Market Formula,110842,59.06,214.6,59.06,23786693.2,1404842100.392,23378389.6,1390546613.408,493,2019,237,59.26818205013308
2019-12-04,2019-12-03,Prod. Sold Negotiated,6401,42.96,207.38,42.96,1327439.38,57026795.7648,1866522.24,78711242.8608,493,2019,237,42.49833115577637
2019-12-05,2019-12-04,Prod. Sold Swine or Pork Market Formula,115885,59.5,215.18,59.50000000000001,24936134.3,1483699990.85,23786693.2,1404842100.392,494,2019,238,59.2851901142642
2019-12-05,2019-12-04,Prod. Sold Negotiated,7579,42.44,210.92,42.43999999999999,1598562.68,67843000.13919999,1327439.38,57026795.7648,494,2019,238,42.67590840452108
2019-12-06,2019-12-05,Prod. Sold Swine or Pork Market Formula,112549,59.42,214.46,59.42,24137258.54,1434235902.4468,24936134.3,1483699990.85,495,2019,239,59.46065116814939
2019-12-06,2019-12-05,Prod. Sold Negotiated,7413,44.18,207.08,44.18,1535084.04,67820012.8872,1598562.68,67843000.13919999,495,2019,239,43.29237631049871
2019-12-09,2019-12-06,Prod. Sold Negotiated,17183,43.49,216.79,43.49000000000001,3725102.57,162004710.7693,1535084.04,67820012.8872,501,2019,240,43.691363196048286
2019-12-09,2019-12-06,Prod. Sold Swine or Pork Market Formula,184143,59.24,216.16,59.24,39804350.88,2358009746.1312003,24137258.54,1434235902.4468,501,2019,240,59.30794803222205
2019-12-10,2019-12-09,Prod. Sold Swine or Pork Market Formula,113159,60.41,213.99,60.41,24214894.41,1462821771.3081,39804350.88,2358009746.1312003,502,2019,241,59.682545461624265
2019-12-10,2019-12-09,Prod. Sold Negotiated,9347,46.7,198.52,46.7,1855566.44,86654952.74800001,3725102.57,162004710.7693,502,2019,241,44.557321545450336
2019-12-11,2019-12-10,Prod. Sold Negotiated,4852,46.08,205.11,46.08,995193.7200000002,45858526.6176,1855566.44,86654952.74800001,503,2019,242,46.483559446684566
2019-12-11,2019-12-10,Prod. Sold Swine or Pork Market Formula,115908,60.02,213.75,60.02,24775335.0,1487015606.7,24214894.41,1462821771.3081,503,2019,242,60.21276923038806
2019-12-12,2019-12-11,Prod. Sold Swine or Pork Market Formula,112789,60.72,214.67,60.71999999999999,24212414.63,1470177816.3335998,24775335.0,1487015606.7,504,2019,243,60.3659781347176
2019-12-12,2019-12-11,Prod. Sold Negotiated,6849,46.78,205.54,46.78,1407743.46,65854239.0588,995193.7200000002,45858526.6176,504,2019,243,46.490089964149625
2019-12-13,2019-12-12,Prod. Sold Negotiated,7663,47.48,205.26,47.48,1572907.38,74681642.40239999,1407743.46,65854239.0588,505,2019,244,47.14939421123207
2019-12-13,2019-12-12,Prod. Sold Swine or Pork Market Formula,106199,60.65,213.74,60.64999999999999,22698974.26,1376692788.869,24212414.63,1470177816.3335998,505,2019,244,60.68612915891434
2019-12-16,2019-12-13,Prod. Sold Negotiated,16825,47.22,211.31,47.22,3555290.75,167880829.215,1572907.38,74681642.40239999,511,2019,245,47.29974651299208
2019-12-16,2019-12-13,Prod. Sold Swine or Pork Market Formula,217144,60.78,215.57,60.78,46809732.08,2845095515.8224,22698974.26,1376692788.869,511,2019,245,60.737546805153215
2019-12-17,2019-12-16,Prod. Sold Negotiated,8005,46.96,211.88,46.96,1696099.4,79648827.824,3555290.75,167880829.215,512,2019,246,47.13602493217915
2019-12-17,2019-12-16,Prod. Sold Swine or Pork Market Formula,116310,61.92,213.76,61.92,24862425.6,1539481393.152,46809732.08,2845095515.8224,512,2019,246,61.17545572648372
2019-12-18,2019-12-17,Prod. Sold Negotiated,7620,49.12,201.33,49.12,1534134.6,75356691.552,1696099.4,79648827.824,513,2019,247,47.98584851004602
2019-12-18,2019-12-17,Prod. Sold Swine or Pork Market Formula,108849,61.06,212.0,61.06,23075988.0,1409019827.28,24862425.6,1539481393.152,513,2019,247,61.506024063174266
2019-12-19,2019-12-18,Prod. Sold Swine or Pork Market Formula,105889,60.95,212.28,60.95,22478116.92,1370041226.2740002,23075988.0,1409019827.28,514,2019,248,61.00572184294824
2019-12-19,2019-12-18,Prod. Sold Negotiated,7864,48.65,202.87,48.65,1595369.68,77614734.932,1534134.6,75356691.552,514,2019,248,48.8804017497621
2019-12-20,2019-12-19,Prod. Sold Swine or Pork Market Formula,114336,60.31,213.61,60.31000000000001,24423312.96,1472970004.6176002,22478116.92,1370041226.2740002,515,2019,249,60.6167282781273
2019-12-20,2019-12-19,Prod. Sold Negotiated,7108,48.99,199.11,48.99000000000001,1415273.88,69334267.38120002,1595369.68,77614734.932,515,2019,249,48.809830650693165
2019-12-23,2019-12-20,Prod. Sold Negotiated,12581,48.02,210.84,48.02,2652578.04,127376797.4808,1415273.88,69334267.38120002,521,2019,250,48.35747926192949
2019-12-23,2019-12-20,Prod. Sold Swine or Pork Market Formula,195966,59.47,215.14,59.47,42160125.24,2507262648.0227995,24423312.96,1472970004.6176002,521,2019,250,59.77811840663404
2019-12-26,2019-12-23,Prod. Sold Negotiated,12309,48.7,201.08,48.7,2475093.72,120537064.16400002,2652578.04,127376797.4808,524,2019,251,48.3482315655868
2019-12-26,2019-12-23,Prod. Sold Swine or Pork Market Formula,150165,60.38,212.6,60.38,31925079.0,1927636270.02,42160125.24,2507262648.0227995,524,2019,251,59.862140673539685
2019-12-27,2019-12-26,Prod. Sold Negotiated,8437,47.18,210.43,47.18,1775397.91,83763273.3938,2475093.72,120537064.16400002,525,2019,252,48.065107602105776
2019-12-27,2019-12-26,Prod. Sold Swine or Pork Market Formula,103988,59.18,215.57,59.18,22416693.16,1326619901.2088,31925079.0,1927636270.02,525,2019,252,59.88498427410874
2019-12-30,2019-12-27,Prod. Sold Negotiated,13594,47.82,212.94,47.82,2894706.36,138424858.1352,1775397.91,83763273.3938,531,2019,253,47.576696082847846
2019-12-30,2019-12-27,Prod. Sold Swine or Pork Market Formula,216723,58.75,215.05,58.75,46606281.150000006,2738119017.5625005,22416693.16,1326619901.2088,531,2019,253,58.88965173415316
2019-12-31,2019-12-30,Prod. Sold Swine or Pork Market Formula,102724,58.57,215.65,58.57,22152430.6,1297467860.242,46606281.150000006,2738119017.5625005,532,2019,254,58.69200825747729
2019-12-31,2019-12-30,Prod. Sold Negotiated,11561,48.37,212.45,48.37,2456134.45,118803223.34649998,2894706.36,138424858.1352,532,2019,254,48.0724601264488
2020-01-02,2019-12-31,Prod. Sold Negotiated,8052,48.48,203.3,48.48,1636971.6,79360383.168,2456134.45,118803223.34649998,14,2020,1,48.413992721859714
2020-01-02,2019-12-31,Prod. Sold Swine or Pork Market Formula,93072,58.71,213.71,58.71,19890417.12,1167766389.1152,22152430.6,1297467860.242,14,2020,1,58.63623381972948
2020-01-03,2020-01-02,Prod. Sold Swine or Pork Market Formula,108242,59.68,216.14,59.68,23395425.88,1396239016.5184,19890417.12,1167766389.1152,15,2020,2,59.23427217609231
2020-01-03,2020-01-02,Prod. Sold Negotiated,4912,48.87,211.6,48.87,1039379.2,50794461.50399999,1636971.6,79360383.168,15,2020,2,48.631459176427846
2020-01-06,2020-01-03,Prod. Sold Negotiated,11858,49.75,209.87,49.75,2488638.46,123809763.385,1039379.2,50794461.50399999,21,2020,3,49.49074571497468
2020-01-06,2020-01-03,Prod. Sold Swine or Pork Market Formula,210484,59.68,217.34,59.68,45746592.56,2730156643.9808,23395425.88,1396239016.5184,21,2020,3,59.68
2020-01-07,2020-01-06,Prod. Sold Negotiated,7327,49.35,209.93,49.35000000000001,1538157.11,75908053.37850001,2488638.46,123809763.385,22,2020,4,49.597207827339496
2020-01-07,2020-01-06,Prod. Sold Swine or Pork Market Formula,117069,59.75,215.59,59.75,25238905.71,1508024616.1725,45746592.56,2730156643.9808,22,2020,4,59.70488851163628
2020-01-08,2020-01-07,Prod. Sold Negotiated,8320,51.74,202.7,51.74,1686464.0,87257647.36,1538157.11,75908053.37850001,23,2020,5,50.59996048295422
2020-01-08,2020-01-07,Prod. Sold Swine or Pork Market Formula,112734,60.08,215.9,60.08,24339270.6,1462303377.648,25238905.71,1508024616.1725,23,2020,5,59.91200594486934
2020-01-09,2020-01-08,Prod. Sold Negotiated,7376,50.82,206.4,50.82,1522406.4,77368693.24800001,1686464.0,87257647.36,24,2020,6,51.303518087860446
2020-01-09,2020-01-08,Prod. Sold Swine or Pork Market Formula,114898,60.12,216.83,60.12,24913333.34,1497789600.4008,24339270.6,1462303377.648,24,2020,6,60.100233109599934
2020-01-10,2020-01-09,Prod. Sold Negotiated,7048,51.67,203.19,51.67,1432083.12,73995734.8104,1522406.4,77368693.24800001,25,2020,7,51.2320070975916
2020-01-10,2020-01-09,Prod. Sold Swine or Pork Market Formula,109388,59.58,218.35,59.58,23884869.8,1423060542.684,24913333.34,1497789600.4008,25,2020,7,59.85569047911464
2020-01-13,2020-01-10,Prod. Sold Swine or Pork Market Formula,191161,59.48,217.96,59.48,41665451.56,2478261058.7888,23884869.8,1423060542.684,31,2020,8,59.51643745645247
2020-01-13,2020-01-10,Prod. Sold Negotiated,13782,50.84,215.07,50.84000000000001,2964094.74,150694576.5816,1432083.12,73995734.8104,31,2020,8,51.11037782079182
2020-01-14,2020-01-13,Prod. Sold Swine or Pork Market Formula,109356,59.95,215.01,59.95,23512633.56,1409582381.922,41665451.56,2478261058.7888,32,2020,9,59.64954989936961
2020-01-14,2020-01-13,Prod. Sold Negotiated,10070,50.34,209.41,50.34,2108758.7,106154912.95800002,2964094.74,150694576.5816,32,2020,9,50.6321526094789
2020-01-15,2020-01-14,Prod. Sold Negotiated,6016,51.49,202.87,51.49,1220465.92,62841790.2208,2108758.7,106154912.95800002,33,2020,10,50.761580388288735
2020-01-15,2020-01-14,Prod. Sold Swine or Pork Market Formula,110310,60.34,214.47,60.34,23658185.7,1427534925.138,23512633.56,1409582381.922,33,2020,10,60.14560169968946
2020-01-16,2020-01-15,Prod. Sold Swine or Pork Market Formula,117571,60.83,214.5,60.83,25218979.5,1534070522.985,23658185.7,1427534925.138,34,2020,11,60.59282358140934
2020-01-16,2020-01-15,Prod. Sold Negotiated,6662,51.63,197.79,51.63,1317676.98,68031662.4774,1220465.92,62841790.2208,34,2020,11,51.562681005155376
2020-01-17,2020-01-16,Prod. Sold Negotiated,8795,51.53,207.83,51.53,1827864.85,94189875.7205,1317676.98,68031662.4774,35,2020,12,51.5718903022504
2020-01-17,2020-01-16,Prod. Sold Swine or Pork Market Formula,110652,61.23,214.66,61.23,23752558.32,1454369145.9336,25218979.5,1534070522.985,35,2020,12,61.02401112872791
2020-01-20,2020-01-17,Prod. Sold Negotiated,10798,51.35,208.6,51.35,2252462.8,115663964.78,1827864.85,94189875.7205,41,2020,13,51.43063462084962
2020-01-20,2020-01-17,Prod. Sold Swine or Pork Market Formula,100313,60.58,216.98,60.58,21765914.74,1318579114.9492,23752558.32,1454369145.9336,41,2020,13,60.91918455233876
2020-01-21,2020-01-20,Prod. Sold Negotiated,9228,51.1,213.33,51.1,1968609.24,100595932.16400002,2252462.8,115663964.78,42,2020,14,51.23340584919276
2020-01-21,2020-01-20,Prod. Sold Swine or Pork Market Formula,90081,61.68,213.84,61.68000000000001,19262921.04,1188136969.7472,21765914.74,1318579114.9492,42,2020,14,61.0964468535646
2020-01-22,2020-01-21,Prod. Sold Swine or Pork Market Formula,113004,62.0,213.56,62.0,24133134.24,1496254322.88,19262921.04,1188136969.7472,43,2020,15,61.857956335131675
2020-01-22,2020-01-21,Prod. Sold Negotiated,9161,52.2,208.73,52.2,1912175.53,99815562.666,1968609.24,100595932.16400002,43,2020,15,51.642001993839
2020-01-23,2020-01-22,Prod. Sold Swine or Pork Market Formula,114119,61.96,214.46,61.96,24473960.74,1516406607.4504,24133134.24,1496254322.88,44,2020,16,61.97985976265394
2020-01-23,2020-01-22,Prod. Sold Negotiated,7831,51.6,210.99,51.6,1652262.6900000002,85256754.804,1912175.53,99815562.666,44,2020,16,51.92187549543221
2020-01-24,2020-01-23,Prod. Sold Swine or Pork Market Formula,110694,62.49,214.85,62.49,23782605.9,1486175042.691,24473960.74,1516406607.4504,45,2020,17,62.22120343830164
2020-01-24,2020-01-23,Prod. Sold Negotiated,8947,52.3,206.56,52.3,1848092.32,96655228.336,1652262.6900000002,85256754.804,45,2020,17,51.96958097687354
2020-01-27,2020-01-24,Prod. Sold Swine or Pork Market Formula,193494,62.46,216.79,62.46,41947564.26,2620044863.6796,23782605.9,1486175042.691,51,2020,18,62.47085465282173
2020-01-27,2020-01-24,Prod. Sold Negotiated,18611,52.24,212.33,52.24,3951673.63,206435430.43120003,1848092.32,96655228.336,51,2020,18,52.25911896793007
2020-01-28,2020-01-27,Prod. Sold Swine or Pork Market Formula,104471,63.09,215.21,63.09,22483203.91,1418465334.6819,41947564.26,2620044863.6796,52,2020,19,62.67983935417202
2020-01-28,2020-01-27,Prod. Sold Negotiated,9724,50.89,215.18,50.89,2092410.32,106482761.1848,3951673.63,206435430.43120003,52,2020,19,51.77264151269773
2020-01-29,2020-01-28,Prod. Sold Negotiated,7274,53.24,204.09,53.24,1484550.66,79037477.1384,2092410.32,106482761.1848,53,2020,20,51.86532348563668
2020-01-29,2020-01-28,Prod. Sold Swine or Pork Market Formula,112621,63.31,214.55,63.31,24162835.55,1529749118.6705,22483203.91,1418465334.6819,53,2020,20,63.20396088247874
2020-01-30,2020-01-29,Prod. Sold Negotiated,6104,54.26,201.59,54.26,1230505.36,66767220.8336,1484550.66,79037477.1384,54,2020,21,53.70227976806166
2020-01-30,2020-01-29,Prod. Sold Swine or Pork Market Formula,110109,63.28,214.87,63.28,23659120.83,1497149166.1224,24162835.55,1529749118.6705,54,2020,21,63.295157996898745
2020-01-31,2020-01-30,Prod. Sold Swine or Pork Market Formula,112550,62.42,214.55,62.42,24147602.5,1507293348.05,23659120.83,1497149166.1224,55,2020,22,62.8456063268204
2020-01-31,2020-01-30,Prod. Sold Negotiated,8000,54.37,203.8,54.37,1630400.0,88644848.0,1230505.36,66767220.8336,55,2020,22,54.32268784787762
2020-02-03,2020-01-31,Prod. Sold Negotiated,18980,53.91,212.13,53.91,4026227.4,217053919.134,1630400.0,88644848.0,61,2020,23,54.04258500993011
2020-02-03,2020-01-31,Prod. Sold Swine or Pork Market Formula,177110,61.87,216.12,61.87,38277013.2,2368198806.684,24147602.5,1507293348.05,61,2020,23,62.0827555168113
2020-02-04,2020-02-03,Prod. Sold Swine or Pork Market Formula,104916,61.51,213.94,61.51,22445729.04,1380636793.2503998,38277013.2,2368198806.684,62,2020,24,61.73692856487832
2020-02-04,2020-02-03,Prod. Sold Negotiated,6622,54.12,206.59,54.12,1368038.98,74038269.5976,4026227.4,217053919.134,62,2020,24,53.96325806431532
2020-02-05,2020-02-04,Prod. Sold Swine or Pork Market Formula,123435,61.1,214.04,61.1,26420027.4,1614263674.14,22445729.04,1380636793.2503998,63,2020,25,61.28832715539152
2020-02-05,2020-02-04,Prod. Sold Negotiated,6689,56.49,205.08,56.49,1371780.12,77491858.97880001,1368038.98,74038269.5976,63,2020,25,55.30661808160984
2020-02-06,2020-02-05,Prod. Sold Swine or Pork Market Formula,120464,60.24,213.96,60.24000000000001,25774477.44,1552654520.9856002,26420027.4,1614263674.14,64,2020,26,60.6753183085777
2020-02-06,2020-02-05,Prod. Sold Negotiated,6612,55.82,202.87,55.82,1341376.44,74875632.8808,1371780.12,77491858.97880001,64,2020,26,56.158754015875886
2020-02-07,2020-02-06,Prod. Sold Swine or Pork Market Formula,119114,59.35,214.83,59.35,25589260.62,1518722617.7970002,25774477.44,1552654520.9856002,65,2020,27,59.796604662900585
2020-02-07,2020-02-06,Prod. Sold Negotiated,6892,55.18,202.75,55.18000000000001,1397353.0,77105938.54,1341376.44,74875632.8808,65,2020,27,55.493459558677685
2020-02-10,2020-02-07,Prod. Sold Negotiated,11993,54.76,206.71,54.760000000000005,2479073.0300000003,135754039.12280002,1397353.0,77105938.54,71,2020,28,54.9113993187173
2020-02-10,2020-02-07,Prod. Sold Swine or Pork Market Formula,184142,58.23,215.76,58.23,39730477.92,2313505729.2816,25589260.62,1518722617.7970002,71,2020,28,58.66876433885064
2020-02-11,2020-02-10,Prod. Sold Swine or Pork Market Formula,123355,57.96,213.76,57.96,26368364.8,1528310423.8079998,39730477.92,2313505729.2816,72,2020,29,58.12229072396685
2020-02-11,2020-02-10,Prod. Sold Negotiated,5246,53.42,194.59,53.42,1020819.14,54532158.4588,2479073.0300000003,135754039.12280002,72,2020,29,54.369160059465486
2020-02-12,2020-02-11,Prod. Sold Negotiated,4374,51.48,197.45,51.48,863646.2999999998,44460511.524,1020819.14,54532158.4588,73,2020,30,52.53090233525323
2020-02-12,2020-02-11,Prod. Sold Swine or Pork Market Formula,122981,57.03,215.03,57.03,26444604.43,1508135790.6429,26368364.8,1528310423.8079998,73,2020,30,57.49432873632241
2020-02-13,2020-02-12,Prod. Sold Negotiated,5372,50.82,203.97,50.82,1095726.84,55684838.00880001,863646.2999999998,44460511.524,74,2020,31,51.11091271405302
2020-02-13,2020-02-12,Prod. Sold Swine or Pork Market Formula,126722,56.78,215.56,56.78,27316194.32,1551013513.4896,26444604.43,1508135790.6429,74,2020,31,56.90297345391468
2020-02-14,2020-02-13,Prod. Sold Negotiated,6262,50.79,206.76,50.79,1294731.12,65759393.58479999,1095726.84,55684838.00880001,75,2020,32,50.80375125844088
2020-02-14,2020-02-13,Prod. Sold Swine or Pork Market Formula,132355,56.46,215.94,56.46000000000001,28580738.7,1613668507.002,27316194.32,1551013513.4896,75,2020,32,56.61638035416492
2020-02-17,2020-02-14,Prod. Sold Swine or Pork Market Formula,175052,56.02,214.83,56.02,37606421.16,2106711713.3832004,28580738.7,1613668507.002,81,2020,33,56.209999465978
2020-02-17,2020-02-14,Prod. Sold Negotiated,5822,48.78,219.17,48.78,1276007.74,62243657.5572,1294731.12,65759393.58479999,81,2020,33,49.79231968431053
2020-02-18,2020-02-17,Prod. Sold Swine or Pork Market Formula,108411,55.82,214.65,55.82,23270421.15,1298954908.5930002,37606421.16,2106711713.3832004,82,2020,34,55.94354918465877
2020-02-18,2020-02-17,Prod. Sold Negotiated,5305,48.22,211.46,48.22,1121795.3,54092969.366,1276007.74,62243657.5572,82,2020,34,48.51800793579777
2020-02-19,2020-02-18,Prod. Sold Negotiated,6008,49.58,195.94,49.58,1177207.52,58365948.8416,1121795.3,54092969.366,83,2020,35,48.91638984923036
2020-02-19,2020-02-18,Prod. Sold Swine or Pork Market Formula,116240,55.9,213.32,55.900000000000006,24796316.8,1386114109.12,23270421.15,1298954908.5930002,83,2020,35,55.86126981419175
2020-02-20,2020-02-19,Prod. Sold Negotiated,7571,50.2,204.14,50.2,1545543.94,77586305.788,1177207.52,58365948.8416,84,2020,36,49.93193709630771
2020-02-20,2020-02-19,Prod. Sold Swine or Pork Market Formula,114773,56.3,213.65,56.3,24521251.45,1380546456.635,24796316.8,1386114109.12,84,2020,36,56.09888451373512
2020-02-21,2020-02-20,Prod. Sold Negotiated,7142,50.24,210.63,50.24000000000001,1504319.46,75577009.67040001,1545543.94,77586305.788,85,2020,37,50.219729663433455
2020-02-21,2020-02-20,Prod. Sold Swine or Pork Market Formula,119490,56.13,214.47,56.13,25627020.3,1438444649.439,24521251.45,1380546456.635,85,2020,37,56.213125750918834
2020-02-24,2020-02-21,Prod. Sold Swine or Pork Market Formula,163556,56.56,214.56,56.56,35092575.36,1984836062.3616,25627020.3,1438444649.439,91,2020,38,56.37851626959599
2020-02-24,2020-02-21,Prod. Sold Negotiated,15585,49.75,209.22,49.75,3260693.7,162219511.57500002,1504319.46,75577009.67040001,91,2020,38,49.90469349415186
2020-02-25,2020-02-24,Prod. Sold Negotiated,8113,49.22,206.43,49.22,1674766.59,82432011.5598,3260693.7,162219511.57500002,92,2020,39,49.57015329056573
2020-02-25,2020-02-24,Prod. Sold Swine or Pork Market Formula,119884,56.88,214.14,56.88,25671959.76,1460221071.1488,35092575.36,1984836062.3616,92,2020,39,56.695194437133054
2020-02-26,2020-02-25,Prod. Sold Swine or Pork Market Formula,117552,56.71,214.97,56.71,25270153.44,1433070401.5824,25671959.76,1460221071.1488,93,2020,40,56.79567043817099
2020-02-26,2020-02-25,Prod. Sold Negotiated,5808,49.74,198.59,49.74,1153410.72,57370649.2128,1674766.59,82432011.5598,93,2020,40,49.43207071150712
2020-02-27,2020-02-26,Prod. Sold Swine or Pork Market Formula,122301,56.58,214.83,56.57999999999999,26273923.83,1486578610.3014,25270153.44,1433070401.5824,94,2020,41,56.64373418870206
2020-02-27,2020-02-26,Prod. Sold Negotiated,6969,51.38,199.75,51.38,1392057.75,71523927.19500001,1153410.72,57370649.2128,94,2020,41,50.63687801554267
2020-02-28,2020-02-27,Prod. Sold Swine or Pork Market Formula,119951,56.69,215.33,56.690000000000005,25829048.83,1464248778.1727002,26273923.83,1486578610.3014,95,2020,42,56.63453038907857
2020-02-28,2020-02-27,Prod. Sold Negotiated,7498,50.66,204.78,50.66,1535440.44,77785412.6904,1392057.75,71523927.19500001,95,2020,42,51.00236795890213
2020-03-02,2020-02-28,Prod. Sold Negotiated,10755,49.94,212.22,49.94,2282426.1,113984359.434,1535440.44,77785412.6904,101,2020,43,50.22956410739281
2020-03-02,2020-02-28,Prod. Sold Swine or Pork Market Formula,157005,56.6,215.9,56.6,33897379.5,1918591679.7,25829048.83,1464248778.1727002,101,2020,43,56.638921034786414
2020-03-03,2020-03-02,Prod. Sold Negotiated,9147,50.03,210.17,50.03,1922424.99,96178922.2497,2282426.1,113984359.434,102,2020,44,49.9811472952066
2020-03-03,2020-03-02,Prod. Sold Swine or Pork Market Formula,115547,56.75,214.08,56.75,24736301.76,1403785124.88,33897379.5,1918591679.7,102,2020,44,56.66328180636563
2020-03-04,2020-03-03,Prod. Sold Swine or Pork Market Formula,123354,57.01,214.27,57.01,26431061.58,1506834820.6758,24736301.76,1403785124.88,103,2020,45,56.88430584580128
2020-03-04,2020-03-03,Prod. Sold Negotiated,8268,50.95,203.73,50.95,1684439.64,85822199.65799998,1922424.99,96178922.2497,103,2020,45,50.459648636078704
2020-03-05,2020-03-04,Prod. Sold Negotiated,8674,51.07,206.19,51.06999999999999,1788492.06,91338289.5042,1684439.64,85822199.65799998,104,2020,46,51.011797658502736
2020-03-05,2020-03-04,Prod. Sold Swine or Pork Market Formula,114966,57.37,214.97,57.37,24714241.02,1417856007.3174,26431061.58,1506834820.6758,104,2020,46,57.18395784783567
2020-03-06,2020-03-05,Prod. Sold Negotiated,8150,50.99,205.43,50.99,1674254.5,85370236.955,1788492.06,91338289.5042,105,2020,47,51.031319617916246
2020-03-06,2020-03-05,Prod. Sold Swine or Pork Market Formula,121755,57.39,215.66,57.39,26257683.3,1506928444.587,24714241.02,1417856007.3174,105,2020,47,57.380302802434976
2020-03-09,2020-03-06,Prod. Sold Swine or Pork Market Formula,197427,57.71,216.37,57.71000000000001,42717279.99,2465214228.2229004,26257683.3,1506928444.587,111,2020,48,57.5881810347521
2020-03-09,2020-03-06,Prod. Sold Negotiated,18217,50.87,210.19,50.870000000000005,3829031.23,194782818.6701,1674254.5,85370236.955,111,2020,48,50.906507379383335
2020-03-10,2020-03-09,Prod. Sold Negotiated,10146,51.5,206.68,51.5,2096975.28,107994226.92,3829031.23,194782818.6701,112,2020,49,51.09293165290499
2020-03-10,2020-03-09,Prod. Sold Swine or Pork Market Formula,120899,57.97,213.06,57.97,25758740.94,1493234212.2918,42717279.99,2465214228.2229004,112,2020,49,57.8078046410034
2020-03-11,2020-03-10,Prod. Sold Swine or Pork Market Formula,121508,58.34,214.16,58.34,26022153.28,1518132422.3552,25758740.94,1493234212.2918,113,2020,50,58.155941105472095
2020-03-11,2020-03-10,Prod. Sold Negotiated,7537,52.48,203.93,52.48,1537020.41,80662831.11680001,2096975.28,107994226.92,113,2020,50,51.91449691477207
2020-03-12,2020-03-11,Prod. Sold Negotiated,8904,52.42,200.73,52.42,1787299.92,93690261.8064,1537020.41,80662831.11680001,114,2020,51,52.44774137731788
2020-03-12,2020-03-11,Prod. Sold Swine or Pork Market Formula,117676,59.07,215.08,59.07000000000001,25309754.08,1495047173.5056002,26022153.28,1518132422.3552,114,2020,51,58.69993442341474
2020-03-13,2020-03-12,Prod. Sold Negotiated,8410,52.66,201.47,52.66,1694362.7,89225139.78199999,1787299.92,93690261.8064,115,2020,52,52.53679679865133
2020-03-13,2020-03-12,Prod. Sold Swine or Pork Market Formula,122494,59.5,214.99,59.5,26334985.06,1566931611.0700002,25309754.08,1495047173.5056002,115,2020,52,59.28926809515105
2020-03-16,2020-03-13,Prod. Sold Negotiated,17188,52.9,208.63,52.900000000000006,3585932.44,189695826.076,1694362.7,89225139.78199999,121,2020,53,52.822987818442286
2020-03-16,2020-03-13,Prod. Sold Swine or Pork Market Formula,181908,60.02,216.07,60.02,39304861.56,2359077790.8312,26334985.06,1566931611.0700002,121,2020,53,59.81137379295723
2020-03-17,2020-03-16,Prod. Sold Negotiated,11104,54.05,206.22,54.05,2289866.88,123767304.864,3585932.44,189695826.076,122,2020,54,53.34816828631921
2020-03-17,2020-03-16,Prod. Sold Swine or Pork Market Formula,114521,60.82,212.96,60.82,24388392.16,1483302011.1712,39304861.56,2359077790.8312,122,2020,54,60.326323081150335
2020-03-18,2020-03-17,Prod. Sold Negotiated,11558,54.82,206.51,54.82,2386842.58,130846710.2356,2289866.88,123767304.864,123,2020,55,54.44298331493957
2020-03-18,2020-03-17,Prod. Sold Swine or Pork Market Formula,118636,61.49,213.82,61.49,25366749.52,1559801427.9848,24388392.16,1483302011.1712,123,2020,55,61.16158725318698
2020-03-19,2020-03-18,Prod. Sold Negotiated,12907,55.58,208.01,55.58,2684785.07,149220354.19059998,2386842.58,130846710.2356,124,2020,56,55.22232382856418
2020-03-19,2020-03-18,Prod. Sold Swine or Pork Market Formula,113160,62.46,213.83,62.46,24197002.8,1511344794.888,25366749.52,1559801427.9848,124,2020,56,61.96355358739715
2020-03-20,2020-03-19,Prod. Sold Negotiated,12245,55.26,206.39,55.260000000000005,2527245.55,139655589.093,2684785.07,149220354.19059998,125,2020,57,55.42483618095091
2020-03-20,2020-03-19,Prod. Sold Swine or Pork Market Formula,126358,63.26,214.85,63.26,27148016.3,1717383511.138,24197002.8,1511344794.888,125,2020,57,62.88298967690909
2020-03-23,2020-03-20,Prod. Sold Swine or Pork Market Formula,191264,64.66,214.91,64.66,41104546.24,2657819959.8784,27148016.3,1717383511.138,131,2020,58,64.10313852248805
2020-03-23,2020-03-20,Prod. Sold Negotiated,24130,54.83,212.18,54.82999999999999,5119903.4,280724303.422,2527245.55,139655589.093,131,2020,58,54.972107286467846
2020-03-24,2020-03-23,Prod. Sold Swine or Pork Market Formula,119187,65.53,212.61,65.53,25340348.07,1660553009.0271,41104546.24,2657819959.8784,132,2020,59,64.99179528765661
2020-03-24,2020-03-23,Prod. Sold Negotiated,11945,55.83,207.51,55.82999999999999,2478706.95,138386209.01849997,5119903.4,280724303.422,132,2020,59,55.15620529752522
2020-03-25,2020-03-24,Prod. Sold Negotiated,11720,57.9,205.09,57.9,2403654.8,139171612.92,2478706.95,138386209.01849997,133,2020,60,56.849089877148074
2020-03-25,2020-03-24,Prod. Sold Swine or Pork Market Formula,119067,66.29,213.63,66.29,25436283.21,1686171213.9909005,25340348.07,1660553009.0271,133,2020,60,65.91071795533263
2020-03-26,2020-03-25,Prod. Sold Swine or Pork Market Formula,127590,67.31,214.04,67.31,27309363.6,1838193263.916,25436283.21,1686171213.9909005,134,2020,61,66.81811089742328
2020-03-26,2020-03-25,Prod. Sold Negotiated,9226,58.35,201.95,58.35,1863190.7,108717177.345,2403654.8,139171612.92,134,2020,61,58.09650015802072
2020-03-27,2020-03-26,Prod. Sold Swine or Pork Market Formula,124239,66.79,214.35,66.79,26630629.65,1778659754.3235002,27309363.6,1838193263.916,135,2020,62,67.0532716138132
2020-03-27,2020-03-26,Prod. Sold Negotiated,10493,58.73,205.24,58.73,2153583.3200000003,126479948.3836,1863190.7,108717177.345,135,2020,62,58.5537360472671
2020-03-30,2020-03-27,Prod. Sold Negotiated,24714,58.81,208.41,58.81000000000001,5150644.74,302909417.15940005,2153583.3200000003,126479948.3836,141,2020,63,58.786412748317176
2020-03-30,2020-03-27,Prod. Sold Swine or Pork Market Formula,205267,65.93,215.19,65.93,44171405.73,2912220779.7789,26630629.65,1778659754.3235002,141,2020,63,66.25347010048625
2020-03-31,2020-03-30,Prod. Sold Negotiated,11252,58.91,205.0,58.91,2306660.0,135885340.6,5150644.74,302909417.15940005,142,2020,64,58.840931550746845
2020-03-31,2020-03-30,Prod. Sold Swine or Pork Market Formula,127489,65.61,212.85,65.61,27136033.65,1780395167.7765,44171405.73,2912220779.7789,142,2020,64,65.80822405567356
2020-04-01,2020-03-31,Prod. Sold Swine or Pork Market Formula,130380,64.21,213.32,64.21,27812661.6,1785851001.3359995,27136033.65,1780395167.7765,143,2020,65,64.90138033100067
2020-04-01,2020-03-31,Prod. Sold Negotiated,11532,59.55,204.32,59.55,2356218.24,140312796.19199997,2306660.0,135885340.6,143,2020,65,59.23340104029822
2020-04-02,2020-04-01,Prod. Sold Swine or Pork Market Formula,111415,62.37,213.75,62.37,23814956.25,1485338821.3125,27812661.6,1785851001.3359995,144,2020,66,63.36123878798138
2020-04-02,2020-04-01,Prod. Sold Negotiated,5994,58.34,210.79,58.34,1263475.26,73711146.6684,2356218.24,140312796.19199997,144,2020,66,59.12764239856219
2020-04-03,2020-04-02,Prod. Sold Negotiated,9556,57.7,204.46,57.7,1953819.76,112735400.152,1263475.26,73711146.6684,145,2020,67,57.95133665435506
2020-04-03,2020-04-02,Prod. Sold Swine or Pork Market Formula,126422,59.46,213.97,59.46,27050515.34,1608423642.1164,23814956.25,1485338821.3125,145,2020,67,60.82244726572287
2020-04-06,2020-04-03,Prod. Sold Swine or Pork Market Formula,170278,56.21,214.41,56.21,36509305.98,2052188089.1358,27050515.34,1608423642.1164,151,2020,68,57.5931721523002
2020-04-06,2020-04-03,Prod. Sold Negotiated,13676,58.99,207.12,58.99,2832573.12,167093488.3488,1953819.76,112735400.152,151,2020,68,58.463418176570585
2020-04-07,2020-04-06,Prod. Sold Swine or Pork Market Formula,111063,54.3,212.18,54.3,23565347.34,1279598360.562,36509305.98,2052188089.1358,152,2020,69,55.46076865313486
2020-04-07,2020-04-06,Prod. Sold Negotiated,7796,51.56,212.43,51.56000000000001,1656104.28,85388736.67680001,2832573.12,167093488.3488,152,2020,69,56.24869032147421
2020-04-08,2020-04-07,Prod. Sold Swine or Pork Market Formula,121256,52.13,212.53,52.13,25770537.68,1343418129.2584,23565347.34,1279598360.562,153,2020,70,53.166503220872
2020-04-08,2020-04-07,Prod. Sold Negotiated,7208,47.89,204.49,47.89,1473963.9200000002,70588132.1288,1656104.28,85388736.67680001,153,2020,70,49.83177964160653
2020-04-09,2020-04-08,Prod. Sold Swine or Pork Market Formula,121704,50.49,211.9,50.49,25789077.6,1302090528.0240002,25770537.68,1343418129.2584,154,2020,71,51.30970514259431
2020-04-09,2020-04-08,Prod. Sold Negotiated,5604,46.38,204.94,46.38,1148483.76,53266676.7888,1473963.9200000002,70588132.1288,154,2020,71,47.22870540456312
2020-04-10,2020-04-09,Prod. Sold Negotiated,7001,44.08,208.06,44.08,1456628.06,64208164.8848,1148483.76,53266676.7888,155,2020,72,45.09397284666268
2020-04-10,2020-04-09,Prod. Sold Swine or Pork Market Formula,117539,48.72,214.08,48.72,25162749.12,1225929137.1264,25789077.6,1302090528.0240002,155,2020,72,49.61587891721422
2020-04-13,2020-04-10,Prod. Sold Negotiated,3811,44.17,212.19,44.17,808656.09,35718339.4953,1456628.06,64208164.8848,161,2020,73,44.112127999527125
2020-04-13,2020-04-10,Prod. Sold Swine or Pork Market Formula,124357,47.7,215.18,47.7,26759139.26,1276410942.702,25162749.12,1225929137.1264,161,2020,73,48.19431954235868
2020-04-14,2020-04-13,Prod. Sold Swine or Pork Market Formula,69763,47.66,213.46,47.66,14891609.98,709734131.6467999,26759139.26,1276410942.702,162,2020,74,47.68569859102011
2020-04-14,2020-04-13,Prod. Sold Negotiated,6592,43.4,203.34,43.4,1340417.28,58174109.952,808656.09,35718339.4953,162,2020,74,43.68973658972843
2020-04-15,2020-04-14,Prod. Sold Swine or Pork Market Formula,107476,46.37,212.61,46.37,22850472.360000003,1059576403.3332,14891609.98,709734131.6467999,163,2020,75,46.87898561189986
2020-04-15,2020-04-14,Prod. Sold Negotiated,5242,38.21,204.58,38.21,1072408.36,40976723.435600005,1340417.28,58174109.952,163,2020,75,41.09324426260656
2020-04-16,2020-04-15,Prod. Sold Swine or Pork Market Formula,104573,45.84,213.13,45.84,22287643.49,1021665577.5816,22850472.360000003,1059576403.3332,164,2020,76,46.10830429500084
2020-04-16,2020-04-15,Prod. Sold Negotiated,5040,36.57,208.79,36.57,1052301.6,38482669.512,1072408.36,40976723.435600005,164,2020,76,37.39775990300343
2020-04-17,2020-04-16,Prod. Sold Swine or Pork Market Formula,94149,45.08,215.06,45.08,20247683.94,912765592.0152,22287643.49,1021665577.5816,165,2020,77,45.47822448952052
2020-04-17,2020-04-16,Prod. Sold Negotiated,7377,35.98,209.39,35.98,1544670.0299999998,55577227.67939999,1052301.6,38482669.512,165,2020,77,36.21906997551606
2020-04-20,2020-04-17,Prod. Sold Negotiated,7864,34.88,207.04,34.88,1628162.5599999998,56790310.0928,1544670.0299999998,55577227.67939999,171,2020,78,35.415526847005815
2020-04-20,2020-04-17,Prod. Sold Swine or Pork Market Formula,144722,45.13,214.52,45.13,31045763.44,1401095304.0472002,20247683.94,912765592.0152,171,2020,78,45.110262894215325
2020-04-21,2020-04-20,Prod. Sold Negotiated,3625,33.83,200.39,33.83,726413.75,24574577.1625,1628162.5599999998,56790310.0928,172,2020,79,34.55606297818397
2020-04-21,2020-04-20,Prod. Sold Swine or Pork Market Formula,81712,45.52,211.82,45.52,17308235.84,787870895.4368,31045763.44,1401095304.0472002,172,2020,79,45.26959986925822
2020-04-22,2020-04-21,Prod. Sold Negotiated,3915,33.28,197.28,33.28,772351.2,25703847.936,726413.75,24574577.1625,173,2020,80,33.546571194168905
2020-04-22,2020-04-21,Prod. Sold Swine or Pork Market Formula,70052,46.37,212.68,46.37,14898659.36,690850834.5232,17308235.84,787870895.4368,173,2020,80,45.913203392545576
2020-04-23,2020-04-22,Prod. Sold Negotiated,3493,33.11,192.21,33.11,671389.53,22229707.3383,772351.2,25703847.936,174,2020,81,33.20094410185408
2020-04-23,2020-04-22,Prod. Sold Swine or Pork Market Formula,73795,47.38,215.68,47.38,15916105.6,754105083.328,14898659.36,690850834.5232,174,2020,81,46.89167416097014
2020-04-24,2020-04-23,Prod. Sold Swine or Pork Market Formula,69189,49.96,216.2,49.96,14958661.8,747334743.528,15916105.6,754105083.328,175,2020,82,48.62999637872576
2020-04-24,2020-04-23,Prod. Sold Negotiated,6341,33.43,201.61,33.43,1278409.01,42737213.2043,671389.53,22229707.3383,175,2020,82,33.31981187276918
2020-04-27,2020-04-24,Prod. Sold Swine or Pork Market Formula,115348,50.98,216.23,50.98,24941698.04,1271527766.0791998,14958661.8,747334743.528,181,2020,83,50.597601568076485
2020-04-27,2020-04-24,Prod. Sold Negotiated,13016,32.9,213.26,32.9,2775792.16,91323562.06399998,1278409.01,42737213.2043,181,2020,83,33.06712460652267
2020-04-28,2020-04-27,Prod. Sold Swine or Pork Market Formula,63679,52.1,217.37,52.1,13841904.23,721163210.383,24941698.04,1271527766.0791998,182,2020,84,51.37972905635926
2020-04-28,2020-04-27,Prod. Sold Negotiated,5849,34.64,200.15,34.64,1170677.35,40552263.40400001,2775792.16,91323562.06399998,182,2020,84,33.41615211617332
2020-04-29,2020-04-28,Prod. Sold Swine or Pork Market Formula,65139,54.99,216.39,54.99,14095428.21,775107597.2679,13841904.23,721163210.383,183,2020,85,53.55811299680765
2020-04-29,2020-04-28,Prod. Sold Negotiated,4976,36.29,198.31,36.29,986790.56,35810629.4224,1170677.35,40552263.40400001,183,2020,85,35.39468303211055
2020-04-30,2020-04-29,Prod. Sold Swine or Pork Market Formula,50050,57.92,216.25,57.92,10823312.5,626886260.0,14095428.21,775107597.2679,184,2020,86,56.262628741318125
2020-04-30,2020-04-29,Prod. Sold Negotiated,5107,35.39,209.8,35.39,1071448.6,37918565.954,986790.56,35810629.4224,184,2020,86,35.821490917702675
2020-05-01,2020-04-30,Prod. Sold Swine or Pork Market Formula,54350,61.58,215.96,61.57999999999999,11737426.0,722790693.0799998,10823312.5,626886260.0,185,2020,87,59.824147737007806
2020-05-01,2020-04-30,Prod. Sold Negotiated,7497,35.33,208.54,35.33,1563424.38,55235783.34539999,1071448.6,37918565.954,185,2020,87,35.35439848770243
2020-05-04,2020-05-01,Prod. Sold Negotiated,13619,35.63,214.94,35.63,2927267.86,104298553.8518,1563424.38,55235783.34539999,191,2020,88,35.52555567628923
2020-05-04,2020-05-01,Prod. Sold Swine or Pork Market Formula,81406,64.72,219.08,64.72,17834426.48,1154244081.7856,11737426.0,722790693.0799998,191,2020,88,63.47369601329757
2020-05-05,2020-05-04,Prod. Sold Negotiated,7234,37.87,205.68,37.87,1487889.12,56346360.9744,2927267.86,104298553.8518,192,2020,89,36.384870470947554
2020-05-05,2020-05-04,Prod. Sold Swine or Pork Market Formula,50829,62.86,218.76,62.86,11119352.04,698962469.2343999,17834426.48,1154244081.7856,192,2020,89,64.00568926573388
2020-05-06,2020-05-05,Prod. Sold Swine or Pork Market Formula,54369,66.74,217.92,66.74,11848092.48,790741692.1151998,11119352.04,698962469.2343999,193,2020,90,64.86155479998521
2020-05-06,2020-05-05,Prod. Sold Negotiated,4209,37.96,200.05,37.96,842010.45,31962716.682000004,1487889.12,56346360.9744,193,2020,90,37.9025254107412
2020-05-07,2020-05-06,Prod. Sold Negotiated,3571,37.55,200.26,37.55,715128.46,26853073.673,842010.45,31962716.682000004,194,2020,91,37.77170423093467
2020-05-07,2020-05-06,Prod. Sold Swine or Pork Market Formula,62953,68.98,219.37,68.98,13809999.61,952613773.0978,11848092.48,790741692.1151998,194,2020,91,67.94563910277867
2020-05-08,2020-05-07,Prod. Sold Negotiated,7218,38.55,208.12,38.55,1502210.16,57910201.668000005,715128.46,26853073.673,195,2020,92,38.227483423799285
2020-05-08,2020-05-07,Prod. Sold Swine or Pork Market Formula,68874,69.39,221.55,69.39,15259034.7,1058824417.833,13809999.61,952613773.0978,195,2020,92,69.19521885317145
2020-05-11,2020-05-08,Prod. Sold Negotiated,14183,37.68,209.27,37.68,2968076.41,111837119.1288,1502210.16,57910201.668000005,201,2020,93,37.97235773115101
2020-05-11,2020-05-08,Prod. Sold Swine or Pork Market Formula,126393,68.05,221.08,68.05,27942964.44,1901518730.142,15259034.7,1058824417.833,201,2020,93,68.52329074822994
2020-05-12,2020-05-11,Prod. Sold Negotiated,4210,36.09,205.35,36.09,864523.5,31200653.115,2968076.41,111837119.1288,202,2020,94,37.32134206614852
2020-05-12,2020-05-11,Prod. Sold Swine or Pork Market Formula,82076,68.16,218.51,68.16,17934426.759999998,1222410527.9615998,27942964.44,1901518730.142,202,2020,94,68.09300128869576
2020-05-13,2020-05-12,Prod. Sold Negotiated,4372,38.74,197.66,38.74,864169.52,33477927.2048,864523.5,31200653.115,203,2020,95,37.41472868317592
2020-05-13,2020-05-12,Prod. Sold Swine or Pork Market Formula,90472,70.29,220.58,70.29,19956313.76,1402729294.1904,17934426.759999998,1222410527.9615998,203,2020,95,69.28182944237692
2020-05-14,2020-05-13,Prod. Sold Negotiated,5516,38.01,199.95,38.01,1102924.2,41922148.84199999,864169.52,33477927.2048,204,2020,96,38.33069836997903
2020-05-14,2020-05-13,Prod. Sold Swine or Pork Market Formula,94139,70.41,220.29,70.41,20737880.31,1460154152.6270998,19956313.76,1402729294.1904,204,2020,96,70.3511523509452
2020-05-15,2020-05-14,Prod. Sold Negotiated,5865,37.92,200.37,37.92,1175170.05,44562448.296,1102924.2,41922148.84199999,205,2020,97,37.963572902218594
2020-05-15,2020-05-14,Prod. Sold Swine or Pork Market Formula,93564,70.37,221.13,70.37,20689807.32,1455941741.1084,20737880.31,1460154152.6270998,205,2020,97,70.39002320814545
2020-05-18,2020-05-15,Prod. Sold Swine or Pork Market Formula,155227,69.66,220.56,69.66,34236867.12,2384940163.5792,20689807.32,1455941741.1084,211,2020,98,69.92744315666238
2020-05-18,2020-05-15,Prod. Sold Negotiated,14325,36.71,209.71,36.71,3004095.75,110280354.9825,1175170.05,44562448.296,211,2020,98,37.05024056581901
2020-05-19,2020-05-18,Prod. Sold Swine or Pork Market Formula,86544,68.66,219.14,68.66,18965252.16,1302154213.3056,34236867.12,2384940163.5792,212,2020,99,69.30352449833461
2020-05-19,2020-05-18,Prod. Sold Negotiated,4694,36.57,204.02,36.57,957669.88,35021987.5116,3004095.75,110280354.9825,212,2020,99,36.6761580730105
2020-05-20,2020-05-19,Prod. Sold Swine or Pork Market Formula,98982,66.16,218.63,66.16,21640434.66,1431731157.1056,18965252.16,1302154213.3056,213,2020,100,67.32764754183758
2020-05-20,2020-05-19,Prod. Sold Negotiated,4561,37.51,204.31,37.51,931857.91,34953990.2041,957669.88,35021987.5116,213,2020,100,37.03357954618916
2020-05-21,2020-05-20,Prod. Sold Swine or Pork Market Formula,91872,65.69,217.59,65.69,19990428.48,1313171246.8512,21640434.66,1431731157.1056,214,2020,101,65.9343140382652
2020-05-21,2020-05-20,Prod. Sold Negotiated,5791,38.04,198.45,38.04,1149223.95,43716479.058,931857.91,34953990.2041,214,2020,101,37.80267887304539
2020-05-22,2020-05-21,Prod. Sold Negotiated,7563,38.94,209.07,38.94,1581196.41,61571788.20539999,1149223.95,43716479.058,215,2020,102,38.561193289446464
2020-05-22,2020-05-21,Prod. Sold Swine or Pork Market Formula,95958,64.55,219.07,64.55,21021519.06,1356939055.323,19990428.48,1313171246.8512,215,2020,102,65.10566950203896
2020-05-26,2020-05-22,Prod. Sold Negotiated,6347,39.17,198.93,39.17,1262608.71,49456383.1707,1581196.41,61571788.20539999,222,2020,103,39.04211670316565
2020-05-26,2020-05-22,Prod. Sold Swine or Pork Market Formula,128694,62.98,218.14,62.98,28073309.16,1768057010.8967998,21021519.06,1356939055.323,222,2020,103,63.652245654395735
2020-05-27,2020-05-26,Prod. Sold Negotiated,3491,39.19,195.21,39.19,681478.11,26707127.1309,1262608.71,49456383.1707,223,2020,104,39.17701077856184
2020-05-27,2020-05-26,Prod. Sold Swine or Pork Market Formula,89136,64.22,218.09,64.22,19439670.24,1248415622.8128002,28073309.16,1768057010.8967998,223,2020,104,63.487339076648176
2020-05-28,2020-05-27,Prod. Sold Negotiated,3200,38.52,196.76,38.52,629632.0,24253424.64,681478.11,26707127.1309,224,2020,105,38.86824713059379
2020-05-28,2020-05-27,Prod. Sold Swine or Pork Market Formula,104896,63.25,217.97,63.25000000000001,22864181.12,1446159455.8400002,19439670.24,1248415622.8128002,224,2020,105,63.695739088205805
2020-05-29,2020-05-28,Prod. Sold Swine or Pork Market Formula,105043,61.09,219.03,61.09,23007568.29,1405532346.8361,22864181.12,1446159455.8400002,225,2020,106,62.166624106436075
2020-05-29,2020-05-28,Prod. Sold Negotiated,6307,39.63,203.5,39.63,1283474.5,50864094.435,629632.0,24253424.64,225,2020,106,39.26468237654307
2020-06-01,2020-05-29,Prod. Sold Swine or Pork Market Formula,176070,60.7,219.57,60.7,38659689.9,2346643176.93,23007568.29,1405532346.8361,231,2020,107,60.84550592804781
2020-06-01,2020-05-29,Prod. Sold Negotiated,6910,39.44,199.71,39.44,1379996.1,54427046.184,1283474.5,50864094.435,231,2020,107,39.531557291828186
2020-06-02,2020-06-01,Prod. Sold Swine or Pork Market Formula,92645,58.81,218.6,58.81,20252197.0,1191031705.57,38659689.9,2346643176.93,232,2020,108,60.05027285079202
2020-06-02,2020-06-01,Prod. Sold Negotiated,4806,37.05,195.25,37.05,938371.5,34766664.075,1379996.1,54427046.184,232,2020,108,38.47263490871767
2020-06-03,2020-06-02,Prod. Sold Swine or Pork Market Formula,100631,57.31,216.57,57.31000000000001,21793655.67,1248994406.4477,20252197.0,1191031705.57,233,2020,109,58.032503970568186
2020-06-03,2020-06-02,Prod. Sold Negotiated,5171,36.04,202.58,36.04,1047541.18,37753384.1272,938371.5,34766664.075,233,2020,109,36.51723911758295
2020-06-04,2020-06-03,Prod. Sold Swine or Pork Market Formula,106984,55.31,216.24,55.31,23134220.16,1279553717.0496,21793655.67,1248994406.4477,234,2020,110,56.28016185463403
2020-06-04,2020-06-03,Prod. Sold Negotiated,4941,34.82,200.75,34.82,991905.75,34538158.215,1047541.18,37753384.1272,234,2020,110,35.44664059593843
2020-06-05,2020-06-04,Prod. Sold Swine or Pork Market Formula,98773,53.12,217.99,53.12,21531526.27,1143754675.4624,23134220.16,1279553717.0496,235,2020,111,54.25429073058928
2020-06-05,2020-06-04,Prod. Sold Negotiated,6343,36.18,203.4,36.18,1290166.2,46678213.116,991905.75,34538158.215,235,2020,111,35.58887410670816
2020-06-08,2020-06-05,Prod. Sold Negotiated,7973,34.8,210.26,34.8,1676402.98,58338823.704,1290166.2,46678213.116,241,2020,112,35.40016444854996
2020-06-08,2020-06-05,Prod. Sold Swine or Pork Market Formula,185194,52.51,218.54,52.51,40472296.76,2125200302.8676,21531526.27,1143754675.4624,241,2020,112,52.721829374107216
2020-06-09,2020-06-08,Prod. Sold Swine or Pork Market Formula,112130,52.61,216.01,52.61000000000001,24221201.3,1274277400.393,40472296.76,2125200302.8676,242,2020,113,52.54743993140939
2020-06-09,2020-06-08,Prod. Sold Negotiated,5386,32.0,204.16,32.0,1099605.76,35187384.32,1676402.98,58338823.704,242,2020,113,33.69089105389487
2020-06-10,2020-06-09,Prod. Sold Negotiated,5307,32.59,202.6,32.59,1075198.2,35040709.338,1099605.76,35187384.32,243,2020,114,32.29168925092448
2020-06-10,2020-06-09,Prod. Sold Swine or Pork Market Formula,118148,51.43,215.36,51.43,25444353.28,1308603089.1904,24221201.3,1274277400.393,243,2020,114,52.00546961421649
2020-06-11,2020-06-10,Prod. Sold Negotiated,5110,29.98,205.18,29.98,1048469.8,31433124.604,1075198.2,35040709.338,244,2020,115,31.30142467749196
2020-06-11,2020-06-10,Prod. Sold Swine or Pork Market Formula,113007,50.12,214.32,50.12,24219660.24,1213889371.2287998,25444353.28,1308603089.1904,244,2020,115,50.79115201600405
2020-06-12,2020-06-11,Prod. Sold Swine or Pork Market Formula,121646,49.52,217.13,49.52,26412995.98,1307971560.9296,24219660.24,1213889371.2287998,245,2020,116,49.807004420247246
2020-06-12,2020-06-11,Prod. Sold Negotiated,6296,31.62,206.02,31.62,1297101.9200000002,41014362.71040001,1048469.8,31433124.604,245,2020,116,30.88692053057325
2020-06-15,2020-06-12,Prod. Sold Swine or Pork Market Formula,181972,48.96,215.91,48.96,39289574.52,1923617568.4992,26412995.98,1307971560.9296,251,2020,117,49.185124795517694
2020-06-15,2020-06-12,Prod. Sold Negotiated,8693,31.05,208.34,31.05,1811099.62,56234643.201000005,1297101.9200000002,41014362.71040001,251,2020,117,31.287870062441325
2020-06-16,2020-06-15,Prod. Sold Negotiated,7740,30.37,200.34,30.37,1550631.6,47092681.692,1811099.62,56234643.201000005,252,2020,118,30.736343309742647
2020-06-16,2020-06-15,Prod. Sold Swine or Pork Market Formula,115484,49.09,214.45,49.09,24765543.8,1215740545.142,39289574.52,1923617568.4992,252,2020,118,49.01026172425311
2020-06-17,2020-06-16,Prod. Sold Swine or Pork Market Formula,118217,47.54,214.12,47.54,25312624.04,1203362146.8616,24765543.8,1215740545.142,253,2020,119,48.30653349245216
2020-06-17,2020-06-16,Prod. Sold Negotiated,6219,30.52,197.79,30.52,1230056.01,37541309.4252,1550631.6,47092681.692,253,2020,119,30.43635351660376
2020-06-18,2020-06-17,Prod. Sold Negotiated,6737,30.94,203.45,30.94,1370642.65,42407683.591,1230056.01,37541309.4252,254,2020,120,30.74135202430565
2020-06-18,2020-06-17,Prod. Sold Swine or Pork Market Formula,109927,46.99,214.14,46.99,23539767.78,1106133687.9822,25312624.04,1203362146.8616,254,2020,120,47.27497976666724
2020-06-19,2020-06-18,Prod. Sold Negotiated,7494,29.37,204.8,29.37,1534771.2000000002,45076230.14400001,1370642.65,42407683.591,255,2020,121,30.11065488484541
2020-06-19,2020-06-18,Prod. Sold Swine or Pork Market Formula,119958,46.09,215.11,46.09,25804165.380000003,1189313982.3642,23539767.78,1106133687.9822,255,2020,121,46.51934945889507
2020-06-22,2020-06-19,Prod. Sold Swine or Pork Market Formula,202078,45.92,215.91,45.92,43630660.98,2003519952.2016,25804165.380000003,1189313982.3642,261,2020,122,45.98317734693907
2020-06-22,2020-06-19,Prod. Sold Negotiated,10981,28.32,216.56,28.320000000000004,2378045.36,67346244.5952,1534771.2000000002,45076230.14400001,261,2020,122,28.731854155514004
2020-06-23,2020-06-22,Prod. Sold Swine or Pork Market Formula,119485,46.62,214.36,46.61999999999999,25612804.6,1194068950.452,43630660.98,2003519952.2016,262,2020,123,46.17892642821705
2020-06-23,2020-06-22,Prod. Sold Negotiated,8183,27.33,203.72,27.33,1667040.76,45560223.9708,2378045.36,67346244.5952,262,2020,123,27.91200612707845
2020-06-24,2020-06-23,Prod. Sold Swine or Pork Market Formula,119082,45.58,213.8,45.58,25459731.6,1160454566.328,25612804.6,1194068950.452,263,2020,124,46.101558527653445
2020-06-24,2020-06-23,Prod. Sold Negotiated,6494,28.36,199.93,28.36,1298345.4200000002,36821076.111200005,1667040.76,45560223.9708,263,2020,124,27.78096850845916
2020-06-25,2020-06-24,Prod. Sold Swine or Pork Market Formula,124268,45.7,214.11,45.7,26607021.48,1215940881.6360002,25459731.6,1160454566.328,264,2020,125,45.64132209881985
2020-06-25,2020-06-24,Prod. Sold Negotiated,5974,28.91,195.22,28.91,1166244.28,33716122.1348,1298345.4200000002,36821076.111200005,264,2020,125,28.62026009684289
2020-06-26,2020-06-25,Prod. Sold Negotiated,8515,29.23,198.71,29.23,1692015.65,49457617.4495,1166244.28,33716122.1348,265,2020,126,29.099431689650427
2020-06-26,2020-06-25,Prod. Sold Swine or Pork Market Formula,126118,46.47,214.01,46.46999999999999,26990513.18,1254249147.4745998,26607021.48,1215940881.6360002,265,2020,126,46.08775468462191
2020-06-29,2020-06-26,Prod. Sold Swine or Pork Market Formula,212684,45.8,214.61,45.8,45644113.24,2090500386.392,26990513.18,1254249147.4745998,271,2020,127,46.04896725875664
2020-06-29,2020-06-26,Prod. Sold Negotiated,9823,29.04,203.54,29.04,1999373.42,58061804.1168,1692015.65,49457617.4495,271,2020,127,29.12708997274568
2020-06-30,2020-06-29,Prod. Sold Swine or Pork Market Formula,123206,46.37,212.03,46.37,26123368.18,1211340582.5066,45644113.24,2090500386.392,272,2020,128,46.00748003925981
2020-06-30,2020-06-29,Prod. Sold Negotiated,6467,27.73,199.11,27.73,1287644.37,35706378.380100004,1999373.42,58061804.1168,272,2020,128,28.52682537410301
2020-07-01,2020-06-30,Prod. Sold Negotiated,6248,28.47,200.61,28.47,1253411.28,35684619.1416,1287644.37,35706378.380100004,273,2020,129,28.095015361706064
2020-07-01,2020-06-30,Prod. Sold Swine or Pork Market Formula,131062,45.82,212.51,45.82,27851985.62,1276177981.1084,26123368.18,1211340582.5066,273,2020,129,46.086192835942086
2020-07-02,2020-07-01,Prod. Sold Negotiated,7623,28.75,198.2,28.75,1510878.6,43437759.74999999,1253411.28,35684619.1416,274,2020,130,28.623039668907655
2020-07-02,2020-07-01,Prod. Sold Swine or Pork Market Formula,127013,45.86,213.49,45.85999999999999,27116005.37,1243540006.2682,27851985.62,1276177981.1084,274,2020,130,45.83973221497212
2020-07-06,2020-07-02,Prod. Sold Negotiated,10031,29.34,191.15,29.34,1917425.65,56257268.571,1510878.6,43437759.74999999,281,2020,131,29.07998271186112
2020-07-06,2020-07-02,Prod. Sold Swine or Pork Market Formula,184095,46.98,212.77,46.98,39169893.15,1840201580.187,27116005.37,1243540006.2682,281,2020,131,46.521834286138
2020-07-07,2020-07-06,Prod. Sold Swine or Pork Market Formula,122508,46.17,211.82,46.17,25949644.56,1198095089.3352,39169893.15,1840201580.187,282,2020,132,46.65722111008825
2020-07-07,2020-07-06,Prod. Sold Negotiated,4824,28.17,207.5,28.17,1000980.0,28197606.6,1917425.65,56257268.571,282,2020,132,28.93870328513104
2020-07-08,2020-07-07,Prod. Sold Negotiated,5315,29.2,196.63,29.2,1045088.45,30516582.74,1000980.0,28197606.6,283,2020,133,28.69610219540798
2020-07-08,2020-07-07,Prod. Sold Swine or Pork Market Formula,131522,45.8,212.46,45.79999999999999,27943164.12,1279796916.696,25949644.56,1198095089.3352,283,2020,133,45.978156765668125
2020-07-09,2020-07-08,Prod. Sold Negotiated,6098,28.76,201.44,28.76,1228381.12,35328241.0112,1045088.45,30516582.74,284,2020,134,28.962263062619307
2020-07-09,2020-07-08,Prod. Sold Swine or Pork Market Formula,130443,45.89,212.65,45.89,27738703.95,1272929124.2655,27943164.12,1279796916.696,284,2020,134,45.84483476294943
2020-07-10,2020-07-09,Prod. Sold Negotiated,7581,28.72,203.36,28.72,1541672.16,44276824.435200006,1228381.12,35328241.0112,285,2020,135,28.73773801433884
2020-07-10,2020-07-09,Prod. Sold Swine or Pork Market Formula,132696,46.4,213.3,46.4,28304056.8,1313308235.52,27738703.95,1272929124.2655,285,2020,135,46.147572410331335
2020-07-13,2020-07-10,Prod. Sold Negotiated,12453,29.21,199.75,29.21,2487486.75,72659487.9675,1541672.16,44276824.435200006,291,2020,136,29.02251189757616
2020-07-13,2020-07-10,Prod. Sold Swine or Pork Market Formula,210453,46.65,214.66,46.65,45175840.98,2107452981.717,28304056.8,1313308235.52,291,2020,136,46.55370136032053
2020-07-14,2020-07-13,Prod. Sold Swine or Pork Market Formula,123880,47.56,211.69,47.56,26224157.2,1247220916.432,45175840.98,2107452981.717,292,2020,137,46.98422946302938
2020-07-14,2020-07-13,Prod. Sold Negotiated,6745,29.54,204.73,29.54,1380903.85,40791899.729,2487486.75,72659487.9675,292,2020,137,29.32780048025657
2020-07-15,2020-07-14,Prod. Sold Negotiated,6138,30.07,207.62,30.07,1274371.56,38320352.8092,1380903.85,40791899.729,293,2020,138,29.794367936469527
2020-07-15,2020-07-14,Prod. Sold Swine or Pork Market Formula,140942,48.23,211.72,48.23,29840240.24,1439194786.7752,26224157.2,1247220916.432,293,2020,138,47.916607078176426
2020-07-16,2020-07-15,Prod. Sold Swine or Pork Market Formula,131770,48.34,212.28,48.34000000000001,27972135.6,1352173034.9040003,29840240.24,1439194786.7752,294,2020,139,48.28322277230944
2020-07-16,2020-07-15,Prod. Sold Negotiated,7007,30.57,197.99,30.57,1387315.9300000002,42410247.980100006,1274371.56,38320352.8092,294,2020,139,30.330608342491775
2020-07-17,2020-07-16,Prod. Sold Negotiated,8065,30.68,201.98,30.68,1628968.7,49976759.716,1387315.9300000002,42410247.980100006,295,2020,140,30.62940638201641
2020-07-17,2020-07-16,Prod. Sold Swine or Pork Market Formula,132951,48.56,213.95,48.56,28444866.45,1381282714.812,27972135.6,1352173034.9040003,295,2020,140,48.450921714937195
2020-07-20,2020-07-17,Prod. Sold Negotiated,8865,31.0,209.09,31.0,1853582.85,57461068.35,1628968.7,49976759.716,301,2020,141,30.850319521041985
2020-07-20,2020-07-17,Prod. Sold Swine or Pork Market Formula,198701,48.86,213.14,48.86,42351131.14,2069276267.5004,28444866.45,1381282714.812,301,2020,141,48.73946409083152
2020-07-21,2020-07-20,Prod. Sold Negotiated,7379,31.21,196.4,31.21,1449235.6,45230643.076000005,1853582.85,57461068.35,302,2020,142,31.09214538449729
2020-07-21,2020-07-20,Prod. Sold Swine or Pork Market Formula,127576,50.47,211.05,50.47,26924914.8,1358900449.956,42351131.14,2069276267.5004,302,2020,142,49.485744616913394
2020-07-22,2020-07-21,Prod. Sold Negotiated,6630,33.03,197.89,33.03,1312010.7,43335713.421,1449235.6,45230643.076000005,303,2020,143,32.07477597960023
2020-07-22,2020-07-21,Prod. Sold Swine or Pork Market Formula,133510,50.14,210.67,50.14,28126551.7,1410265302.238,26924914.8,1358900449.956,303,2020,143,50.301398459457936
2020-07-23,2020-07-22,Prod. Sold Negotiated,6566,32.1,198.33,32.1,1302234.78,41801736.438,1312010.7,43335713.421,304,2020,144,32.566738858433446
2020-07-23,2020-07-22,Prod. Sold Swine or Pork Market Formula,126981,50.88,211.42,50.88,26846323.02,1365940915.2576,28126551.7,1410265302.238,304,2020,144,50.50138330287414
2020-07-24,2020-07-23,Prod. Sold Swine or Pork Market Formula,126804,51.43,211.62,51.43,26834262.48,1380086119.3464,26846323.02,1365940915.2576,305,2020,145,51.15493821512062
2020-07-24,2020-07-23,Prod. Sold Negotiated,9060,33.08,199.38,33.08,1806382.8,59755143.024,1302234.78,41801736.438,305,2020,145,32.66946700533039
2020-07-27,2020-07-24,Prod. Sold Swine or Pork Market Formula,200814,51.27,211.64,51.27,42500274.96,2178989097.1992,26834262.48,1380086119.3464,311,2020,146,51.33192414567582
2020-07-27,2020-07-24,Prod. Sold Negotiated,13151,33.67,202.75,33.67,2666365.25,89776517.9675,1806382.8,59755143.024,311,2020,146,33.43172012371678
2020-07-28,2020-07-27,Prod. Sold Negotiated,7057,34.75,196.13,34.75,1384089.41,48097106.9975,2666365.25,89776517.9675,312,2020,147,34.039049079245835
2020-07-28,2020-07-27,Prod. Sold Swine or Pork Market Formula,139392,53.27,209.05,53.27,29139897.6,1552282345.1520002,42500274.96,2178989097.1992,312,2020,147,52.083507186225575
2020-07-29,2020-07-28,Prod. Sold Swine or Pork Market Formula,139808,54.28,208.3,54.28,29122006.4,1580742507.3920002,29139897.6,1552282345.1520002,313,2020,148,53.77484492343402
2020-07-29,2020-07-28,Prod. Sold Negotiated,7322,38.06,200.53,38.06,1468280.66,55882761.9196,1384089.41,48097106.9975,313,2020,148,36.453849383260426
2020-07-30,2020-07-29,Prod. Sold Negotiated,8784,38.52,200.78,38.52,1763651.52,67935856.5504,1468280.66,55882761.9196,314,2020,149,38.311020025797696
2020-07-30,2020-07-29,Prod. Sold Swine or Pork Market Formula,135498,54.56,210.01,54.56,28455934.98,1552555812.5088,29122006.4,1580742507.3920002,314,2020,149,54.41838045618574
2020-07-31,2020-07-30,Prod. Sold Negotiated,11267,37.59,200.17,37.59,2255315.39,84777305.51009998,1763651.52,67935856.5504,315,2020,150,37.99811381390548
2020-07-31,2020-07-30,Prod. Sold Swine or Pork Market Formula,138234,54.67,210.78,54.67,29136962.52,1592917740.9684,28455934.98,1552555812.5088,315,2020,150,54.615650366908525
2020-08-03,2020-07-31,Prod. Sold Swine or Pork Market Formula,187991,53.75,211.71,53.75,39799574.61,2139227135.2875,29136962.52,1592917740.9684,321,2020,151,54.13885047950479
2020-08-03,2020-07-31,Prod. Sold Negotiated,12693,39.33,203.87,39.33,2587721.91,101775102.7203,2255315.39,84777305.51009998,321,2020,151,38.51971328620574
2020-08-04,2020-08-03,Prod. Sold Swine or Pork Market Formula,116203,53.37,210.0,53.37,24402630.0,1302368363.1,39799574.61,2139227135.2875,322,2020,152,53.60556571684213
2020-08-04,2020-08-03,Prod. Sold Negotiated,5917,39.25,198.6,39.25,1175116.2,46123310.85,2587721.91,101775102.7203,322,2020,152,39.30501638570361
2020-08-05,2020-08-04,Prod. Sold Negotiated,6119,41.93,194.6,41.93,1190757.4,49928457.782,1175116.2,46123310.85,323,2020,153,40.598858972009324
2020-08-05,2020-08-04,Prod. Sold Swine or Pork Market Formula,132444,53.57,209.2,53.57,27707284.8,1484279246.7359998,24402630.0,1302368363.1,323,2020,153,53.47634170063928
2020-08-06,2020-08-05,Prod. Sold Swine or Pork Market Formula,133478,53.01,209.78,53.010000000000005,28001014.84,1484333796.6684,27707284.8,1484279246.7359998,324,2020,154,53.28852365963902
2020-08-06,2020-08-05,Prod. Sold Negotiated,6851,41.41,195.53,41.41,1339576.03,55471843.4023,1190757.4,49928457.782,324,2020,154,41.65470840113749
2020-08-07,2020-08-06,Prod. Sold Negotiated,8435,42.07,196.08,42.07,1653934.8,69581037.036,1339576.03,55471843.4023,325,2020,155,41.77465442418326
2020-08-07,2020-08-06,Prod. Sold Swine or Pork Market Formula,139447,52.99,210.6,52.99,29367538.2,1556185849.218,28001014.84,1484333796.6684,325,2020,155,52.9997617992284
2020-08-10,2020-08-07,Prod. Sold Negotiated,7032,41.59,201.29,41.59,1415471.28,58869450.53520001,1653934.8,69581037.036,331,2020,156,41.8486457064684
2020-08-10,2020-08-07,Prod. Sold Swine or Pork Market Formula,202948,53.84,210.57,53.84,42734760.36,2300839497.7824,29367538.2,1556185849.218,331,2020,156,53.493791793485926
2020-08-11,2020-08-10,Prod. Sold Negotiated,3486,40.62,193.87,40.62,675830.8200000001,27452247.9084,1415471.28,58869450.53520001,332,2020,157,41.27653218710008
2020-08-11,2020-08-10,Prod. Sold Swine or Pork Market Formula,124240,54.71,208.9,54.71,25953736.0,1419928896.56,42734760.36,2300839497.7824,332,2020,157,54.1687268104059
2020-08-12,2020-08-11,Prod. Sold Negotiated,4054,41.26,190.03,41.26,770381.62,31785945.6412,675830.8200000001,27452247.9084,333,2020,158,40.960921031491054
2020-08-12,2020-08-11,Prod. Sold Swine or Pork Market Formula,126788,53.66,209.76,53.66,26595050.88,1427090430.2208,25953736.0,1419928896.56,333,2020,158,54.1785928052389
2020-08-13,2020-08-12,Prod. Sold Swine or Pork Market Formula,134432,54.28,209.1,54.28,28109731.2,1525796209.536,26595050.88,1427090430.2208,334,2020,159,53.978583361112975
2020-08-13,2020-08-12,Prod. Sold Negotiated,6586,39.58,196.11,39.58,1291580.4600000002,51120754.606800005,770381.62,31785945.6412,334,2020,159,40.20767455044566
2020-08-14,2020-08-13,Prod. Sold Swine or Pork Market Formula,138915,54.66,209.3,54.66,29074909.5,1589234553.27,28109731.2,1525796209.536,335,2020,160,54.47320687294271
2020-08-14,2020-08-13,Prod. Sold Negotiated,6269,39.35,198.18,39.35,1242390.4200000002,48888063.02700001,1291580.4600000002,51120754.606800005,335,2020,160,39.46723240710643
2020-08-17,2020-08-14,Prod. Sold Swine or Pork Market Formula,198775,55.71,210.09,55.71,41760639.75,2326485240.4725,29074909.5,1589234553.27,341,2020,161,55.27902070643576
2020-08-17,2020-08-14,Prod. Sold Negotiated,12816,39.11,197.37,39.11,2529493.92,98928507.2112,1242390.4200000002,48888063.02700001,341,2020,161,39.18905165533258
2020-08-18,2020-08-17,Prod. Sold Swine or Pork Market Formula,133361,55.52,208.25,55.52,27772428.25,1541925216.44,41760639.75,2326485240.4725,342,2020,162,55.63411148365408
2020-08-18,2020-08-17,Prod. Sold Negotiated,6107,40.54,201.98,40.54,1233491.86,50005760.00439999,2529493.92,98928507.2112,342,2020,162,39.57874834584148
2020-08-19,2020-08-18,Prod. Sold Swine or Pork Market Formula,135755,56.01,208.58,56.01,28315777.9,1585966720.179,27772428.25,1541925216.44,343,2020,163,55.76737341632738
2020-08-19,2020-08-18,Prod. Sold Negotiated,6577,38.87,195.55,38.87,1286132.35,49991964.4445,1233491.86,50005760.00439999,343,2020,163,39.687555013967724
2020-08-20,2020-08-19,Prod. Sold Negotiated,5009,38.87,192.75,38.87,965484.75,37528392.2325,1286132.35,49991964.4445,344,2020,164,38.86999999999999
2020-08-20,2020-08-19,Prod. Sold Swine or Pork Market Formula,135652,56.12,208.54,56.12,28288868.08,1587571276.6495998,28315777.9,1585966720.179,344,2020,164,56.06497385302788
2020-08-21,2020-08-20,Prod. Sold Swine or Pork Market Formula,133348,56.29,209.76,56.29,27971076.48,1574491895.0592,28288868.08,1587571276.6495998,345,2020,165,56.20451986646607
2020-08-21,2020-08-20,Prod. Sold Negotiated,6958,38.71,194.71,38.71,1354792.1800000002,52444005.28780001,965484.75,37528392.2325,345,2020,165,38.776577208092135
2020-08-24,2020-08-21,Prod. Sold Swine or Pork Market Formula,218743,57.25,210.25,57.25,45990715.75,2632968476.6875,27971076.48,1574491895.0592,351,2020,166,56.88694452755691
2020-08-24,2020-08-21,Prod. Sold Negotiated,11966,39.75,192.29,39.75,2300942.14,91462450.065,1354792.1800000002,52444005.28780001,351,2020,166,39.36458253147893
2020-08-25,2020-08-24,Prod. Sold Swine or Pork Market Formula,126668,57.44,207.46,57.44,26278543.28,1509439526.0032,45990715.75,2632968476.6875,352,2020,167,57.319087787673695
2020-08-25,2020-08-24,Prod. Sold Negotiated,3757,38.83,196.61,38.83,738663.77,28682314.1891,2300942.14,91462450.065,352,2020,167,39.526428034251325
2020-08-26,2020-08-25,Prod. Sold Swine or Pork Market Formula,133777,57.37,207.31,57.37,27733309.87,1591059987.2419,26278543.28,1509439526.0032,353,2020,168,57.404057302653385
2020-08-26,2020-08-25,Prod. Sold Negotiated,4988,39.94,190.29,39.94,949166.52,37909710.8088,738663.77,28682314.1891,353,2020,168,39.454218467604335
2020-08-27,2020-08-26,Prod. Sold Swine or Pork Market Formula,139098,58.04,207.53,58.04,28867007.94,1675441140.8376,27733309.87,1591059987.2419,354,2020,169,57.71171001273747
2020-08-27,2020-08-26,Prod. Sold Negotiated,5523,40.75,192.44,40.75,1062846.12,43310979.38999999,949166.52,37909710.8088,354,2020,169,40.36788267831161
2020-08-28,2020-08-27,Prod. Sold Swine or Pork Market Formula,135705,57.46,208.76,57.46,28329775.8,1627828917.468,28867007.94,1675441140.8376,355,2020,170,57.75272388254047
2020-08-28,2020-08-27,Prod. Sold Negotiated,7417,40.87,189.57,40.87,1406040.69,57464883.0003,1062846.12,43310979.38999999,355,2020,170,40.818340469120166
2020-08-31,2020-08-28,Prod. Sold Negotiated,8073,42.09,195.31,42.09,1576737.63,66364886.846700005,1406040.69,57464883.0003,361,2020,171,41.514908773710005
2020-08-31,2020-08-28,Prod. Sold Swine or Pork Market Formula,211175,57.06,208.78,57.06,44089116.5,2515724987.49,28329775.8,1627828917.468,361,2020,171,57.216477266637234
2020-09-01,2020-08-31,Prod. Sold Swine or Pork Market Formula,126858,57.94,208.29,57.94,26423252.82,1530963268.3908,44089116.5,2515724987.49,362,2020,172,57.38976430526786
2020-09-01,2020-08-31,Prod. Sold Negotiated,5944,40.72,192.55,40.72,1144517.2,46604740.384,1576737.63,66364886.846700005,362,2020,172,41.513799437408814
2020-09-02,2020-09-01,Prod. Sold Swine or Pork Market Formula,134614,58.16,208.17,58.16,28022596.38,1629794205.4608,26423252.82,1530963268.3908,363,2020,173,58.05323124341312
2020-09-02,2020-09-01,Prod. Sold Negotiated,4293,44.71,191.79,44.71,823354.47,36812178.3537,1144517.2,46604740.384,363,2020,173,42.38940984281764
2020-09-03,2020-09-02,Prod. Sold Swine or Pork Market Formula,131118,58.91,207.98,58.91,27269921.64,1606471083.8123996,28022596.38,1629794205.4608,364,2020,174,58.52989527629402
2020-09-03,2020-09-02,Prod. Sold Negotiated,4310,44.72,195.0,44.72,840450.0,37584924.0,823354.47,36812178.3537,364,2020,174,44.715051374816895
2020-09-04,2020-09-03,Prod. Sold Swine or Pork Market Formula,133951,59.27,208.36,59.27,27910030.360000003,1654227499.4372003,27269921.64,1606471083.8123996,365,2020,175,59.09208806940608
2020-09-04,2020-09-03,Prod. Sold Negotiated,5250,45.13,189.58,45.13,995295.0,44917663.35000001,840450.0,37584924.0,365,2020,175,44.94229173986584
2020-09-08,2020-09-04,Prod. Sold Swine or Pork Market Formula,186310,62.18,209.7,62.17999999999999,39069207.0,2429323291.26,27910030.360000003,1654227499.4372003,372,2020,176,60.96741246468561
2020-09-08,2020-09-04,Prod. Sold Negotiated,4760,45.16,187.12,45.16,890691.2,40223614.592,995295.0,44917663.35000001,372,2020,176,45.14416804428368
2020-09-09,2020-09-08,Prod. Sold Negotiated,3872,46.45,182.0,46.45,704704.0,32733500.8,890691.2,40223614.592,373,2020,177,45.729807506002274
2020-09-09,2020-09-08,Prod. Sold Swine or Pork Market Formula,129161,62.51,208.17,62.51,26887445.37,1680734210.0786998,39069207.0,2429323291.26,373,2020,177,62.314525580866736
2020-09-10,2020-09-09,Prod. Sold Swine or Pork Market Formula,135327,63.11,209.38,63.10999999999999,28334767.26,1788207161.7785995,26887445.37,1680734210.0786998,374,2020,178,62.81786271585873
2020-09-10,2020-09-09,Prod. Sold Negotiated,3337,47.3,188.38,47.3,628624.06,29733918.037999995,704704.0,32733500.8,374,2020,178,46.85074942321397
2020-09-11,2020-09-10,Prod. Sold Swine or Pork Market Formula,135397,64.24,210.78,64.24,28538979.66,1833344053.3584,28334767.26,1788207161.7785995,375,2020,179,63.67702870414291
2020-09-11,2020-09-10,Prod. Sold Negotiated,4272,47.8,190.05,47.8,811893.6000000002,38808514.080000006,628624.06,29733918.037999995,375,2020,179,47.58180619458702
2020-09-14,2020-09-11,Prod. Sold Swine or Pork Market Formula,255434,65.33,210.89,65.33,53868476.26,3519227554.0658,28538979.66,1833344053.3584,381,2020,180,64.95251610024707
2020-09-14,2020-09-11,Prod. Sold Negotiated,6580,49.72,197.42,49.72,1299023.6,64587453.39199999,811893.6000000002,38808514.080000006,381,2020,180,48.981536306587486
2020-09-15,2020-09-14,Prod. Sold Negotiated,2682,51.42,197.98,51.42,530982.36,27303112.9512,1299023.6,64587453.39199999,382,2020,181,50.21326069517281
2020-09-15,2020-09-14,Prod. Sold Swine or Pork Market Formula,138160,66.36,209.04,66.36,28880966.4,1916540930.304,53868476.26,3519227554.0658,382,2020,181,65.68948756191901
2020-09-16,2020-09-15,Prod. Sold Negotiated,5497,53.23,198.11,53.23,1089010.6700000002,57968037.9641,530982.36,27303112.9512,383,2020,182,52.6367393786256
2020-09-16,2020-09-15,Prod. Sold Swine or Pork Market Formula,134475,67.27,208.91,67.27,28093172.25,1889827697.2575,28880966.4,1916540930.304,383,2020,182,66.80870861329818
2020-09-17,2020-09-16,Prod. Sold Negotiated,3537,57.51,190.86,57.51,675071.8200000001,38823380.3682,1089010.6700000002,57968037.9641,384,2020,183,54.867852768211534
2020-09-17,2020-09-16,Prod. Sold Swine or Pork Market Formula,132080,69.24,208.85,69.24,27584908.0,1909979029.92,28093172.25,1889827697.2575,384,2020,183,68.24600830553061
2020-09-18,2020-09-17,Prod. Sold Negotiated,4698,59.42,189.81,59.42,891727.38,52986440.9196,675071.8200000001,38823380.3682,385,2020,184,58.5970565263245
2020-09-18,2020-09-17,Prod. Sold Swine or Pork Market Formula,132148,70.53,210.03,70.53,27755044.44,1957563284.3532,27584908.0,1909979029.92,385,2020,184,69.88698297972734
2020-09-21,2020-09-18,Prod. Sold Negotiated,5779,60.77,195.45,60.77,1129505.55,68640052.27350001,891727.38,52986440.9196,391,2020,185,60.17440710957544
2020-09-21,2020-09-18,Prod. Sold Swine or Pork Market Formula,188615,72.39,211.27,72.39,39848691.05,2884646745.1095004,27755044.44,1957563284.3532,391,2020,185,71.62636789765801
2020-09-22,2020-09-21,Prod. Sold Negotiated,3499,60.99,199.35,60.99,697525.65,42542089.3935,1129505.55,68640052.27350001,392,2020,186,60.85399180211044
2020-09-22,2020-09-21,Prod. Sold Swine or Pork Market Formula,126609,72.63,210.2,72.63,26613211.8,1932917573.034,39848691.05,2884646745.1095004,392,2020,186,72.48610273793116
2020-09-23,2020-09-22,Prod. Sold Negotiated,4981,62.76,201.33,62.76,1002824.73,62937280.0548,697525.65,42542089.3935,393,2020,187,62.03390235858329
2020-09-23,2020-09-22,Prod. Sold Swine or Pork Market Formula,130434,73.82,209.32,73.82,27302444.88,2015466481.0416,26613211.8,1932917573.034,393,2020,187,73.23260620769277
2020-09-24,2020-09-23,Prod. Sold Negotiated,5764,63.57,196.53,63.56999999999999,1132798.92,72012027.34439999,1002824.73,62937280.0548,394,2020,188,63.189648325537135
2020-09-24,2020-09-23,Prod. Sold Swine or Pork Market Formula,136500,74.37,210.78,74.37,28771470.0,2139734223.9,27302444.88,2015466481.0416,394,2020,188,74.10220445342304
2020-09-25,2020-09-24,Prod. Sold Negotiated,4363,65.52,196.49,65.52,857285.87,56169370.2024,1132798.92,72012027.34439999,395,2020,189,64.41001820168677
2020-09-25,2020-09-24,Prod. Sold Swine or Pork Market Formula,129999,75.44,210.57,75.44,27373889.43,2065086218.5992,28771470.0,2139734223.9,395,2020,189,74.8916826820143
2020-09-28,2020-09-25,Prod. Sold Negotiated,7064,65.64,201.04,65.64,1420146.56,93218420.1984,857285.87,56169370.2024,401,2020,190,65.59482882256137
2020-09-28,2020-09-25,Prod. Sold Swine or Pork Market Formula,185773,75.98,212.58,75.98,39491624.34,3000573617.3532004,27373889.43,2065086218.5992,401,2020,190,75.75893087992942
2020-09-29,2020-09-28,Prod. Sold Swine or Pork Market Formula,132877,76.64,210.73,76.64,28001170.21,2146009684.8944,39491624.34,3000573617.3532004,402,2020,191,76.25381844924067
2020-09-29,2020-09-28,Prod. Sold Negotiated,4596,66.15,199.26,66.15,915798.96,60580101.204,1420146.56,93218420.1984,402,2020,191,65.83994364834331
2020-09-30,2020-09-29,Prod. Sold Swine or Pork Market Formula,138435,77.11,211.36,77.11,29259621.6,2256209421.576,28001170.21,2146009684.8944,403,2020,192,76.8801647220952
2020-09-30,2020-09-29,Prod. Sold Negotiated,4599,65.51,193.34,65.51,889170.66,58249569.93660001,915798.96,60580101.204,403,2020,192,65.83472088610556
2020-10-01,2020-09-30,Prod. Sold Swine or Pork Market Formula,126331,77.19,212.52,77.19,26847864.12,2072386631.4228,29259621.6,2256209421.576,404,2020,193,77.14828061625
2020-10-01,2020-09-30,Prod. Sold Negotiated,5834,65.44,194.84,65.44,1136696.56,74385422.8864,889170.66,58249569.93660001,404,2020,193,65.47072360596269
2020-10-02,2020-10-01,Prod. Sold Swine or Pork Market Formula,134417,77.36,211.92,77.36,28485650.64,2203649933.5104,26847864.12,2072386631.4228,405,2020,194,77.27751586863411
2020-10-02,2020-10-01,Prod. Sold Negotiated,6018,65.83,195.87,65.83,1178745.66,77596826.79779999,1136696.56,74385422.8864,405,2020,194,65.63854125636527
2020-10-05,2020-10-02,Prod. Sold Swine or Pork Market Formula,195624,77.83,213.35,77.83,41736380.4,3248342486.532,28485650.64,2203649933.5104,411,2020,195,77.63934393946576
2020-10-05,2020-10-02,Prod. Sold Negotiated,5947,66.3,201.17,66.3,1196357.99,79318534.737,1178745.66,77596826.79779999,411,2020,195,66.06674261765376
2020-10-06,2020-10-05,Prod. Sold Negotiated,4554,66.04,200.86,66.04,914716.44,60407873.69760001,1196357.99,79318534.737,412,2020,196,66.18734349153193
2020-10-06,2020-10-05,Prod. Sold Swine or Pork Market Formula,130379,77.64,212.43,77.64,27696410.970000003,2150349347.7108,41736380.4,3248342486.532,412,2020,196,77.7542099016838
2020-10-07,2020-10-06,Prod. Sold Negotiated,4827,65.42,197.67,65.42,954153.09,62420695.1478,914716.44,60407873.69760001,413,2020,197,65.72345841895127
2020-10-07,2020-10-06,Prod. Sold Swine or Pork Market Formula,134013,78.14,211.89,78.14,28396014.57,2218864578.4998,27696410.970000003,2150349347.7108,413,2020,197,77.8931180840963
2020-10-08,2020-10-07,Prod. Sold Swine or Pork Market Formula,136261,77.86,212.87,77.86,29005879.07,2258397744.3902,28396014.57,2218864578.4998,414,2020,198,77.99851257468026
2020-10-08,2020-10-07,Prod. Sold Negotiated,4421,66.0,195.68,66.0,865101.28,57096684.48,954153.09,62420695.1478,414,2020,198,65.69580461021512
2020-10-09,2020-10-08,Prod. Sold Swine or Pork Market Formula,143392,78.28,212.64,78.28,30490874.88,2386825685.6064,29005879.07,2258397744.3902,415,2020,199,78.07524144763195
2020-10-09,2020-10-08,Prod. Sold Negotiated,4978,65.75,197.82,65.75,984747.96,64747178.37,865101.28,57096684.48,415,2020,199,65.86691510601156
2020-10-12,2020-10-09,Prod. Sold Swine or Pork Market Formula,215941,78.57,214.3,78.57,46276156.3,3635917600.491,30490874.88,2386825685.6064,421,2020,200,78.4548157395267
2020-10-12,2020-10-09,Prod. Sold Negotiated,4823,65.7,201.81,65.7,973329.63,63947756.691,984747.96,64747178.37,421,2020,200,65.7251457849533
2020-10-13,2020-10-12,Prod. Sold Negotiated,4438,66.79,192.2,66.79,852983.6,56970774.644,973329.63,63947756.691,422,2020,201,66.20908689086154
2020-10-13,2020-10-12,Prod. Sold Swine or Pork Market Formula,137659,78.39,212.62,78.39,29269056.58,2294401345.3062,46276156.3,3635917600.491,422,2020,201,78.50026123054589
2020-10-14,2020-10-13,Prod. Sold Negotiated,3165,65.13,194.54,65.13,615719.1,40101784.983,852983.6,56970774.644,423,2020,202,66.09408400147967
2020-10-14,2020-10-13,Prod. Sold Swine or Pork Market Formula,141567,78.69,211.72,78.69,29972565.24,2358541158.7356,29269056.58,2294401345.3062,423,2020,202,78.54178128646309
2020-10-15,2020-10-14,Prod. Sold Negotiated,3237,65.48,196.04,65.48,634581.48,41552395.3104,615719.1,40101784.983,424,2020,203,65.30764009835137
2020-10-15,2020-10-14,Prod. Sold Swine or Pork Market Formula,138610,78.84,213.54,78.84,29598779.4,2333567767.896,29972565.24,2358541158.7356,424,2020,203,78.7645294056535
2020-10-16,2020-10-15,Prod. Sold Swine or Pork Market Formula,141658,78.45,214.55,78.45,30392723.9,2384309189.9550004,29598779.4,2333567767.896,425,2020,204,78.64241931491989
2020-10-16,2020-10-15,Prod. Sold Negotiated,5783,64.39,196.63,64.39,1137111.29,73218595.9631,634581.48,41552395.3104,425,2020,204,64.78041408584627
2020-10-19,2020-10-16,Prod. Sold Swine or Pork Market Formula,217285,78.91,215.33,78.91,46787979.05,3692039426.8355,30392723.9,2384309189.9550004,431,2020,205,78.72885818009382
2020-10-19,2020-10-16,Prod. Sold Negotiated,6731,64.58,203.96,64.58,1372854.76,88658960.4008,1137111.29,73218595.9631,431,2020,205,64.49392268230083
2020-10-20,2020-10-19,Prod. Sold Negotiated,3357,63.7,197.92,63.7,664417.44,42323390.928,1372854.76,88658960.4008,432,2020,206,64.29300479768978
2020-10-20,2020-10-19,Prod. Sold Swine or Pork Market Formula,128018,79.2,212.94,79.2,27260152.92,2159004111.264,46787979.05,3692039426.8355,432,2020,206,79.01676088830982
2020-10-21,2020-10-20,Prod. Sold Swine or Pork Market Formula,145964,79.03,212.81,79.03,31062598.84,2454877186.3252,27260152.92,2159004111.264,433,2020,207,79.1094582878303
2020-10-21,2020-10-20,Prod. Sold Negotiated,4716,63.83,208.22,63.83,981965.52,62678859.1416,664417.44,42323390.928,433,2020,207,63.77753695264192
2020-10-22,2020-10-21,Prod. Sold Swine or Pork Market Formula,135743,79.24,212.83,79.24,28890182.69,2289258076.3556,31062598.84,2454877186.3252,434,2020,208,79.13119527751792
2020-10-22,2020-10-21,Prod. Sold Negotiated,5440,62.79,199.38,62.79,1084627.2,68103741.888,981965.52,62678859.1416,434,2020,208,63.28416807236212
2020-10-23,2020-10-22,Prod. Sold Swine or Pork Market Formula,140488,79.02,215.06,79.02,30213349.28,2387458860.1056,28890182.69,2289258076.3556,435,2020,209,79.12753740055713
2020-10-23,2020-10-22,Prod. Sold Negotiated,5383,62.44,202.5,62.44,1090057.5,68063190.3,1084627.2,68103741.888,435,2020,209,62.61456301596272
2020-10-26,2020-10-23,Prod. Sold Swine or Pork Market Formula,199309,78.49,215.15,78.49,42881331.35,3365755697.6615,30213349.28,2387458860.1056,441,2020,210,78.70907305675848
2020-10-26,2020-10-23,Prod. Sold Negotiated,7600,63.44,196.44,63.44,1492944.0,94712367.36,1090057.5,68063190.3,441,2020,210,63.01798804994887
2020-10-27,2020-10-26,Prod. Sold Swine or Pork Market Formula,133228,77.18,212.66,77.18,28332266.48,2186684326.9264,42881331.35,3365755697.6615,442,2020,211,77.9688176665726
2020-10-27,2020-10-26,Prod. Sold Negotiated,4190,62.21,199.9,62.21,837581.0,52105914.01,1492944.0,94712367.36,442,2020,211,62.99794311153067
2020-10-28,2020-10-27,Prod. Sold Negotiated,5718,62.06,195.1,62.06,1115581.8,69233006.508,837581.0,52105914.01,443,2020,212,62.12432497588015
2020-10-28,2020-10-27,Prod. Sold Swine or Pork Market Formula,136694,76.38,214.24,76.38,29285322.56,2236812937.1328,28332266.48,2186684326.9264,443,2020,212,76.77338357542632
2020-10-29,2020-10-28,Prod. Sold Swine or Pork Market Formula,133956,75.48,214.07,75.48,28675960.92,2164461530.2416,29285322.56,2236812937.1328,444,2020,213,75.93473096386995
2020-10-29,2020-10-28,Prod. Sold Negotiated,4180,62.42,198.0,62.42000000000001,827640.0,51661288.8,1115581.8,69233006.508,444,2020,213,62.21332804520822
2020-10-30,2020-10-29,Prod. Sold Swine or Pork Market Formula,135644,74.38,215.23,74.38,29194658.12,2171498670.9655995,28675960.92,2164461530.2416,445,2020,214,74.92507032299406
2020-10-30,2020-10-29,Prod. Sold Negotiated,6681,63.2,202.33,63.2,1351766.73,85431657.336,827640.0,51661288.8,445,2020,214,62.90379131572197
2020-11-02,2020-10-30,Prod. Sold Swine or Pork Market Formula,212509,73.55,215.39,73.55,45772313.51,3366553658.6605,29194658.12,2171498670.9655995,451,2020,215,73.87322989328146
2020-11-02,2020-10-30,Prod. Sold Negotiated,7819,63.25,199.18,63.25,1557388.4200000002,98504817.565,1351766.73,85431657.336,451,2020,215,63.226767022377615
2020-11-03,2020-11-02,Prod. Sold Swine or Pork Market Formula,138493,72.67,212.93,72.67,29489314.49,2142988483.9883,45772313.51,3366553658.6605,452,2020,216,73.2051948523994
2020-11-03,2020-11-02,Prod. Sold Negotiated,4161,61.9,202.6,61.9,843018.6,52182851.34,1557388.4200000002,98504817.565,452,2020,216,62.77588244388654
2020-11-04,2020-11-03,Prod. Sold Negotiated,5408,62.24,197.47,62.24,1067917.76,66467201.382400006,843018.6,52182851.34,453,2020,217,62.09000739428079
2020-11-04,2020-11-03,Prod. Sold Swine or Pork Market Formula,137074,72.07,214.32,72.07,29377699.68,2117250815.9376,29489314.49,2142988483.9883,453,2020,217,72.37056881503965
2020-11-05,2020-11-04,Prod. Sold Swine or Pork Market Formula,128885,71.66,214.41,71.66,27634232.85,1980269126.031,29377699.68,2117250815.9376,454,2020,218,71.87126905078092
2020-11-05,2020-11-04,Prod. Sold Negotiated,5240,61.3,192.64,61.3,1009433.6,61878279.67999999,1067917.76,66467201.382400006,454,2020,218,61.78323202022021
2020-11-06,2020-11-05,Prod. Sold Negotiated,5600,63.39,191.77,63.39000000000001,1073912.0,68075281.68,1009433.6,61878279.67999999,455,2020,219,62.377342175009275
2020-11-06,2020-11-05,Prod. Sold Swine or Pork Market Formula,142166,71.22,215.98,71.22,30705012.68,2186811003.0696,27634232.85,1980269126.031,455,2020,219,71.42841994687345
2020-11-09,2020-11-06,Prod. Sold Negotiated,7698,61.7,202.31,61.7,1557382.38,96090492.846,1073912.0,68075281.68,461,2020,220,62.38974087194304
2020-11-09,2020-11-06,Prod. Sold Swine or Pork Market Formula,215479,71.57,216.44,71.57,46638274.76,3337901324.5732,30705012.68,2186811003.0696,461,2020,220,71.43105123283857
2020-11-10,2020-11-09,Prod. Sold Negotiated,4731,60.77,197.57,60.77,934703.67,56801942.0259,1557382.38,96090492.846,462,2020,221,61.351186036252656
2020-11-10,2020-11-09,Prod. Sold Swine or Pork Market Formula,125105,71.62,214.31,71.62,26811252.55,1920221907.6310005,46638274.76,3337901324.5732,462,2020,221,71.58825148066428
2020-11-11,2020-11-10,Prod. Sold Negotiated,3564,60.62,213.21,60.61999999999999,759880.44,46063952.2728,934703.67,56801942.0259,463,2020,222,60.70273743963055
2020-11-11,2020-11-10,Prod. Sold Swine or Pork Market Formula,131160,71.77,215.96,71.77,28325313.6,2032907757.072,26811252.55,1920221907.6310005,463,2020,222,71.69705951488602
2020-11-12,2020-11-11,Prod. Sold Negotiated,1655,61.63,206.26,61.63,341360.3,21038035.289,759880.44,46063952.2728,464,2020,223,60.93307768635585
2020-11-12,2020-11-11,Prod. Sold Swine or Pork Market Formula,131623,71.28,216.99,71.28,28560874.77,2035819153.6056,28325313.6,2032907757.072,464,2020,223,71.52398547453602
2020-11-13,2020-11-12,Prod. Sold Negotiated,4272,63.27,183.66,63.27,784595.52,49641358.5504,341360.3,21038035.289,465,2020,224,62.77279497467317
2020-11-13,2020-11-12,Prod. Sold Swine or Pork Market Formula,132289,70.72,216.58,70.72,28651151.62,2026209442.5664,28560874.77,2035819153.6056,465,2020,224,70.99955817824336
2020-11-16,2020-11-13,Prod. Sold Negotiated,6308,60.13,207.08,60.13,1306260.64,78545452.28320001,784595.52,49641358.5504,471,2020,225,61.30828762204283
2020-11-16,2020-11-13,Prod. Sold Swine or Pork Market Formula,233089,70.08,216.56,70.08,50477753.84,3537480989.1072,28651151.62,2026209442.5664,471,2020,225,70.31173247412185
2020-11-17,2020-11-16,Prod. Sold Negotiated,3520,60.39,194.31,60.39,683971.2,41305020.768,1306260.64,78545452.28320001,472,2020,226,60.219352661547205
2020-11-17,2020-11-16,Prod. Sold Swine or Pork Market Formula,133969,69.76,214.22,69.76,28698839.18,2002031021.1968,50477753.84,3537480989.1072,472,2020,226,69.96401081446785
2020-11-18,2020-11-17,Prod. Sold Negotiated,5348,59.56,205.39,59.56,1098425.72,65422235.8832,683971.2,41305020.768,473,2020,227,59.87850150189892
2020-11-18,2020-11-17,Prod. Sold Swine or Pork Market Formula,134261,69.46,215.36,69.46,28914448.96,2008397624.7616,28698839.18,2002031021.1968,473,2020,227,69.60943864570059
2020-11-19,2020-11-18,Prod. Sold Swine or Pork Market Formula,138235,68.7,216.73,68.7,29959671.55,2058229435.485,28914448.96,2008397624.7616,474,2020,228,69.07325366424568
2020-11-19,2020-11-18,Prod. Sold Negotiated,4558,60.1,199.88,60.1,911053.04,54754287.704,1098425.72,65422235.8832,474,2020,228,59.804824006798654
2020-11-20,2020-11-19,Prod. Sold Swine or Pork Market Formula,130387,68.12,217.23,68.12,28323968.01,1929428700.8412,29959671.55,2058229435.485,475,2020,229,68.41813871663096
2020-11-20,2020-11-19,Prod. Sold Negotiated,5019,59.1,199.27,59.1,1000136.13,59108045.283,911053.04,54754287.704,475,2020,229,59.576694329530966
2020-11-23,2020-11-20,Prod. Sold Swine or Pork Market Formula,213134,68.03,217.64,68.03,46386483.76,3155672490.1928,28323968.01,1929428700.8412,481,2020,230,68.0641204886399
2020-11-23,2020-11-20,Prod. Sold Negotiated,5308,59.4,202.75,59.4,1076197.0,63926101.8,1000136.13,59108045.283,481,2020,230,59.255494845858394
2020-11-24,2020-11-23,Prod. Sold Negotiated,3999,58.4,199.71,58.400000000000006,798640.29,46640592.936,1076197.0,63926101.8,482,2020,231,58.97402154615774
2020-11-24,2020-11-23,Prod. Sold Swine or Pork Market Formula,137489,67.74,215.11,67.74,29575258.790000003,2003428030.4346,46386483.76,3155672490.1928,482,2020,231,67.91709020144641
2020-11-25,2020-11-24,Prod. Sold Swine or Pork Market Formula,139955,67.63,215.4,67.63,30146307.0,2038794742.41,29575258.790000003,2003428030.4346,483,2020,232,67.68447409865874
2020-11-25,2020-11-24,Prod. Sold Negotiated,5068,57.18,208.79,57.18,1058147.72,60504886.6296,798640.29,46640592.936,483,2020,232,57.70474550059164
2020-11-27,2020-11-25,Prod. Sold Negotiated,3576,58.19,203.25,58.19,726822.0,42293772.18,1058147.72,60504886.6296,485,2020,233,57.591262001688186
2020-11-27,2020-11-25,Prod. Sold Swine or Pork Market Formula,131825,67.25,216.9,67.25,28592842.5,1922868658.125,30146307.0,2038794742.41,485,2020,233,67.44502489834314
2020-11-30,2020-11-27,Prod. Sold Negotiated,8413,56.97,208.36,56.97,1752932.6800000002,99864574.77960001,726822.0,42293772.18,491,2020,234,57.327584904326095
2020-11-30,2020-11-27,Prod. Sold Swine or Pork Market Formula,240159,67.01,219.3,67.01,52666868.7,3529206871.5870004,28592842.5,1922868658.125,491,2020,234,67.09444876432197
2020-12-01,2020-11-30,Prod. Sold Swine or Pork Market Formula,137512,67.13,217.11,67.13,29855230.32,2004181611.3816,52666868.7,3529206871.5870004,492,2020,235,67.05341416033941
2020-12-01,2020-11-30,Prod. Sold Negotiated,6888,56.67,209.52,56.67,1443173.76,81784656.9792,1752932.6800000002,99864574.77960001,492,2020,235,56.83453763786415
2020-12-02,2020-12-01,Prod. Sold Negotiated,5187,58.72,202.68,58.72,1051301.16,61732404.115200005,1443173.76,81784656.9792,493,2020,236,57.53397636661748
2020-12-02,2020-12-01,Prod. Sold Swine or Pork Market Formula,126776,67.09,217.17,67.09,27531943.92,1847118117.5928,29855230.32,2004181611.3816,493,2020,236,67.1108096883775
2020-12-03,2020-12-02,Prod. Sold Negotiated,5610,57.1,204.05,57.1,1144720.5,65363540.55,1051301.16,61732404.115200005,494,2020,237,57.87554238659012
2020-12-03,2020-12-02,Prod. Sold Swine or Pork Market Formula,139911,66.69,217.54,66.69,30436238.94,2029792774.9086,27531943.92,1847118117.5928,494,2020,237,66.87997969273243
2020-12-04,2020-12-03,Prod. Sold Swine or Pork Market Formula,137634,66.62,219.37,66.62,30192770.58,2011442376.0396004,30436238.94,2029792774.9086,495,2020,238,66.65514054975775
2020-12-04,2020-12-03,Prod. Sold Negotiated,6928,56.6,201.38,56.6,1395160.64,78966092.22399998,1144720.5,65363540.55,495,2020,238,56.82534922638152
2020-12-07,2020-12-04,Prod. Sold Negotiated,8503,56.34,206.1,56.34,1752468.3,98734064.022,1395160.64,78966092.22399998,501,2020,239,56.45524286163159
2020-12-07,2020-12-04,Prod. Sold Swine or Pork Market Formula,221928,65.89,219.46,65.89,48704318.88,3209127571.0032,30192770.58,2011442376.0396004,501,2020,239,66.169360400672
2020-12-08,2020-12-07,Prod. Sold Negotiated,6539,56.68,210.9,56.67999999999999,1379075.1,78165976.668,1752468.3,98734064.022,502,2020,240,56.48972985333685
2020-12-08,2020-12-07,Prod. Sold Swine or Pork Market Formula,133951,66.14,216.65,66.14,29020484.15,1919414821.681,48704318.88,3209127571.0032,502,2020,240,65.9833437043861
2020-12-09,2020-12-08,Prod. Sold Negotiated,5911,56.61,205.43,56.61,1214296.73,68741337.8853,1379075.1,78165976.668,503,2020,241,56.6472238395911
2020-12-09,2020-12-08,Prod. Sold Swine or Pork Market Formula,137577,65.97,217.86,65.97,29972525.220000003,1977287488.7634,29020484.15,1919414821.681,503,2020,241,66.05362825287582
2020-12-10,2020-12-09,Prod. Sold Negotiated,5711,56.17,199.52,56.17,1139458.72,64003396.3024,1214296.73,68741337.8853,504,2020,242,56.39699493322469
2020-12-10,2020-12-09,Prod. Sold Swine or Pork Market Formula,128563,66.01,217.28,66.01,27934168.64,1843934471.9264,29972525.220000003,1977287488.7634,504,2020,242,65.98929598585444
2020-12-11,2020-12-10,Prod. Sold Swine or Pork Market Formula,137848,65.52,218.83,65.52,30165277.840000004,1976429004.0768,27934168.64,1843934471.9264,505,2020,243,65.75559161855891
2020-12-11,2020-12-10,Prod. Sold Negotiated,6619,56.28,202.21,56.28,1338427.99,75326727.2772,1139458.72,64003396.3024,505,2020,243,56.229416388290005
2020-12-14,2020-12-11,Prod. Sold Swine or Pork Market Formula,223788,65.41,218.11,65.41,48810400.68,3192688308.4788,30165277.840000004,1976429004.0768,511,2020,244,65.45201522069303
2020-12-14,2020-12-11,Prod. Sold Negotiated,14413,56.11,209.67,56.11,3021973.71,169562944.8681,1338427.99,75326727.2772,511,2020,244,56.162181604804886
2020-12-15,2020-12-14,Prod. Sold Swine or Pork Market Formula,131527,65.79,216.05,65.79,28416408.35,1869515505.3465,48810400.68,3192688308.4788,512,2020,245,65.54982495597876
2020-12-15,2020-12-14,Prod. Sold Negotiated,5246,54.85,201.55,54.85,1057331.3,57994621.80500001,3021973.71,169562944.8681,512,2020,245,55.78341558556319
2020-12-16,2020-12-15,Prod. Sold Swine or Pork Market Formula,142818,65.13,216.19,65.13,30875823.42,2010942379.3446,28416408.35,1869515505.3465,513,2020,246,65.44631174862421
2020-12-16,2020-12-15,Prod. Sold Negotiated,6238,54.81,199.98,54.81,1247475.24,68374117.9044,1057331.3,57994621.80500001,513,2020,246,54.82835002255764
2020-12-17,2020-12-16,Prod. Sold Swine or Pork Market Formula,129773,64.4,216.67,64.4,28117915.91,1810793784.604,30875823.42,2010942379.3446,514,2020,247,64.7820634418598
2020-12-17,2020-12-16,Prod. Sold Negotiated,4644,52.72,201.92,52.72,937716.48,49436412.8256,1247475.24,68374117.9044,514,2020,247,53.91313249621869
2020-12-18,2020-12-17,Prod. Sold Negotiated,4887,53.46,194.44,53.46,950228.28,50799203.8488,937716.48,49436412.8256,515,2020,248,53.09245206644712
2020-12-18,2020-12-17,Prod. Sold Swine or Pork Market Formula,132535,63.76,217.27,63.76,28795879.450000003,1836025273.732,28117915.91,1810793784.604,515,2020,248,64.07618812396139
2020-12-21,2020-12-18,Prod. Sold Swine or Pork Market Formula,251238,62.47,217.48,62.47,54639240.24,3413313337.7927995,28795879.450000003,1836025273.732,521,2020,249,62.91521641040986
2020-12-21,2020-12-18,Prod. Sold Negotiated,10538,52.64,206.92,52.64,2180522.96,114782728.6144,950228.28,50799203.8488,521,2020,249,52.88888185929457
2020-12-22,2020-12-21,Prod. Sold Swine or Pork Market Formula,136311,62.21,214.8,62.21,29279602.8,1821484090.188,54639240.24,3413313337.7927995,522,2020,250,62.37928501332685
2020-12-22,2020-12-21,Prod. Sold Negotiated,4077,52.02,201.45,52.02,821311.6499999998,42724632.033,2180522.96,114782728.6144,522,2020,250,52.470365996413115
2020-12-23,2020-12-22,Prod. Sold Negotiated,7617,51.02,206.1,51.02,1569863.7,80094445.974,821311.6499999998,42724632.033,523,2020,251,51.3634761277545
2020-12-23,2020-12-22,Prod. Sold Swine or Pork Market Formula,128265,61.89,215.6,61.89,27653934.0,1711501975.26,29279602.8,1821484090.188,523,2020,251,62.05456860793514
2020-12-28,2020-12-23,Prod. Sold Negotiated,8250,50.89,200.23,50.89,1651897.5,84065063.775,1569863.7,80094445.974,531,2020,252,50.95334494344274
2020-12-28,2020-12-23,Prod. Sold Swine or Pork Market Formula,205520,60.5,217.17,60.5,44632778.4,2700283093.2,27653934.0,1711501975.26,531,2020,252,61.0317570405927
2020-12-29,2020-12-28,Prod. Sold Negotiated,6543,50.11,208.58,50.11000000000001,1364738.9400000002,68387068.28340001,1651897.5,84065063.775,532,2020,253,50.53712473830623
2020-12-29,2020-12-28,Prod. Sold Swine or Pork Market Formula,126329,60.04,217.46,60.04,27471504.34,1649389120.5736,44632778.4,2700283093.2,532,2020,253,60.32474145062968
2020-12-30,2020-12-29,Prod. Sold Swine or Pork Market Formula,119249,60.58,217.75,60.58,25966469.75,1573048737.455,27471504.34,1649389120.5736,533,2020,254,60.30239568216759
2020-12-30,2020-12-29,Prod. Sold Negotiated,6338,51.7,202.28,51.7,1282050.64,66282018.088,1364738.9400000002,68387068.28340001,533,2020,254,50.880163421000006
2020-12-31,2020-12-30,Prod. Sold Swine or Pork Market Formula,132745,60.44,218.94,60.43999999999999,29063190.3,1756579221.732,25966469.75,1573048737.455,534,2020,255,60.50606084358321
2020-12-31,2020-12-30,Prod. Sold Negotiated,6084,49.35,205.06,49.35,1247585.04,61568321.72400001,1282050.64,66282018.088,534,2020,255,50.541009056292246
2021-01-04,2020-12-31,Prod. Sold Negotiated,6848,50.21,206.39,50.21,1413358.72,70964741.3312,1247585.04,61568321.72400001,21,2021,1,49.806788496424296
2021-01-04,2020-12-31,Prod. Sold Swine or Pork Market Formula,208640,61.35,221.05,61.35000000000001,46119872.0,2829454147.2000003,29063190.3,1756579221.732,21,2021,1,60.99822524696497
2021-01-05,2021-01-04,Prod. Sold Negotiated,2899,53.54,205.3,53.54,595164.7000000001,31865118.038000003,1413358.72,70964741.3312,22,2021,2,51.19674400869073
2021-01-05,2021-01-04,Prod. Sold Swine or Pork Market Formula,141812,62.31,218.38,62.31,30968904.56,1929672443.1336,46119872.0,2829454147.2000003,22,2021,2,61.73566117798562
2021-01-06,2021-01-05,Prod. Sold Swine or Pork Market Formula,134256,63.06,218.94,63.06,29394008.64,1853586184.8384,30968904.56,1929672443.1336,23,2021,3,62.67521607906757
2021-01-06,2021-01-05,Prod. Sold Negotiated,5394,53.3,201.56,53.3,1087214.64,57948540.31199999,595164.7000000001,31865118.038000003,23,2021,3,53.3849032822764
2021-01-07,2021-01-06,Prod. Sold Swine or Pork Market Formula,139789,63.5,220.43,63.5,30813689.27,1956669268.645,29394008.64,1853586184.8384,24,2021,4,63.285187538295645
2021-01-07,2021-01-06,Prod. Sold Negotiated,4818,53.51,205.32,53.51,989231.76,52933791.4776,1087214.64,57948540.31199999,24,2021,4,53.400045283904255
2021-01-08,2021-01-07,Prod. Sold Swine or Pork Market Formula,134850,63.81,221.32,63.81,29845002.0,1904409577.62,30813689.27,1956669268.645,25,2021,5,63.65252473184459
2021-01-08,2021-01-07,Prod. Sold Negotiated,4823,54.02,205.99,54.02,993489.77,53668317.37540001,989231.76,52933791.4776,25,2021,5,53.76554762735643
2021-01-11,2021-01-08,Prod. Sold Swine or Pork Market Formula,233508,64.57,222.13,64.57,51869132.04,3349189855.8228,29845002.0,1904409577.62,31,2021,6,64.29242009553822
2021-01-11,2021-01-08,Prod. Sold Negotiated,9745,53.25,205.88,53.25,2006300.6,106835506.95,993489.77,53668317.37540001,31,2021,6,53.50501352712856
2021-01-12,2021-01-11,Prod. Sold Swine or Pork Market Formula,140314,65.58,218.76,65.58,30695090.64,2012984044.1712,51869132.04,3349189855.8228,32,2021,7,64.94549001904319
2021-01-12,2021-01-11,Prod. Sold Negotiated,6057,52.45,208.51,52.45,1262945.0699999998,66241468.9215,2006300.6,106835506.95,32,2021,7,52.94095132088987
2021-01-13,2021-01-12,Prod. Sold Swine or Pork Market Formula,139325,66.33,218.92,66.33,30501029.0,2023133253.57,30695090.64,2012984044.1712,33,2021,8,65.95381082141435
2021-01-13,2021-01-12,Prod. Sold Negotiated,4931,52.76,204.47,52.76,1008241.57,53194825.2332,1262945.0699999998,66241468.9215,33,2021,8,52.58761743803672
2021-01-14,2021-01-13,Prod. Sold Swine or Pork Market Formula,134405,66.25,219.06,66.25,29442759.3,1950582803.625,30501029.0,2023133253.57,34,2021,9,66.29070617472136
2021-01-14,2021-01-13,Prod. Sold Negotiated,3178,48.95,219.16,48.95,696490.48,34093208.996,1008241.57,53194825.2332,34,2021,9,51.203374881817936
2021-01-15,2021-01-14,Prod. Sold Swine or Pork Market Formula,136318,65.59,220.7,65.59,30085382.6,1973300244.734,29442759.3,1950582803.625,35,2021,10,65.91643755571347
2021-01-15,2021-01-14,Prod. Sold Negotiated,5346,54.88,197.69,54.88,1056850.74,57999968.611200005,696490.48,34093208.996,35,2021,10,52.5243897518134
2021-01-18,2021-01-15,Prod. Sold Negotiated,6808,53.7,205.84,53.7,1401358.72,75252963.264,1056850.74,57999968.611200005,41,2021,11,54.20731391831842
2021-01-18,2021-01-15,Prod. Sold Swine or Pork Market Formula,205974,66.16,219.56,66.16,45223651.44,2991996779.2704,30085382.6,1973300244.734,41,2021,11,65.932289363413
2021-01-19,2021-01-18,Prod. Sold Negotiated,3389,52.19,210.81,52.19,714435.09,37286367.3471,1401358.72,75252963.264,42,2021,12,53.190121872556176
2021-01-19,2021-01-18,Prod. Sold Swine or Pork Market Formula,123656,66.51,217.14,66.51,26850663.84,1785837651.9984002,45223651.44,2991996779.2704,42,2021,12,66.29038947796438
2021-01-20,2021-01-19,Prod. Sold Negotiated,5161,54.2,203.23,54.2,1048870.03,56848755.626,714435.09,37286367.3471,43,2021,13,53.38561199952734
2021-01-20,2021-01-19,Prod. Sold Swine or Pork Market Formula,140165,65.65,218.08,65.65,30567183.200000003,2006735577.0800004,26850663.84,1785837651.9984002,43,2021,13,66.05216713256966
2021-01-21,2021-01-20,Prod. Sold Negotiated,6280,56.41,198.79,56.40999999999999,1248401.2,70422311.69199999,1048870.03,56848755.626,44,2021,14,55.40097558179928
2021-01-21,2021-01-20,Prod. Sold Swine or Pork Market Formula,135546,65.92,218.31,65.92,29591047.26,1950641835.3792,30567183.200000003,2006735577.0800004,44,2021,14,65.78280947094201
2021-01-22,2021-01-21,Prod. Sold Negotiated,5955,56.07,198.53,56.07,1182246.15,66288541.6305,1248401.2,70422311.69199999,45,2021,15,56.24462689846802
2021-01-22,2021-01-21,Prod. Sold Swine or Pork Market Formula,138099,65.93,219.04,65.93,30249204.96,1994330083.0128,29591047.26,1950641835.3792,45,2021,15,65.92505499289155
2021-01-25,2021-01-22,Prod. Sold Swine or Pork Market Formula,225729,66.51,220.35,66.51,49739385.15,3308166506.3265,30249204.96,1994330083.0128,51,2021,16,66.29066198125668
2021-01-25,2021-01-22,Prod. Sold Negotiated,10643,55.96,202.45,55.96,2154675.35,120575632.586,1182246.15,66288541.6305,51,2021,16,55.99897217135615
2021-01-26,2021-01-25,Prod. Sold Negotiated,6203,52.0,208.98,52.0,1296302.94,67407752.88,2154675.35,120575632.586,52,2021,17,54.47249147023757
2021-01-26,2021-01-25,Prod. Sold Swine or Pork Market Formula,131372,67.19,217.31,67.19,28548449.32,1918170309.8108,49739385.15,3308166506.3265,52,2021,17,66.75796886603165
2021-01-27,2021-01-26,Prod. Sold Negotiated,4902,55.82,200.83,55.82,984468.66,54953040.6012,1296302.94,67407752.88,53,2021,18,53.648858781475525
2021-01-27,2021-01-26,Prod. Sold Swine or Pork Market Formula,132204,67.79,216.3,67.79,28595725.200000003,1938504211.3080003,28548449.32,1918170309.8108,53,2021,18,67.49024819264814
2021-01-28,2021-01-27,Prod. Sold Swine or Pork Market Formula,136806,67.59,216.9,67.59,29673221.4,2005613034.4260004,28595725.200000003,1938504211.3080003,54,2021,19,67.68815082258584
2021-01-28,2021-01-27,Prod. Sold Negotiated,4865,55.11,204.71,55.11,995914.15,54884828.8065,984468.66,54953040.6012,54,2021,19,55.462948301242825
2021-01-29,2021-01-28,Prod. Sold Swine or Pork Market Formula,142759,68.02,217.81,68.02,31094337.79,2115036856.4758,29673221.4,2005613034.4260004,55,2021,20,67.81002801211572
2021-01-29,2021-01-28,Prod. Sold Negotiated,5530,56.67,207.8,56.67,1149134.0,65121423.78,995914.15,54884828.8065,55,2021,20,55.94571505842422
2021-02-01,2021-01-29,Prod. Sold Negotiated,10355,56.39,209.18,56.39,2166058.9,122144061.371,1149134.0,65121423.78,61,2021,21,56.48705544434534
2021-02-01,2021-01-29,Prod. Sold Swine or Pork Market Formula,223129,69.26,218.58,69.26,48771536.82,3377916640.1532,31094337.79,2115036856.4758,61,2021,21,68.77722836508232
2021-02-02,2021-02-01,Prod. Sold Negotiated,4274,56.88,208.44,56.88,890872.5599999998,50672831.2128,2166058.9,122144061.371,62,2021,22,56.532799261322005
2021-02-02,2021-02-01,Prod. Sold Swine or Pork Market Formula,139319,69.54,216.01,69.54,30094297.19,2092757426.5926,48771536.82,3377916640.1532,62,2021,22,69.36684478670614
2021-02-03,2021-02-02,Prod. Sold Negotiated,6208,57.72,211.85,57.72,1315164.8,75911312.256,890872.5599999998,50672831.2128,63,2021,23,57.380779566126655
2021-02-03,2021-02-02,Prod. Sold Swine or Pork Market Formula,138805,69.67,215.81,69.67,29955507.05,2087000176.1735,30094297.19,2092757426.5926,63,2021,23,69.60484976871759
2021-02-04,2021-02-03,Prod. Sold Swine or Pork Market Formula,131003,69.56,216.73,69.56,28392280.19,1974967010.0164,29955507.05,2087000176.1735,64,2021,24,69.61647353449663
2021-02-04,2021-02-03,Prod. Sold Negotiated,6302,57.1,205.28,57.1,1293674.56,73868817.376,1315164.8,75911312.256,64,2021,24,57.412553616179714
2021-02-05,2021-02-04,Prod. Sold Swine or Pork Market Formula,116523,69.91,217.2,69.91,25308795.6,1769337900.3959997,28392280.19,1974967010.0164,65,2021,25,69.72495160161483
2021-02-05,2021-02-04,Prod. Sold Negotiated,5261,61.41,200.72,61.41,1055987.92,64848218.16719999,1293674.56,73868817.376,65,2021,25,59.03700498430736
2021-02-08,2021-02-05,Prod. Sold Swine or Pork Market Formula,214110,71.15,217.69,71.15,46609605.9,3316273459.7850003,25308795.6,1769337900.3959997,71,2021,26,70.71363175641494
2021-02-08,2021-02-05,Prod. Sold Negotiated,6556,61.14,204.83,61.14,1342865.48,82102795.4472,1055987.92,64848218.16719999,71,2021,26,61.2588554241789
2021-02-09,2021-02-08,Prod. Sold Negotiated,4401,63.84,199.23,63.84,876811.23,55975628.9232,1342865.48,82102795.4472,72,2021,27,62.20654735364593
2021-02-09,2021-02-08,Prod. Sold Swine or Pork Market Formula,135031,71.63,215.14,71.63,29050569.34,2080892281.8242,46609605.9,3316273459.7850003,72,2021,27,71.33430136117143
2021-02-10,2021-02-09,Prod. Sold Swine or Pork Market Formula,143054,72.27,215.03,72.26999999999998,30760901.62,2223090360.0774,29050569.34,2080892281.8242,73,2021,28,71.95915052448662
2021-02-10,2021-02-09,Prod. Sold Negotiated,4075,63.79,199.84,63.79,814348.0,51947258.92,876811.23,55975628.9232,73,2021,28,63.81592337890028
2021-02-11,2021-02-10,Prod. Sold Swine or Pork Market Formula,135298,72.97,215.26,72.97,29124247.48,2125196338.6156,30760901.62,2223090360.0774,74,2021,29,72.6104345408234
2021-02-11,2021-02-10,Prod. Sold Negotiated,4268,62.9,201.34,62.900000000000006,859319.12,54051172.648,814348.0,51947258.92,74,2021,29,63.33304293388999
2021-02-12,2021-02-11,Prod. Sold Swine or Pork Market Formula,134763,74.04,215.96,74.04,29103417.48,2154817030.2192,29124247.48,2125196338.6156,75,2021,30,73.5048086124524
2021-02-12,2021-02-11,Prod. Sold Negotiated,6599,64.39,202.98,64.39,1339465.02,86248152.6378,859319.12,54051172.648,75,2021,30,63.80768477154834
2021-02-15,2021-02-12,Prod. Sold Negotiated,2413,60.81,225.56,60.81,544276.28,33097440.5868,1339465.02,86248152.6378,81,2021,31,63.35561747496857
2021-02-15,2021-02-12,Prod. Sold Swine or Pork Market Formula,187106,75.42,216.34,75.42,40478512.04,3052889378.0568,29103417.48,2154817030.2192,81,2021,31,74.84279962054147
2021-02-16,2021-02-15,Prod. Sold Negotiated,3617,63.54,219.24,63.53999999999999,792991.08,50386653.2232,544276.28,33097440.5868,82,2021,32,62.428872719962285
2021-02-16,2021-02-15,Prod. Sold Swine or Pork Market Formula,107325,76.43,214.46,76.43,23016919.5,1759183157.3850002,40478512.04,3052889378.0568,82,2021,32,75.78612222535027
2021-02-17,2021-02-16,Prod. Sold Swine or Pork Market Formula,107543,77.24,214.22,77.24,23037861.46,1779444419.1704,23016919.5,1759183157.3850002,83,2021,33,76.83518416098444
2021-02-17,2021-02-16,Prod. Sold Negotiated,1471,64.6,222.46,64.6,327238.66000000003,21139617.436,792991.08,50386653.2232,83,2021,33,63.84964450167158
2021-02-18,2021-02-17,Prod. Sold Swine or Pork Market Formula,133200,77.6,214.55,77.6,28578060.0,2217657456.0,23037861.46,1779444419.1704,84,2021,34,77.43932031258944
2021-02-18,2021-02-17,Prod. Sold Negotiated,4565,67.92,195.67,67.92,893233.5499999998,60668422.716,327238.66000000003,21139617.436,84,2021,34,67.0298262276697
2021-02-19,2021-02-18,Prod. Sold Negotiated,6105,68.53,203.73,68.53,1243771.65,85235671.1745,893233.5499999998,60668422.716,85,2021,35,68.27502988317481
2021-02-19,2021-02-18,Prod. Sold Swine or Pork Market Formula,128412,77.96,215.71,77.96,27699752.52,2159472706.4592,28578060.0,2217657456.0,85,2021,35,77.77719080505584
2021-02-22,2021-02-19,Prod. Sold Negotiated,6996,69.04,199.42,69.04,1395142.3199999998,96320625.7728,1243771.65,85235671.1745,91,2021,36,68.7996270478268
2021-02-22,2021-02-19,Prod. Sold Swine or Pork Market Formula,173808,78.21,216.37,78.21,37606836.96,2941230718.6416,27699752.52,2159472706.4592,91,2021,36,78.10396264320124
2021-02-23,2021-02-22,Prod. Sold Negotiated,5393,71.72,201.83,71.72,1088469.1900000002,78065010.3068,1395142.3199999998,96320625.7728,92,2021,37,70.21453853690669
2021-02-23,2021-02-22,Prod. Sold Swine or Pork Market Formula,131518,78.8,214.73,78.8,28240860.14,2225379779.032,37606836.96,2941230718.6416,92,2021,37,78.46304009428448
2021-02-24,2021-02-23,Prod. Sold Swine or Pork Market Formula,132314,79.96,215.44,79.96,28505728.16,2279318023.6736,28240860.14,2225379779.032,93,2021,38,79.3827071839242
2021-02-24,2021-02-23,Prod. Sold Negotiated,4212,71.79,207.06,71.79,872136.72,62610695.128800005,1088469.1900000002,78065010.3068,93,2021,38,71.75113811403332
2021-02-25,2021-02-24,Prod. Sold Negotiated,6741,71.5,200.39,71.5,1350828.99,96584272.785,872136.72,62610695.128800005,94,2021,39,71.61377577605549
2021-02-25,2021-02-24,Prod. Sold Swine or Pork Market Formula,128539,80.61,215.58,80.61,27710437.62,2233738376.5482,28505728.16,2279318023.6736,94,2021,39,80.28040222244057
2021-02-26,2021-02-25,Prod. Sold Swine or Pork Market Formula,133689,81.54,215.63,81.54,28827359.07,2350582858.5678,27710437.62,2233738376.5482,95,2021,40,81.08418621709117
2021-02-26,2021-02-25,Prod. Sold Negotiated,8134,74.86,200.39,74.86,1629972.2599999998,122019723.38359998,1350828.99,96584272.785,95,2021,40,73.33732705882352
2021-03-01,2021-02-26,Prod. Sold Swine or Pork Market Formula,180108,82.87,216.31,82.87,38959161.48,3228545711.8476,28827359.07,2350582858.5678,101,2021,41,82.30439510905681
2021-03-01,2021-02-26,Prod. Sold Negotiated,9144,73.24,204.58,73.24,1870679.52,137008568.04479998,1629972.2599999998,122019723.38359998,101,2021,41,73.99430383458477
2021-03-02,2021-03-01,Prod. Sold Swine or Pork Market Formula,134259,83.1,214.5,83.1,28798555.5,2393159962.05,38959161.48,3228545711.8476,102,2021,42,82.96775517919171
2021-03-02,2021-03-01,Prod. Sold Negotiated,4739,77.39,206.08,77.39,976613.12,75580089.3568,1870679.52,137008568.04479998,102,2021,42,74.66343796737381
2021-03-03,2021-03-02,Prod. Sold Negotiated,5837,77.45,203.23,77.45,1186253.51,91875334.3495,976613.12,75580089.3568,103,2021,43,77.42290781299818
2021-03-03,2021-03-02,Prod. Sold Swine or Pork Market Formula,136140,83.88,214.8,83.87999999999998,29242872.0,2452892103.36,28798555.5,2393159962.05,103,2021,43,83.49298551297692
2021-03-04,2021-03-03,Prod. Sold Swine or Pork Market Formula,129576,84.78,214.99,84.78,27857544.24,2361762600.6672,29242872.0,2452892103.36,104,2021,44,84.31908243524214
2021-03-04,2021-03-03,Prod. Sold Negotiated,5791,78.44,206.13,78.44,1193698.83,93633736.2252,1186253.51,91875334.3495,104,2021,44,77.94654853243826
2021-03-05,2021-03-04,Prod. Sold Negotiated,5039,78.01,209.47,78.01,1055519.33,82341062.93330003,1193698.83,93633736.2252,105,2021,45,78.2382084086054
2021-03-05,2021-03-04,Prod. Sold Swine or Pork Market Formula,133210,84.86,215.83,84.86,28750714.3,2439785615.498,27857544.24,2361762600.6672,105,2021,45,84.8206311235025
2021-03-08,2021-03-05,Prod. Sold Swine or Pork Market Formula,157670,86.02,215.46,86.02,33971578.2,2922235156.764,28750714.3,2439785615.498,111,2021,46,85.48827790792245
2021-03-08,2021-03-05,Prod. Sold Negotiated,6750,83.22,200.28,83.22,1351890.0,112504285.8,1055519.33,82341062.93330003,111,2021,46,80.93569560657141
2021-03-09,2021-03-08,Prod. Sold Negotiated,5006,86.36,206.46,86.36,1033538.76,89256407.3136,1351890.0,112504285.8,112,2021,47,84.58047311947394
2021-03-09,2021-03-08,Prod. Sold Swine or Pork Market Formula,131270,86.27,214.65,86.26999999999998,28177105.5,2430838891.485,33971578.2,2922235156.764,112,2021,47,86.13334554419532
2021-03-10,2021-03-09,Prod. Sold Swine or Pork Market Formula,132554,87.4,213.88,87.40000000000002,28350649.52,2477846768.0480003,28177105.5,2430838891.485,113,2021,48,86.83673458810217
2021-03-10,2021-03-09,Prod. Sold Negotiated,6508,83.67,201.95,83.67,1314290.6,109966694.502,1033538.76,89256407.3136,113,2021,48,84.8541658136518
2021-03-11,2021-03-10,Prod. Sold Negotiated,4552,87.35,201.13,87.35,915543.76,79972747.43599999,1314290.6,109966694.502,114,2021,49,85.18096471434765
2021-03-11,2021-03-10,Prod. Sold Swine or Pork Market Formula,130978,88.1,215.02,88.1,28162889.56,2481150570.236,28350649.52,2477846768.0480003,114,2021,49,87.74883716385366
2021-03-12,2021-03-11,Prod. Sold Negotiated,5526,87.3,197.19,87.3,1089671.94,95128360.362,915543.76,79972747.43599999,115,2021,50,87.32282905923786
2021-03-12,2021-03-11,Prod. Sold Swine or Pork Market Formula,132904,88.77,215.13,88.77,28591637.52,2538079662.6504,28162889.56,2481150570.236,115,2021,50,88.43753073321177
2021-03-15,2021-03-12,Prod. Sold Swine or Pork Market Formula,174762,89.88,215.67,89.88,37690920.54,3387659938.1351995,28591637.52,2538079662.6504,121,2021,51,89.40119051261611
2021-03-15,2021-03-12,Prod. Sold Negotiated,6044,88.21,198.27,88.21,1198343.88,105705913.6548,1089671.94,95128360.362,121,2021,51,87.7766107477351
2021-03-16,2021-03-15,Prod. Sold Swine or Pork Market Formula,132642,90.07,214.78,90.07,28488848.76,2565990607.8132,37690920.54,3387659938.1351995,122,2021,52,89.96179057318653
2021-03-16,2021-03-15,Prod. Sold Negotiated,6379,88.92,206.5,88.92,1317263.5,117131070.42,1198343.88,105705913.6548,122,2021,52,88.58178181795603
2021-03-17,2021-03-16,Prod. Sold Swine or Pork Market Formula,137628,91.23,215.22,91.23,29620298.16,2702259801.1368003,28488848.76,2565990607.8132,123,2021,53,90.66129324188675
2021-03-17,2021-03-16,Prod. Sold Negotiated,5842,87.63,203.87,87.63,1191008.54,104368078.3602,1317263.5,117131070.42,123,2021,53,88.3074663544868
2021-03-18,2021-03-17,Prod. Sold Negotiated,4526,87.18,207.35,87.18,938466.1,81815474.598,1191008.54,104368078.3602,124,2021,54,87.43168359976336
2021-03-18,2021-03-17,Prod. Sold Swine or Pork Market Formula,132085,91.53,214.9,91.53,28385066.5,2598085136.745,29620298.16,2702259801.1368003,124,2021,54,91.37680573081325
2021-03-19,2021-03-18,Prod. Sold Negotiated,6582,89.02,204.14,89.02,1343649.48,119611676.7096,938466.1,81815474.598,125,2021,55,88.26334348394396
2021-03-19,2021-03-18,Prod. Sold Swine or Pork Market Formula,134759,92.15,215.84,92.15,29086382.56,2680310152.904,28385066.5,2598085136.745,125,2021,55,91.8437828866708
2021-03-22,2021-03-19,Prod. Sold Negotiated,9649,88.09,203.54,88.09,1963957.46,173005012.6514,1343649.48,119611676.7096,131,2021,56,88.46779398793981
2021-03-22,2021-03-19,Prod. Sold Swine or Pork Market Formula,149648,93.64,215.96,93.64,32317982.08,3026255841.9712,29086382.56,2680310152.904,131,2021,56,92.93420798882157
2021-03-23,2021-03-22,Prod. Sold Negotiated,7515,89.02,202.21,89.02,1519608.15,135275517.513,1963957.46,173005012.6514,132,2021,57,88.4956865113845
2021-03-23,2021-03-22,Prod. Sold Swine or Pork Market Formula,129681,93.9,213.54,93.9,27692080.74,2600286381.486,32317982.08,3026255841.9712,132,2021,57,93.7599788944397
2021-03-24,2021-03-23,Prod. Sold Negotiated,6662,90.95,202.14,90.95,1346656.68,122478425.046,1519608.15,135275517.513,133,2021,58,89.92677154643803
2021-03-24,2021-03-23,Prod. Sold Swine or Pork Market Formula,132879,94.2,214.99,94.2,28567656.21,2691073214.9820004,27692080.74,2600286381.486,133,2021,58,94.0523344638212
2021-03-25,2021-03-24,Prod. Sold Negotiated,3697,91.91,194.66,91.91,719658.02,66143768.6182,1346656.68,122478425.046,134,2021,59,91.28434969958835
2021-03-25,2021-03-24,Prod. Sold Swine or Pork Market Formula,129312,95.24,215.07,95.24,27811131.84,2648732196.4416,28567656.21,2691073214.9820004,134,2021,59,94.71302232832586
2021-03-26,2021-03-25,Prod. Sold Negotiated,7507,91.95,200.75,91.95,1507030.25,138571431.4875,719658.02,66143768.6182,135,2021,60,91.93707213704414
2021-03-26,2021-03-25,Prod. Sold Swine or Pork Market Formula,138730,96.96,215.38,96.96,29879667.4,2897132551.104,27811131.84,2648732196.4416,135,2021,60,96.1308357763289
2021-03-29,2021-03-26,Prod. Sold Swine or Pork Market Formula,165574,98.09,215.2,98.09,35631524.8,3495096267.632,29879667.4,2897132551.104,141,2021,61,97.57460678201488
2021-03-29,2021-03-26,Prod. Sold Negotiated,8130,94.38,199.68,94.38,1623398.4,153216340.992,1507030.25,138571431.4875,141,2021,61,93.21016547669917
2021-03-30,2021-03-29,Prod. Sold Swine or Pork Market Formula,129356,98.27,213.87,98.27,27665367.72,2718675685.8444,35631524.8,3495096267.632,142,2021,62,98.1686731542631
2021-03-30,2021-03-29,Prod. Sold Negotiated,5756,95.96,205.13,95.96,1180728.28,113302685.7488,1623398.4,153216340.992,142,2021,62,95.04528759050216
2021-03-31,2021-03-30,Prod. Sold Negotiated,6889,98.37,198.8,98.37,1369533.2000000002,134720980.88400003,1180728.28,113302685.7488,143,2021,63,97.25421043210049
2021-03-31,2021-03-30,Prod. Sold Swine or Pork Market Formula,130603,98.84,214.19,98.84,27973856.57,2764935983.3788,27665367.72,2718675685.8444,143,2021,63,98.55658016800865
2021-04-01,2021-03-31,Prod. Sold Swine or Pork Market Formula,132725,99.17,215.74,99.16999999999999,28634091.5,2839642854.055,27973856.57,2764935983.3788,144,2021,64,99.00692444289476
2021-04-01,2021-03-31,Prod. Sold Negotiated,6087,97.74,204.59,97.74,1245339.33,121719466.1142,1369533.2000000002,134720980.88400003,144,2021,64,98.06996098513454
2021-04-02,2021-04-01,Prod. Sold Swine or Pork Market Formula,130231,99.76,216.16,99.76,28150732.96,2808317120.0896,28634091.5,2839642854.055,145,2021,65,99.46248892823647
2021-04-02,2021-04-01,Prod. Sold Negotiated,5913,97.09,211.29,97.09,1249357.77,121300145.8893,1245339.33,121719466.1142,145,2021,65,97.41447649235651
2021-04-05,2021-04-02,Prod. Sold Swine or Pork Market Formula,125305,100.68,214.67,100.68,26899224.35,2708213907.558,28150732.96,2808317120.0896,151,2021,66,100.20954233593028
2021-04-05,2021-04-02,Prod. Sold Negotiated,3406,96.75,212.03,96.75,722174.18,69870351.915,1249357.77,121300145.8893,151,2021,66,96.96545765048339
2021-04-06,2021-04-05,Prod. Sold Negotiated,4584,100.09,197.52,100.09,905431.68,90624656.8512,722174.18,69870351.915,152,2021,67,98.60803079573576
2021-04-06,2021-04-05,Prod. Sold Swine or Pork Market Formula,95270,100.04,213.42,100.04,20332523.4,2034065640.936,26899224.35,2708213907.558,152,2021,67,100.40449008144104
2021-04-07,2021-04-06,Prod. Sold Swine or Pork Market Formula,138281,100.81,214.15,100.81,29612876.15,2985274044.6815004,20332523.4,2034065640.936,153,2021,68,100.4965368350427
2021-04-07,2021-04-06,Prod. Sold Negotiated,4563,99.5,203.93,99.5,930532.59,92587992.705,905431.68,90624656.8512,153,2021,68,99.79096682322691
2021-04-08,2021-04-07,Prod. Sold Negotiated,3643,103.13,201.04,103.13,732388.72,75531248.6936,930532.59,92587992.705,154,2021,69,101.09873533258168
2021-04-08,2021-04-07,Prod. Sold Swine or Pork Market Formula,133032,101.07,214.95,101.07,28595228.4,2890119734.3879995,29612876.15,2985274044.6815004,154,2021,69,100.9377272201436
2021-04-09,2021-04-08,Prod. Sold Swine or Pork Market Formula,135013,101.6,215.64,101.6,29114203.32,2958003057.312,28595228.4,2890119734.3879995,155,2021,70,101.33738311745064
2021-04-09,2021-04-08,Prod. Sold Negotiated,5278,101.88,203.71,101.88,1075181.38,109539478.9944,732388.72,75531248.6936,155,2021,70,102.38647324825745
2021-04-12,2021-04-09,Prod. Sold Swine or Pork Market Formula,148142,102.26,215.46,102.26,31918675.32,3264003738.2232003,29114203.32,2958003057.312,161,2021,71,101.94516356070076
2021-04-12,2021-04-09,Prod. Sold Negotiated,8186,99.96,205.17,99.95999999999998,1679521.62,167884981.13519996,1075181.38,109539478.9944,161,2021,71,100.70939049676136
2021-04-13,2021-04-12,Prod. Sold Swine or Pork Market Formula,127112,102.72,214.77,102.72,27299844.24,2804240000.3328004,31918675.32,3264003738.2232003,162,2021,72,102.47206082900598
2021-04-13,2021-04-12,Prod. Sold Negotiated,6519,101.04,208.54,101.04,1359472.26,137361077.1504,1679521.62,167884981.13519996,162,2021,72,100.44313030521798
2021-04-14,2021-04-13,Prod. Sold Swine or Pork Market Formula,130467,102.68,214.62,102.68,28000827.54,2875124971.8072,27299844.24,2804240000.3328004,163,2021,73,102.69974648289887
2021-04-14,2021-04-13,Prod. Sold Negotiated,5142,104.47,196.22,104.47,1008963.24,105406389.6828,1359472.26,137361077.1504,163,2021,73,102.50119407228948
2021-04-15,2021-04-14,Prod. Sold Swine or Pork Market Formula,128340,103.28,214.33,103.28,27507112.200000003,2840934548.0160003,28000827.54,2875124971.8072,164,2021,74,102.97733165016224
2021-04-15,2021-04-14,Prod. Sold Negotiated,2711,105.35,193.03,105.35,523304.33,55130111.1655,1008963.24,105406389.6828,164,2021,74,104.77054007499484
2021-04-16,2021-04-15,Prod. Sold Negotiated,5774,102.76,202.15,102.76,1167214.1,119942920.916,523304.33,55130111.1655,165,2021,75,103.56174116451363
2021-04-16,2021-04-15,Prod. Sold Swine or Pork Market Formula,132274,103.19,215.76,103.19,28539438.24,2944984631.9856,27507112.200000003,2840934548.0160003,165,2021,75,103.23417114128462
2021-04-19,2021-04-16,Prod. Sold Swine or Pork Market Formula,149517,104.32,215.52,104.32,32223903.84,3361597648.5888,28539438.24,2944984631.9856,171,2021,76,103.78925952215168
2021-04-19,2021-04-16,Prod. Sold Negotiated,7215,103.51,207.4,103.51,1496391.0,154891432.41,1167214.1,119942920.916,171,2021,76,103.18134370819458
2021-04-20,2021-04-19,Prod. Sold Swine or Pork Market Formula,127688,104.59,213.74,104.59,27292033.12,2854473744.0208,32223903.84,3361597648.5888,172,2021,77,104.44381303762978
2021-04-20,2021-04-19,Prod. Sold Negotiated,5075,104.16,205.59,104.16,1043369.25,108677341.08,1496391.0,154891432.41,172,2021,77,103.77702914674722
2021-04-21,2021-04-20,Prod. Sold Swine or Pork Market Formula,129110,105.58,213.99,105.57999999999998,27628248.9,2916990518.862,27292033.12,2854473744.0208,173,2021,78,105.08803033424044
2021-04-21,2021-04-20,Prod. Sold Negotiated,5031,107.86,198.86,107.86,1000464.66,107910118.2276,1043369.25,108677341.08,173,2021,78,105.9711644120828
2021-04-22,2021-04-21,Prod. Sold Negotiated,5260,106.74,203.64,106.74,1071146.4,114334166.736,1000464.66,107910118.2276,174,2021,79,107.28089324045216
2021-04-22,2021-04-21,Prod. Sold Swine or Pork Market Formula,124747,106.31,214.38,106.31,26743261.86,2843076168.3366,27628248.9,2916990518.862,174,2021,79,105.93905901610816
2021-04-23,2021-04-22,Prod. Sold Negotiated,6117,106.37,202.02,106.37,1235756.34,131447401.88580002,1071146.4,114334166.736,175,2021,80,106.54179925322728
2021-04-23,2021-04-22,Prod. Sold Swine or Pork Market Formula,127517,106.71,215.23,106.71,27445483.91,2928707588.0361,26743261.86,2843076168.3366,175,2021,80,106.5125917634373
2021-04-26,2021-04-23,Prod. Sold Negotiated,6315,108.64,196.77,108.64,1242602.55,134996341.032,1235756.34,131447401.88580002,181,2021,81,107.50813532006254
2021-04-26,2021-04-23,Prod. Sold Swine or Pork Market Formula,127449,107.6,214.2,107.6,27299575.8,2937434356.0799994,27445483.91,2928707588.0361,181,2021,81,107.15381397318237
2021-04-27,2021-04-26,Prod. Sold Negotiated,6432,109.59,208.44,109.59,1340686.08,146925787.5072,1242602.55,134996341.032,182,2021,82,109.13303502566804
2021-04-27,2021-04-26,Prod. Sold Swine or Pork Market Formula,125169,107.01,211.3,107.01,26448209.700000003,2830222919.997,27299575.8,2937434356.0799994,182,2021,82,107.3096728064638
2021-04-28,2021-04-27,Prod. Sold Negotiated,6244,112.43,202.0,112.43,1261288.0,141806609.84,1340686.08,146925787.5072,183,2021,83,110.96666933254002
2021-04-28,2021-04-27,Prod. Sold Swine or Pork Market Formula,131519,106.64,213.15,106.64,28033274.85,2989468430.004,26448209.700000003,2830222919.997,183,2021,83,106.81961767506571
2021-04-29,2021-04-28,Prod. Sold Negotiated,4584,111.49,202.67,111.49,929039.28,103578589.32719998,1261288.0,141806609.84,184,2021,84,112.03129386545376
2021-04-29,2021-04-28,Prod. Sold Swine or Pork Market Formula,131488,106.74,213.36,106.73999999999998,28054279.680000003,2994513813.0432,28033274.85,2989468430.004,184,2021,84,106.6900187250364
2021-04-30,2021-04-29,Prod. Sold Swine or Pork Market Formula,124762,106.63,214.04,106.62999999999998,26704058.48,2847453755.7224,28054279.680000003,2994513813.0432,185,2021,85,106.68635618005396
2021-04-30,2021-04-29,Prod. Sold Negotiated,7141,111.58,204.63,111.58,1461262.83,163047706.57140002,929039.28,103578589.32719998,185,2021,85,111.54501967895598
2021-05-03,2021-04-30,Prod. Sold Swine or Pork Market Formula,135161,107.07,214.77,107.07,29028527.970000003,3108084489.7479,26704058.48,2847453755.7224,191,2021,86,106.85917566042367
2021-05-03,2021-04-30,Prod. Sold Negotiated,6129,112.65,200.15,112.65,1226719.35,138189934.7775,1461262.83,163047706.57140002,191,2021,86,112.06831785949564
2021-05-04,2021-05-03,Prod. Sold Swine or Pork Market Formula,119532,107.16,212.47,107.15999999999998,25396964.04,2721538666.5264,29028527.970000003,3108084489.7479,192,2021,87,107.1119973560033
2021-05-04,2021-05-03,Prod. Sold Negotiated,4766,115.46,200.32,115.46,954725.12,110232562.3552,1226719.35,138189934.7775,192,2021,87,113.87981704283308
2021-05-05,2021-05-04,Prod. Sold Swine or Pork Market Formula,130153,108.01,213.08,108.01,27733001.24,2995441463.9324,25396964.04,2721538666.5264,193,2021,88,107.6036865510784
2021-05-05,2021-05-04,Prod. Sold Negotiated,4649,116.43,202.03,116.43,939237.47,109355418.6321,954725.12,110232562.3552,193,2021,88,115.941033971162
2021-05-06,2021-05-05,Prod. Sold Swine or Pork Market Formula,127289,108.51,213.75,108.51,27208023.75,2952342657.1125,27733001.24,2995441463.9324,194,2021,89,108.25761117721188
2021-05-06,2021-05-05,Prod. Sold Negotiated,5311,116.3,209.07,116.3,1110370.77,129136120.551,939237.47,109355418.6321,194,2021,89,116.3595727850411
2021-05-07,2021-05-06,Prod. Sold Negotiated,5860,115.59,209.26,115.59,1226263.6,141743809.524,1110370.77,129136120.551,195,2021,90,115.92739264337705
2021-05-07,2021-05-06,Prod. Sold Swine or Pork Market Formula,125099,109.36,214.15,109.36,26789950.85,2929749024.9560003,27208023.75,2952342657.1125,195,2021,90,108.93170948801662
2021-05-10,2021-05-07,Prod. Sold Negotiated,7453,117.37,198.51,117.37,1479495.03,173648331.67110002,1226263.6,141743809.524,201,2021,91,116.56329492889763
2021-05-10,2021-05-07,Prod. Sold Swine or Pork Market Formula,120443,110.19,214.17,110.19,25795277.31,2842381606.7889,26789950.85,2929749024.9560003,201,2021,91,109.7671500859929
2021-05-11,2021-05-10,Prod. Sold Swine or Pork Market Formula,120861,110.47,213.07,110.47,25751853.27,2844807230.7369,25795277.31,2842381606.7889,202,2021,92,110.3298820619978
2021-05-11,2021-05-10,Prod. Sold Negotiated,5818,119.66,207.68,119.66,1208282.24,144583052.8384,1479495.03,173648331.67110002,202,2021,92,118.3994626569262
2021-05-12,2021-05-11,Prod. Sold Swine or Pork Market Formula,129511,110.65,212.84,110.65,27565121.24,3050080665.2060003,25751853.27,2844807230.7369,203,2021,93,110.56306082854098
2021-05-12,2021-05-11,Prod. Sold Negotiated,6332,118.49,206.97,118.49,1310534.04,155285178.3996,1208282.24,144583052.8384,203,2021,93,119.05125181976354
2021-05-13,2021-05-12,Prod. Sold Swine or Pork Market Formula,121797,110.56,213.45,110.56,25997569.65,2874291300.504,27565121.24,3050080665.2060003,204,2021,94,110.60631695813592
2021-05-13,2021-05-12,Prod. Sold Negotiated,4668,119.14,207.21,119.14,967256.28,115238913.1992,1310534.04,155285178.3996,204,2021,94,118.76602039418624
2021-05-14,2021-05-13,Prod. Sold Negotiated,5739,119.89,203.85,119.89,1169895.15,140258729.5335,967256.28,115238913.1992,205,2021,95,119.55055647727312
2021-05-14,2021-05-13,Prod. Sold Swine or Pork Market Formula,130626,110.61,213.58,110.61,27899101.08,3085919570.4588003,25997569.65,2874291300.504,205,2021,95,110.5858820263869
2021-05-17,2021-05-14,Prod. Sold Negotiated,7037,118.16,204.54,118.16,1439347.98,170073357.3168,1169895.15,140258729.5335,211,2021,96,118.93567267926464
2021-05-17,2021-05-14,Prod. Sold Swine or Pork Market Formula,126674,111.46,213.65,111.46,27063900.1,3016542305.146,27899101.08,3085919570.4588003,211,2021,96,111.02854182979678
2021-05-18,2021-05-17,Prod. Sold Swine or Pork Market Formula,120152,111.38,212.46,111.37999999999998,25527493.92,2843252272.8096,27063900.1,3016542305.146,212,2021,97,111.42116856090897
2021-05-18,2021-05-17,Prod. Sold Negotiated,4923,119.82,208.43,119.82,1026100.89,122947408.6398,1439347.98,170073357.3168,212,2021,97,118.8508792545351
2021-05-19,2021-05-18,Prod. Sold Negotiated,6798,117.89,204.83,117.89,1392434.34,164154084.34260002,1026100.89,122947408.6398,213,2021,98,118.70883228043778
2021-05-19,2021-05-18,Prod. Sold Swine or Pork Market Formula,119309,111.14,212.44,111.14,25346003.96,2816954880.1144,25527493.92,2843252272.8096,213,2021,98,111.2604280970664
2021-05-20,2021-05-19,Prod. Sold Negotiated,4980,118.17,209.79,118.17,1044754.2,123458603.814,1392434.34,164154084.34260002,214,2021,99,118.01002812716328
2021-05-20,2021-05-19,Prod. Sold Swine or Pork Market Formula,125973,111.07,213.35,111.07,26876339.55,2985155033.8185,25346003.96,2816954880.1144,214,2021,99,111.10397435193346
2021-05-21,2021-05-20,Prod. Sold Negotiated,6512,117.01,209.41,117.01,1363677.92,159563953.4192,1044754.2,123458603.814,215,2021,100,117.51319660742608
2021-05-21,2021-05-20,Prod. Sold Swine or Pork Market Formula,131092,111.25,214.34,111.25,28098259.28,3125931344.9,26876339.55,2985155033.8185,215,2021,100,111.16200042888973
2021-05-24,2021-05-21,Prod. Sold Negotiated,6284,116.04,207.09,116.04,1301353.56,151009067.1024,1363677.92,159563953.4192,221,2021,101,116.53634219795408
2021-05-24,2021-05-21,Prod. Sold Swine or Pork Market Formula,131082,111.91,213.8,111.91,28025331.6,3136314859.356,28098259.28,3125931344.9,221,2021,101,111.57957119396634
2021-05-25,2021-05-24,Prod. Sold Negotiated,5314,114.64,203.78,114.64,1082886.92,124142156.5088,1301353.56,151009067.1024,222,2021,102,115.4041406138696
2021-05-25,2021-05-24,Prod. Sold Swine or Pork Market Formula,126114,112.21,212.4,112.21,26786613.6,3005725912.056,28025331.6,3136314859.356,222,2021,102,112.05661008746684
2021-05-26,2021-05-25,Prod. Sold Negotiated,6065,112.67,203.16,112.67000000000002,1232165.4,138828075.618,1082886.92,124142156.5088,223,2021,103,113.5914855379165
2021-05-26,2021-05-25,Prod. Sold Swine or Pork Market Formula,128266,112.69,211.99,112.69,27191109.34,3064166111.5246,26786613.6,3005725912.056,223,2021,103,112.45179850079464
2021-05-27,2021-05-26,Prod. Sold Negotiated,5499,112.85,209.88,112.85,1154130.12,130243584.04199998,1232165.4,138828075.618,224,2021,104,112.75705687114562
2021-05-27,2021-05-26,Prod. Sold Swine or Pork Market Formula,129420,113.5,213.3,113.5,27605286.0,3133199961.0,27191109.34,3064166111.5246,224,2021,104,113.09806117850012
2021-05-28,2021-05-27,Prod. Sold Negotiated,8673,113.4,206.71,113.4,1792795.83,203303047.122,1154130.12,130243584.04199998,225,2021,105,113.1845987388994
2021-05-28,2021-05-27,Prod. Sold Swine or Pork Market Formula,127304,113.4,214.36,113.4,27288885.44,3094559608.8960004,27605286.0,3133199961.0,225,2021,105,113.45028819139785
2021-06-01,2021-05-28,Prod. Sold Swine or Pork Market Formula,110023,113.87,213.94,113.87,23538320.62,2680308568.9994,27288885.44,3094559608.8960004,232,2021,106,113.61765923309538
2021-06-01,2021-05-28,Prod. Sold Negotiated,6254,110.76,200.07,110.76,1251237.78,138587096.5128,1792795.83,203303047.122,232,2021,106,112.314838611391
2021-06-02,2021-06-01,Prod. Sold Swine or Pork Market Formula,99254,113.87,213.36,113.87000000000002,21176833.44,2411406023.8128004,23538320.62,2680308568.9994,233,2021,107,113.87
2021-06-02,2021-06-01,Prod. Sold Negotiated,3829,111.76,213.82,111.76,818716.78,91499787.3328,1251237.78,138587096.5128,233,2021,107,111.15552403507834
2021-06-03,2021-06-02,Prod. Sold Swine or Pork Market Formula,111180,114.47,215.39,114.47,23947060.2,2741219981.094,21176833.44,2411406023.8128004,234,2021,108,114.18841747156463
2021-06-03,2021-06-02,Prod. Sold Negotiated,7245,111.4,218.29,111.40000000000002,1581511.05,176180330.97000003,818716.78,91499787.3328,234,2021,108,111.52279586009134
2021-06-04,2021-06-03,Prod. Sold Negotiated,7244,110.94,212.43,110.94,1538842.9200000002,170719233.5448,1581511.05,176180330.97000003,235,2021,109,111.17314505020724
2021-06-04,2021-06-03,Prod. Sold Swine or Pork Market Formula,126140,115.4,215.25,115.4,27151635.0,3133298679.0,23947060.2,2741219981.094,235,2021,109,114.96416174818492
2021-06-07,2021-06-04,Prod. Sold Swine or Pork Market Formula,170213,117.92,214.65,117.92000000000002,36536220.45,4308351115.464001,27151635.0,3133298679.0,241,2021,110,116.84566456011828
2021-06-07,2021-06-04,Prod. Sold Negotiated,9199,109.92,209.6,109.92,1928110.4,211937895.168,1538842.9200000002,170719233.5448,241,2021,110,110.37273749990958
2021-06-08,2021-06-07,Prod. Sold Swine or Pork Market Formula,120511,118.49,212.45,118.49,25602561.95,3033647565.4555,36536220.45,4308351115.464001,242,2021,111,118.15485269179491
2021-06-08,2021-06-07,Prod. Sold Negotiated,6429,111.45,208.48,111.45,1340317.92,149378432.184,1928110.4,211937895.168,242,2021,111,110.547422790658
2021-06-09,2021-06-08,Prod. Sold Negotiated,6276,111.84,203.73,111.84,1278609.48,142999684.2432,1340317.92,149378432.184,243,2021,112,111.64040531524468
2021-06-09,2021-06-08,Prod. Sold Swine or Pork Market Formula,127159,119.61,212.88,119.61,27069607.92,3237795803.3112,25602561.95,3033647565.4555,243,2021,112,119.06559734002276
2021-06-10,2021-06-09,Prod. Sold Negotiated,5277,113.35,206.75,113.35,1091019.75,123667088.6625,1278609.48,142999684.2432,244,2021,113,112.53523105203256
2021-06-10,2021-06-09,Prod. Sold Swine or Pork Market Formula,129127,120.84,212.83,120.84,27482099.41,3320936892.7044,27069607.92,3237795803.3112,244,2021,113,120.22965030846451
2021-06-11,2021-06-10,Prod. Sold Swine or Pork Market Formula,125176,121.61,213.29,121.61,26698789.04,3246839735.1544,27482099.41,3320936892.7044,245,2021,114,121.21943393231308
2021-06-11,2021-06-10,Prod. Sold Negotiated,8606,114.67,208.82,114.67,1797104.92,206074021.1764,1091019.75,123667088.6625,245,2021,114,114.17135598890196
2021-06-14,2021-06-11,Prod. Sold Negotiated,7070,114.61,206.04,114.61,1456702.8,166952707.908,1797104.92,206074021.1764,251,2021,115,114.64313849633378
2021-06-14,2021-06-11,Prod. Sold Swine or Pork Market Formula,133986,123.03,212.68,123.03,28496142.48,3505880409.3144,26698789.04,3246839735.1544,251,2021,115,122.3431202559231
2021-06-15,2021-06-14,Prod. Sold Negotiated,4755,120.02,201.98,120.01999999999998,960414.9,115268996.29799998,1456702.8,166952707.908,252,2021,116,116.75960347566028
2021-06-15,2021-06-14,Prod. Sold Swine or Pork Market Formula,117182,122.82,211.23,122.82,24752353.86,3040084101.0852,28496142.48,3505880409.3144,252,2021,116,122.93238232686592
2021-06-16,2021-06-15,Prod. Sold Swine or Pork Market Formula,132729,122.47,212.25,122.46999999999998,28171730.25,3450191803.7175,24752353.86,3040084101.0852,253,2021,117,122.63369341098078
2021-06-16,2021-06-15,Prod. Sold Negotiated,6508,122.9,203.78,122.9,1326200.24,162990009.496,960414.9,115268996.29799998,253,2021,117,121.69035397622709
2021-06-17,2021-06-16,Prod. Sold Swine or Pork Market Formula,119668,120.66,211.61,120.66,25322945.48,3055466601.6168,28171730.25,3450191803.7175,254,2021,118,121.613194519953
2021-06-17,2021-06-16,Prod. Sold Negotiated,5452,123.65,205.44,123.65,1120058.88,138495280.512,1326200.24,162990009.496,254,2021,118,123.24339950054024
2021-06-18,2021-06-17,Prod. Sold Swine or Pork Market Formula,127710,119.89,212.08,119.89,27084736.8,3247189094.952,25322945.48,3055466601.6168,255,2021,119,120.26205743836226
2021-06-18,2021-06-17,Prod. Sold Negotiated,5888,122.53,199.41,122.53000000000002,1174126.08,143865668.58240002,1120058.88,138495280.512,255,2021,119,123.07680244508276
2021-06-21,2021-06-18,Prod. Sold Swine or Pork Market Formula,144294,121.02,210.87,121.02,30427275.78,3682308914.8956,27084736.8,3247189094.952,261,2021,120,120.4878372185041
2021-06-21,2021-06-18,Prod. Sold Negotiated,7412,124.63,206.0,124.63,1526872.0,190294057.36,1174126.08,143865668.58240002,261,2021,120,123.71712827815116
2021-06-22,2021-06-21,Prod. Sold Negotiated,4771,128.11,206.32,128.11,984352.72,126105426.9592,1526872.0,190294057.36,262,2021,121,125.994094355363
2021-06-22,2021-06-21,Prod. Sold Swine or Pork Market Formula,117593,119.74,210.05,119.74,24700409.65,2957627051.491,30427275.78,3682308914.8956,262,2021,121,120.44648554704612
2021-06-23,2021-06-22,Prod. Sold Swine or Pork Market Formula,121297,118.59,210.07,118.59,25480860.79,3021775281.0861,24700409.65,2957627051.491,263,2021,122,119.15605723307591
2021-06-23,2021-06-22,Prod. Sold Negotiated,5040,127.74,203.01,127.74,1023170.4,130699786.89599998,984352.72,126105426.9592,263,2021,122,127.9214228203758
2021-06-24,2021-06-23,Prod. Sold Swine or Pork Market Formula,116242,115.42,209.57,115.42,24360835.94,2811727684.1948,25480860.79,3021775281.0861,264,2021,123,117.04061755525431
2021-06-24,2021-06-23,Prod. Sold Negotiated,6009,128.33,207.91,128.33,1249331.19,160326671.61270002,1023170.4,130699786.89599998,264,2021,123,128.06435858586133
2021-06-25,2021-06-24,Prod. Sold Swine or Pork Market Formula,117998,113.66,211.08,113.66,24907017.84,2830931647.6944,24360835.94,2811727684.1948,265,2021,124,114.53024434727467
2021-06-25,2021-06-24,Prod. Sold Negotiated,7318,129.49,203.3,129.49,1487749.4,192648669.806,1249331.19,160326671.61270002,265,2021,124,128.96052191824575
2021-06-28,2021-06-25,Prod. Sold Negotiated,7488,127.99,202.28,127.99,1514672.64,193862951.1936,1487749.4,192648669.806,271,2021,125,128.73327461971334
2021-06-28,2021-06-25,Prod. Sold Swine or Pork Market Formula,124492,112.76,209.37,112.76,26064890.04,2939077000.9104,24907017.84,2830931647.6944,271,2021,125,113.19977784996344
2021-06-29,2021-06-28,Prod. Sold Swine or Pork Market Formula,113131,111.48,208.81,111.48,23622884.11,2633479120.5828,26064890.04,2939077000.9104,272,2021,126,112.1514540915132
2021-06-29,2021-06-28,Prod. Sold Negotiated,6616,125.26,203.49,125.26,1346289.84,168636265.35840002,1514672.64,193862951.1936,272,2021,126,126.70533748209098
2021-06-30,2021-06-29,Prod. Sold Negotiated,4666,126.07,201.81,126.07,941645.46,118713243.1422,1346289.84,168636265.35840002,273,2021,127,125.59337167471476
2021-06-30,2021-06-29,Prod. Sold Swine or Pork Market Formula,108805,111.45,209.23,111.45,22765270.15,2537189358.2175,23622884.11,2633479120.5828,273,2021,127,111.46527731669012
2021-07-01,2021-06-30,Prod. Sold Swine or Pork Market Formula,115941,110.87,209.7,110.87,24312827.7,2695563207.099,22765270.15,2537189358.2175,274,2021,128,111.15046708108451
2021-07-01,2021-06-30,Prod. Sold Negotiated,5390,122.65,206.98,122.65000000000002,1115622.2,136831062.83,941645.46,118713243.1422,274,2021,128,124.21539060804564
2021-07-02,2021-07-01,Prod. Sold Swine or Pork Market Formula,112089,110.35,211.05,110.34999999999998,23656383.450000003,2610481913.7075,24312827.7,2695563207.099,275,2021,129,110.61355802192504
2021-07-02,2021-07-01,Prod. Sold Negotiated,6767,122.72,201.44,122.72,1363144.48,167285090.5856,1115622.2,136831062.83,275,2021,129,122.68849499606796
2021-07-06,2021-07-02,Prod. Sold Negotiated,7391,123.08,199.61,123.08,1475317.51,181582079.1308,1363144.48,167285090.5856,282,2021,130,122.90711341052696
2021-07-06,2021-07-02,Prod. Sold Swine or Pork Market Formula,111972,109.73,209.68,109.73,23478288.96,2576272647.5808,23656383.450000003,2610481913.7075,282,2021,130,110.04117130954934
2021-07-07,2021-07-06,Prod. Sold Swine or Pork Market Formula,123721,109.57,209.46,109.57,25914600.66,2839462794.3162,23478288.96,2576272647.5808,283,2021,131,109.64605398798288
2021-07-07,2021-07-06,Prod. Sold Negotiated,4412,115.66,203.35,115.66,897180.2,103767861.932,1475317.51,181582079.1308,283,2021,131,120.27406385264752
2021-07-08,2021-07-07,Prod. Sold Negotiated,4362,114.94,201.92,114.94,880775.0399999998,101236283.09759998,897180.2,103767861.932,284,2021,132,115.30332171331828
2021-07-08,2021-07-07,Prod. Sold Swine or Pork Market Formula,121847,109.58,209.5,109.58,25526946.5,2797242797.47,25914600.66,2839462794.3162,284,2021,132,109.57496232090776
2021-07-09,2021-07-08,Prod. Sold Swine or Pork Market Formula,124788,109.67,211.97,109.67000000000002,26451312.36,2900915426.5212,25526946.5,2797242797.47,285,2021,133,109.62580026658476
2021-07-09,2021-07-08,Prod. Sold Negotiated,3349,111.32,211.37,111.31999999999998,707878.13,78800993.43159999,880775.0399999998,101236283.09759998,285,2021,133,113.32698661294332
2021-07-12,2021-07-09,Prod. Sold Negotiated,7018,114.39,213.71,114.39,1499816.78,171564041.4642,707878.13,78800993.43159999,291,2021,134,113.40563125898586
2021-07-12,2021-07-09,Prod. Sold Swine or Pork Market Formula,133295,110.24,211.46,110.24,28186560.7,3107286451.568,26451312.36,2900915426.5212,291,2021,134,109.96405133654008
2021-07-13,2021-07-12,Prod. Sold Swine or Pork Market Formula,122697,110.78,209.39,110.78,25691524.83,2846107120.6674,28186560.7,3107286451.568,292,2021,135,110.49749659201372
2021-07-13,2021-07-12,Prod. Sold Negotiated,5294,114.26,206.18,114.26,1091516.92,124716723.2792,1499816.78,171564041.4642,292,2021,135,114.3352416338351
2021-07-14,2021-07-13,Prod. Sold Swine or Pork Market Formula,120968,110.99,210.11,110.99,25416586.48,2820986933.4152,25691524.83,2846107120.6674,293,2021,136,110.8844351478462
2021-07-14,2021-07-13,Prod. Sold Negotiated,4464,113.66,205.52,113.66,917441.28,104276375.8848,1091516.92,124716723.2792,293,2021,136,113.9859949121888
2021-07-15,2021-07-14,Prod. Sold Swine or Pork Market Formula,121902,111.51,210.43,111.51,25651837.86,2860436439.7686,25416586.48,2820986933.4152,294,2021,137,111.25119771384352
2021-07-15,2021-07-14,Prod. Sold Negotiated,5206,113.74,202.17,113.74,1052497.02,119711011.0548,917441.28,104276375.8848,294,2021,137,113.70274233441728
2021-07-16,2021-07-15,Prod. Sold Swine or Pork Market Formula,123181,112.12,211.51,112.12000000000002,26054013.31,2921175972.3172,25651837.86,2860436439.7686,295,2021,138,111.81737233329449
2021-07-16,2021-07-15,Prod. Sold Negotiated,7662,113.15,207.82,113.15,1592316.84,180170650.446,1052497.02,119711011.0548,295,2021,138,113.38478901528444
2021-07-19,2021-07-16,Prod. Sold Swine or Pork Market Formula,121500,112.3,210.44,112.3,25568460.0,2871338058.0,26054013.31,2921175972.3172,301,2021,139,112.20915347337896
2021-07-19,2021-07-16,Prod. Sold Negotiated,4123,113.45,198.97,113.45000000000002,820353.3099999998,93069083.0195,1592316.84,180170650.446,301,2021,139,113.25200565253398
2021-07-20,2021-07-19,Prod. Sold Negotiated,4727,113.19,203.65,113.19,962653.55,108962755.3245,820353.3099999998,93069083.0195,302,2021,140,113.30962481209971
2021-07-20,2021-07-19,Prod. Sold Swine or Pork Market Formula,120158,112.29,208.37,112.29,25037322.46,2811440939.0334,25568460.0,2871338058.0,302,2021,140,112.29505247794955
2021-07-21,2021-07-20,Prod. Sold Swine or Pork Market Formula,119899,112.34,209.59,112.34,25129631.41,2823062792.5994,25037322.46,2811440939.0334,303,2021,141,112.31504600087452
2021-07-21,2021-07-20,Prod. Sold Negotiated,3610,113.6,206.67,113.6,746078.7,84754540.32,962653.55,108962755.3245,303,2021,141,113.36901708532746
2021-07-22,2021-07-21,Prod. Sold Swine or Pork Market Formula,118098,112.06,210.35,112.06,24841914.3,2783784916.458,25129631.41,2823062792.5994,304,2021,142,112.20080606662908
2021-07-22,2021-07-21,Prod. Sold Negotiated,4869,114.95,208.15,114.95,1013482.35,116499796.1325,746078.7,84754540.32,304,2021,142,114.37758096117211
2021-07-23,2021-07-22,Prod. Sold Swine or Pork Market Formula,120888,112.25,211.17,112.25,25527918.96,2865508903.26,24841914.3,2783784916.458,305,2021,143,112.15629383876188
2021-07-23,2021-07-22,Prod. Sold Negotiated,5769,113.01,202.22,113.01,1166607.18,131838277.4118,1013482.35,116499796.1325,305,2021,143,113.91186927277248
2021-07-26,2021-07-23,Prod. Sold Swine or Pork Market Formula,129116,112.16,211.42,112.16,27297704.72,3061710561.3952,25527918.96,2865508903.26,311,2021,144,112.20349239150148
2021-07-26,2021-07-23,Prod. Sold Negotiated,4215,113.39,201.27,113.39,848353.05,96194752.3395,1166607.18,131838277.4118,311,2021,144,113.16999033340724
2021-07-27,2021-07-26,Prod. Sold Swine or Pork Market Formula,119044,111.97,209.1,111.97,24892100.4,2787168481.788,27297704.72,3061710561.3952,312,2021,145,112.0693788707368
2021-07-27,2021-07-26,Prod. Sold Negotiated,3939,110.13,204.72,110.13,806392.08,88807959.7704,848353.05,96194752.3395,312,2021,145,111.80133348384597
2021-07-28,2021-07-27,Prod. Sold Negotiated,4373,106.93,207.51,106.93,907441.23,97032690.7239,806392.08,88807959.7704,313,2021,146,108.43566256411482
2021-07-28,2021-07-27,Prod. Sold Swine or Pork Market Formula,121947,112.15,209.06,112.15,25494239.82,2859178995.813,24892100.4,2787168481.788,313,2021,146,112.0610755404652
2021-07-29,2021-07-28,Prod. Sold Swine or Pork Market Formula,116783,112.23,209.62,112.23,24480052.46,2747396287.5858,25494239.82,2859178995.813,314,2021,147,112.18918823273827
2021-07-29,2021-07-28,Prod. Sold Negotiated,6413,108.87,200.25,108.87000000000002,1284203.25,139811207.82750002,907441.23,97032690.7239,314,2021,147,108.06675111439608
2021-07-30,2021-07-29,Prod. Sold Negotiated,5811,109.3,203.22,109.3,1180911.42,129073618.206,1284203.25,139811207.82750002,315,2021,148,109.07599119253145
2021-07-30,2021-07-29,Prod. Sold Swine or Pork Market Formula,120726,112.22,210.54,112.22,25417652.04,2852368911.9288,24480052.46,2747396287.5858,315,2021,148,112.22490604782432
2021-08-02,2021-07-30,Prod. Sold Swine or Pork Market Formula,114839,112.12,211.53,112.12,24291893.67,2723607118.2804003,25417652.04,2852368911.9288,321,2021,149,112.1711323362082
2021-08-02,2021-07-30,Prod. Sold Negotiated,5635,109.15,199.22,109.15,1122604.7,122532303.005,1180911.42,129073618.206,321,2021,149,109.22689840390608
2021-08-03,2021-08-02,Prod. Sold Swine or Pork Market Formula,104266,111.27,209.46,111.27,21839556.36,2430087436.1772,24291893.67,2723607118.2804003,322,2021,150,111.71759290258754
2021-08-03,2021-08-02,Prod. Sold Negotiated,2654,105.29,199.3,105.29,528942.2000000001,55692324.238000005,1122604.7,122532303.005,322,2021,150,107.91375482161604
2021-08-04,2021-08-03,Prod. Sold Swine or Pork Market Formula,116319,112.6,209.97,112.6,24423500.43,2750086148.418,21839556.36,2430087436.1772,323,2021,151,111.97214243990295
2021-08-04,2021-08-03,Prod. Sold Negotiated,5438,107.17,196.9,107.17,1070742.2,114751441.574,528942.2000000001,55692324.238000005,323,2021,151,106.5483702985414
2021-08-05,2021-08-04,Prod. Sold Negotiated,4143,107.03,194.66,107.03,806476.38,86317166.9514,1070742.2,114751441.574,324,2021,152,107.10985426396108
2021-08-05,2021-08-04,Prod. Sold Swine or Pork Market Formula,123456,112.81,210.85,112.81000000000002,26030697.6,2936522996.256,24423500.43,2750086148.418,324,2021,152,112.7083447306555
2021-08-06,2021-08-05,Prod. Sold Negotiated,5635,105.61,197.45,105.61,1112630.75,117504933.5075,806476.38,86317166.9514,325,2021,153,106.2067339924374
2021-08-06,2021-08-05,Prod. Sold Swine or Pork Market Formula,119303,111.76,211.69,111.76,25255252.07,2822526971.3432,26030697.6,2936522996.256,325,2021,153,112.29293802017648
2021-08-09,2021-08-06,Prod. Sold Swine or Pork Market Formula,123852,111.19,210.23,111.19,26037405.96,2895099168.6923995,25255252.07,2822526971.3432,331,2021,154,111.47065407863012
2021-08-09,2021-08-06,Prod. Sold Negotiated,7451,106.53,202.2,106.53,1506592.2,160497267.06599998,1112630.75,117504933.5075,331,2021,154,106.139189324643
2021-08-10,2021-08-09,Prod. Sold Swine or Pork Market Formula,116614,110.95,209.12,110.95,24386319.68,2705662168.496,26037405.96,2895099168.6923995,332,2021,155,111.0739293081002
2021-08-10,2021-08-09,Prod. Sold Negotiated,4941,101.66,198.76,101.66,982073.16,99837557.4456,1506592.2,160497267.06599998,332,2021,155,104.60820835775203
2021-08-11,2021-08-10,Prod. Sold Swine or Pork Market Formula,118563,110.51,209.86,110.51,24881631.180000003,2749669061.7018003,24386319.68,2705662168.496,333,2021,156,110.72778824716478
2021-08-11,2021-08-10,Prod. Sold Negotiated,4336,104.75,195.48,104.75,847601.2799999998,88786234.07999998,982073.16,99837557.4456,333,2021,156,103.09145026128252
2021-08-12,2021-08-11,Prod. Sold Swine or Pork Market Formula,121542,110.27,209.78,110.27,25497080.76,2811563095.4052,24881631.180000003,2749669061.7018003,334,2021,157,110.38853402465531
2021-08-12,2021-08-11,Prod. Sold Negotiated,4907,104.42,194.2,104.42,952939.4,99505932.14799999,847601.2799999998,88786234.07999998,334,2021,157,104.57534690524184
2021-08-13,2021-08-12,Prod. Sold Swine or Pork Market Formula,121889,110.07,211.9,110.07,25828279.1,2842918680.537,25497080.76,2811563095.4052,335,2021,158,110.16935470819706
2021-08-13,2021-08-12,Prod. Sold Negotiated,5758,102.57,198.34,102.57,1142041.72,117139219.2204,952939.4,99505932.14799999,335,2021,158,103.41150538311295
2021-08-16,2021-08-13,Prod. Sold Negotiated,5326,103.44,198.47,103.44,1057051.22,109341378.1968,1142041.72,117139219.2204,341,2021,159,102.98818812869273
2021-08-16,2021-08-13,Prod. Sold Swine or Pork Market Formula,132807,109.82,210.39,109.82,27941264.73,3068509692.6486,25828279.1,2842918680.537,341,2021,159,109.94008786601232
2021-08-17,2021-08-16,Prod. Sold Swine or Pork Market Formula,122430,109.93,209.29,109.93,25623374.7,2816777580.771,27941264.73,3068509692.6486,342,2021,160,109.87261999795004
2021-08-17,2021-08-16,Prod. Sold Negotiated,5159,103.57,197.22,103.57,1017457.98,105378122.9886,1057051.22,109341378.1968,342,2021,160,103.50375943640066
2021-08-18,2021-08-17,Prod. Sold Swine or Pork Market Formula,124874,108.89,209.76,108.89,26193570.24,2852217863.4336,25623374.7,2816777580.771,343,2021,161,109.40427790115486
2021-08-18,2021-08-17,Prod. Sold Negotiated,4941,102.72,198.04,102.72,978515.64,100513126.5408,1017457.98,105378122.9886,343,2021,161,103.15329194050167
2021-08-19,2021-08-18,Prod. Sold Negotiated,5596,99.48,199.12,99.48,1114275.52,110848128.7296,978515.64,100513126.5408,344,2021,162,100.99491019944868
2021-08-19,2021-08-18,Prod. Sold Swine or Pork Market Formula,122412,108.04,210.29,108.04,25742019.48,2781167784.6192,26193570.24,2852217863.4336,344,2021,162,108.4686951361106
2021-08-20,2021-08-19,Prod. Sold Swine or Pork Market Formula,126202,107.78,210.45,107.78,26559210.9,2862551750.802,25742019.48,2781167784.6192,345,2021,163,107.90796878804136
2021-08-20,2021-08-19,Prod. Sold Negotiated,6332,100.6,204.39,100.6,1294197.48,130196266.488,1114275.52,110848128.7296,345,2021,163,100.0818340988668
2021-08-23,2021-08-20,Prod. Sold Negotiated,10135,101.75,196.82,101.75,1994770.7,202967918.725,1294197.48,130196266.488,351,2021,164,101.29747902060883
2021-08-23,2021-08-20,Prod. Sold Swine or Pork Market Formula,140273,108.74,210.1,108.74,29471357.3,3204715392.802,26559210.9,2862551750.802,351,2021,164,108.28494763692224
2021-08-24,2021-08-23,Prod. Sold Negotiated,4223,99.02,197.06,99.02,832184.38,82402897.30759998,1994770.7,202967918.725,352,2021,165,100.94635675378328
2021-08-24,2021-08-23,Prod. Sold Swine or Pork Market Formula,109918,107.68,208.21,107.68,22886026.78,2464367363.6704,29471357.3,3204715392.802,352,2021,165,108.27666156525828
2021-08-25,2021-08-24,Prod. Sold Negotiated,5006,99.67,196.01,99.67,981226.06,97798801.4002,832184.38,82402897.30759998,353,2021,166,99.3717112976365
2021-08-25,2021-08-24,Prod. Sold Swine or Pork Market Formula,134649,105.69,208.16,105.69,28028535.84,2962335952.9296,22886026.78,2464367363.6704,353,2021,166,106.58450229852922
2021-08-26,2021-08-25,Prod. Sold Swine or Pork Market Formula,127026,104.27,209.86,104.27,26657676.360000003,2779595914.0572004,28028535.84,2962335952.9296,354,2021,167,104.99779809190734
2021-08-26,2021-08-25,Prod. Sold Negotiated,5544,98.89,194.1,98.89,1076090.4,106414579.656,981226.06,97798801.4002,354,2021,167,99.2620168198139
2021-08-27,2021-08-26,Prod. Sold Swine or Pork Market Formula,131583,103.4,210.56,103.4,27706116.48,2864812444.032,26657676.360000003,2779595914.0572004,355,2021,168,103.82661074994267
2021-08-27,2021-08-26,Prod. Sold Negotiated,6885,99.32,207.3,99.32,1427260.5,141755512.85999998,1076090.4,106414579.656,355,2021,168,99.1351602030702
2021-08-30,2021-08-27,Prod. Sold Negotiated,8491,98.92,197.63,98.92,1678076.33,165995310.5636,1427260.5,141755512.85999998,361,2021,169,99.10384614335057
2021-08-30,2021-08-27,Prod. Sold Swine or Pork Market Formula,146712,104.02,210.27,104.02,30849132.24,3208926735.6048,27706116.48,2864812444.032,361,2021,169,103.72663958239268
2021-08-31,2021-08-30,Prod. Sold Negotiated,7781,94.99,200.58,94.99000000000001,1560712.98,148252125.9702,1678076.33,165995310.5636,362,2021,170,97.0262053056486
2021-08-31,2021-08-30,Prod. Sold Swine or Pork Market Formula,123559,103.95,208.69,103.95,25785527.71,2680405605.4545,30849132.24,3208926735.6048,362,2021,170,103.98812928794322
2021-09-01,2021-08-31,Prod. Sold Swine or Pork Market Formula,128953,102.12,209.11,102.12,26965361.83,2753702750.0796003,25785527.71,2680405605.4545,363,2021,171,103.01453497601246
2021-09-01,2021-08-31,Prod. Sold Negotiated,5212,96.85,199.85,96.85,1041618.2,100880722.67,1560712.98,148252125.9702,363,2021,171,95.73449011981634
2021-09-02,2021-09-01,Prod. Sold Negotiated,5274,95.85,201.97,95.85,1065189.78,102098440.413,1041618.2,100880722.67,364,2021,172,96.34440585468067
2021-09-02,2021-09-01,Prod. Sold Swine or Pork Market Formula,127056,100.9,210.62,100.9,26760534.72,2700137953.248,26965361.83,2753702750.0796003,364,2021,172,101.51232559240746
2021-09-03,2021-09-02,Prod. Sold Negotiated,4361,94.32,199.92,94.32,871851.12,82232997.6384,1065189.78,102098440.413,365,2021,173,95.16135567989296
2021-09-03,2021-09-02,Prod. Sold Swine or Pork Market Formula,128648,99.58,210.76,99.57999999999998,27113852.48,2699997429.9584,26760534.72,2700137953.248,365,2021,173,100.23567160326604
2021-09-07,2021-09-03,Prod. Sold Negotiated,6488,94.8,196.71,94.8,1276254.48,120988924.704,871851.12,82232997.6384,372,2021,174,94.60518251169773
2021-09-07,2021-09-03,Prod. Sold Swine or Pork Market Formula,134831,99.38,210.34,99.38,28360352.54,2818451835.4252,27113852.48,2699997429.9584,372,2021,174,99.47775300960232
2021-09-08,2021-09-07,Prod. Sold Negotiated,4347,91.06,201.59,91.06,876311.73,79796946.1338,1276254.48,120988924.704,373,2021,175,93.27744248006195
2021-09-08,2021-09-07,Prod. Sold Swine or Pork Market Formula,131141,98.5,210.26,98.5,27573706.66,2716010106.01,28360352.54,2818451835.4252,373,2021,175,98.94618807560455
2021-09-09,2021-09-08,Prod. Sold Negotiated,3497,90.91,217.68,90.91,761226.96,69203142.93360001,876311.73,79796946.1338,374,2021,176,90.99027093362906
2021-09-09,2021-09-08,Prod. Sold Swine or Pork Market Formula,123258,97.83,210.9,97.83,25995112.2,2543101826.526,27573706.66,2716010106.01,374,2021,176,98.17487195826516
2021-09-10,2021-09-09,Prod. Sold Negotiated,4721,92.06,200.85,92.06,948212.85,87292474.971,761226.96,69203142.93360001,375,2021,177,91.54789597686975
2021-09-10,2021-09-09,Prod. Sold Swine or Pork Market Formula,126845,98.03,211.69,98.03,26851818.05,2632283723.4415,25995112.2,2543101826.526,375,2021,177,97.93162110806803
2021-09-13,2021-09-10,Prod. Sold Negotiated,6394,90.27,197.1,90.27,1260257.4,113763435.49799998,948212.85,87292474.971,381,2021,178,91.03854148318275
2021-09-13,2021-09-10,Prod. Sold Swine or Pork Market Formula,219946,97.34,212.96,97.34,46839700.16,4559376413.574401,26851818.05,2632283723.4415,381,2021,178,97.59142316109843
2021-09-14,2021-09-13,Prod. Sold Swine or Pork Market Formula,125800,96.37,210.68,96.37,26503544.0,2554146535.28,46839700.16,4559376413.574401,382,2021,179,96.98947776752397
2021-09-14,2021-09-13,Prod. Sold Negotiated,5550,89.4,202.38,89.4,1123209.0,100414884.6,1260257.4,113763435.49799998,382,2021,179,89.86001233245831
2021-09-15,2021-09-14,Prod. Sold Negotiated,4959,89.44,197.8,89.44,980890.2,87730819.488,1123209.0,100414884.6,383,2021,180,89.41864722347691
2021-09-15,2021-09-14,Prod. Sold Swine or Pork Market Formula,131914,94.82,211.35,94.82,27880023.9,2643583866.1979995,26503544.0,2554146535.28,383,2021,180,95.5753842968806
2021-09-16,2021-09-15,Prod. Sold Swine or Pork Market Formula,126373,94.55,210.82,94.55,26641955.86,2518996926.563,27880023.9,2643583866.1979995,384,2021,181,94.68806553771773
2021-09-16,2021-09-15,Prod. Sold Negotiated,5424,87.1,198.9,87.1,1078833.6,93966406.56,980890.2,87730819.488,384,2021,181,88.21436449294802
2021-09-17,2021-09-16,Prod. Sold Swine or Pork Market Formula,124295,94.51,211.49,94.51,26287149.55,2484398503.9705,26641955.86,2518996926.563,385,2021,182,94.53013406850815
2021-09-17,2021-09-16,Prod. Sold Negotiated,4727,87.55,199.3,87.55,942091.1000000002,82480075.805,1078833.6,93966406.56,385,2021,182,87.3097757501801
2021-09-20,2021-09-17,Prod. Sold Swine or Pork Market Formula,167518,94.06,212.55,94.06,35605950.9,3349095741.654,26287149.55,2484398503.9705,391,2021,183,94.25112335965552
2021-09-20,2021-09-17,Prod. Sold Negotiated,5957,88.16,190.86,88.16,1136953.02,100233778.2432,942091.1000000002,82480075.805,391,2021,183,87.88358663990257
2021-09-21,2021-09-20,Prod. Sold Negotiated,5278,84.02,204.17,84.02,1077609.26,90540730.0252,1136953.02,100233778.2432,392,2021,184,86.14546991579753
2021-09-21,2021-09-20,Prod. Sold Swine or Pork Market Formula,120707,93.51,211.7,93.51,25553671.9,2389523859.369,35605950.9,3349095741.654,392,2021,184,93.83019937498699
2021-09-22,2021-09-21,Prod. Sold Negotiated,4427,83.99,203.89,83.99,902621.03,75811140.30969998,1077609.26,90540730.0252,393,2021,185,84.00632551424106
2021-09-22,2021-09-21,Prod. Sold Swine or Pork Market Formula,121639,92.46,211.14,92.45999999999998,25682858.46,2374637093.2116,25553671.9,2389523859.369,393,2021,185,92.9836762775792
2021-09-23,2021-09-22,Prod. Sold Swine or Pork Market Formula,120498,91.84,211.2,91.84,25449177.6,2337252470.784,25682858.46,2374637093.2116,394,2021,186,92.15141674519894
2021-09-23,2021-09-22,Prod. Sold Negotiated,3747,83.42,201.69,83.42,755732.4299999998,63043199.3106,902621.03,75811140.30969998,394,2021,186,83.73024386508048
2021-09-24,2021-09-23,Prod. Sold Swine or Pork Market Formula,128112,91.87,212.95,91.87,27281450.4,2506346848.248,25449177.6,2337252470.784,395,2021,187,91.85552121685333
2021-09-24,2021-09-23,Prod. Sold Negotiated,8257,83.12,205.25,83.12,1694749.25,140867557.66,755732.4299999998,63043199.3106,395,2021,187,83.21252047499496
2021-09-27,2021-09-24,Prod. Sold Swine or Pork Market Formula,185367,91.89,213.8,91.89,39631464.6,3641735282.094,27281450.4,2506346848.248,401,2021,188,91.88184568467838
2021-09-27,2021-09-24,Prod. Sold Negotiated,5774,82.47,205.55,82.47,1186845.7,97879164.879,1694749.25,140867557.66,401,2021,188,82.8522837808971
2021-09-28,2021-09-27,Prod. Sold Negotiated,5173,80.26,193.6,80.26,1001492.8,80379812.128,1186845.7,97879164.879,402,2021,189,81.45859381763837
2021-09-28,2021-09-27,Prod. Sold Swine or Pork Market Formula,128257,93.4,211.76,93.4,27159702.32,2536716196.688,39631464.6,3641735282.094,402,2021,189,92.5040205717969
2021-09-29,2021-09-28,Prod. Sold Swine or Pork Market Formula,123186,93.36,211.23,93.36,26020578.78,2429281234.9008,27159702.32,2536716196.688,403,2021,190,93.38042840072163
2021-09-29,2021-09-28,Prod. Sold Negotiated,4542,80.11,205.14,80.11,931745.88,74642162.4468,1001492.8,80379812.128,403,2021,190,80.18770583195658
2021-09-30,2021-09-29,Prod. Sold Swine or Pork Market Formula,126297,93.29,212.18,93.29,26797697.46,2499957196.0434003,26020578.78,2429281234.9008,404,2021,191,93.32448504275916
2021-09-30,2021-09-29,Prod. Sold Negotiated,3750,78.59,194.23,78.59,728362.5,57242008.875,931745.88,74642162.4468,404,2021,191,79.44310920338827
2021-10-01,2021-09-30,Prod. Sold Swine or Pork Market Formula,132196,94.48,213.59,94.48,28235743.64,2667713059.1072,26797697.46,2499957196.0434003,405,2021,192,93.90054759179142
2021-10-01,2021-09-30,Prod. Sold Negotiated,5120,76.59,201.67,76.59,1032550.4,79083035.13599998,728362.5,57242008.875,405,2021,192,77.41725556726854
2021-10-04,2021-10-01,Prod. Sold Swine or Pork Market Formula,175970,94.85,213.72,94.85,37608308.4,3567148051.74,28235743.64,2667713059.1072,411,2021,193,94.69133380581661
2021-10-04,2021-10-01,Prod. Sold Negotiated,6954,76.93,205.19,76.93,1426891.26,109770744.6318,1032550.4,79083035.13599998,411,2021,193,76.78725738418207
2021-10-05,2021-10-04,Prod. Sold Swine or Pork Market Formula,122268,94.64,212.06,94.64,25928152.08,2453840312.8512,37608308.4,3567148051.74,412,2021,194,94.7643025611489
2021-10-05,2021-10-04,Prod. Sold Negotiated,4968,76.63,199.29,76.63,990072.72,75869272.5336,1426891.26,109770744.6318,412,2021,194,76.8071095397127
2021-10-06,2021-10-05,Prod. Sold Negotiated,5470,74.97,206.0,74.97,1126820.0,84477695.4,990072.72,75869272.5336,413,2021,195,75.74638356430269
2021-10-06,2021-10-05,Prod. Sold Swine or Pork Market Formula,126168,93.82,213.05,93.82,26880092.4,2521890268.968,25928152.08,2453840312.8512,413,2021,195,94.22260919322272
2021-10-07,2021-10-06,Prod. Sold Negotiated,3564,73.61,201.21,73.61,717112.4400000001,52786646.7084,1126820.0,84477695.4,414,2021,196,74.44109075297791
2021-10-07,2021-10-06,Prod. Sold Swine or Pork Market Formula,122382,92.6,213.67,92.6,26149361.94,2421430915.644,26880092.4,2521890268.968,414,2021,196,93.21840562261384
2021-10-08,2021-10-07,Prod. Sold Swine or Pork Market Formula,134987,92.77,214.75,92.77,28988458.25,2689259271.8525,26149361.94,2421430915.644,415,2021,197,92.68937672700007
2021-10-08,2021-10-07,Prod. Sold Negotiated,6948,72.91,208.27,72.91,1447059.96,105505141.6836,717112.4400000001,52786646.7084,415,2021,197,73.1419495008808
2021-10-11,2021-10-08,Prod. Sold Swine or Pork Market Formula,201341,92.04,214.77,92.04,43242006.57,3979994284.7028,28988458.25,2689259271.8525,421,2021,198,92.332972979964
2021-10-11,2021-10-08,Prod. Sold Negotiated,7261,73.91,203.41,73.91,1476960.01,109162114.3391,1447059.96,105505141.6836,421,2021,198,73.41511283272801
2021-10-12,2021-10-11,Prod. Sold Negotiated,5318,71.53,204.83,71.53,1089285.9400000002,77916623.28820002,1476960.01,109162114.3391,422,2021,199,72.89976926307473
2021-10-12,2021-10-11,Prod. Sold Swine or Pork Market Formula,126886,90.9,212.57,90.9,26972157.02,2451769073.118,43242006.57,3979994284.7028,422,2021,199,91.60207896768028
2021-10-13,2021-10-12,Prod. Sold Negotiated,4407,72.23,198.3,72.23,873908.1000000002,63122382.06300001,1089285.9400000002,77916623.28820002,423,2021,200,71.8416022448805
2021-10-13,2021-10-12,Prod. Sold Swine or Pork Market Formula,129526,89.86,212.9,89.86,27576085.4,2477987034.044,26972157.02,2451769073.118,423,2021,200,90.37424284369821
2021-10-14,2021-10-13,Prod. Sold Negotiated,3635,71.46,207.89,71.46,755680.1499999998,54000903.518999994,873908.1000000002,63122382.06300001,424,2021,201,71.87293206243969
2021-10-14,2021-10-13,Prod. Sold Swine or Pork Market Formula,126980,88.78,213.85,88.78,27154673.0,2410791868.94,27576085.4,2477987034.044,424,2021,201,89.32415785753116
2021-10-15,2021-10-14,Prod. Sold Negotiated,8136,70.98,207.38,70.98,1687243.68,119760556.4064,755680.1499999998,54000903.518999994,425,2021,202,71.12848046735866
2021-10-15,2021-10-14,Prod. Sold Swine or Pork Market Formula,126460,87.89,215.23,87.89,27217985.8,2392188771.962,27154673.0,2410791868.94,425,2021,202,88.33448183155613
2021-10-18,2021-10-15,Prod. Sold Negotiated,10211,71.42,212.83,71.42,2173207.1300000004,155210453.22460002,1687243.68,119760556.4064,431,2021,203,71.22769416429891
2021-10-18,2021-10-15,Prod. Sold Swine or Pork Market Formula,194408,87.67,215.07,87.67,41811328.56,3665599174.8552,27217985.8,2392188771.962,431,2021,203,87.75674513040606
2021-10-19,2021-10-18,Prod. Sold Negotiated,4471,70.27,198.53,70.27,887627.63,62373593.5601,2173207.1300000004,155210453.22460002,432,2021,204,71.0865054292248
2021-10-19,2021-10-18,Prod. Sold Swine or Pork Market Formula,119296,86.8,212.75,86.8,25380224.0,2203003443.2,41811328.56,3665599174.8552,432,2021,204,87.34137543279296
2021-10-20,2021-10-19,Prod. Sold Swine or Pork Market Formula,116635,86.19,214.5,86.18999999999998,25018207.5,2156319304.425,25380224.0,2203003443.2,433,2021,205,86.49719084263565
2021-10-20,2021-10-19,Prod. Sold Negotiated,4951,69.36,204.12,69.36,1010598.12,70095085.6032,887627.63,62373593.5601,433,2021,205,69.78552427881668
2021-10-21,2021-10-20,Prod. Sold Negotiated,5150,69.73,196.11,69.73,1009966.5,70424964.04500002,1010598.12,70095085.6032,434,2021,206,69.54494216977828
2021-10-21,2021-10-20,Prod. Sold Swine or Pork Market Formula,128410,84.72,214.09,84.72,27491296.9,2329062673.368,25018207.5,2156319304.425,434,2021,206,85.420383015327
2021-10-22,2021-10-21,Prod. Sold Negotiated,6490,68.77,209.55,68.77,1359979.5,93525790.215,1009966.5,70424964.04500002,435,2021,207,69.17910967591665
2021-10-22,2021-10-21,Prod. Sold Swine or Pork Market Formula,125656,83.94,214.6,83.94000000000001,26965777.6,2263507371.744,27491296.9,2329062673.368,435,2021,207,84.33376356109618
2021-10-25,2021-10-22,Prod. Sold Negotiated,8897,68.64,207.88,68.64,1849508.36,126950253.8304,1359979.5,93525790.215,441,2021,208,68.69508584008166
2021-10-25,2021-10-22,Prod. Sold Swine or Pork Market Formula,180272,83.49,215.51,83.49,38850418.72,3243621458.9328,26965777.6,2263507371.744,441,2021,208,83.67437103020967
2021-10-26,2021-10-25,Prod. Sold Negotiated,5624,68.23,199.02,68.23,1119288.48,76369052.9904,1849508.36,126950253.8304,442,2021,209,68.48542280879012
2021-10-26,2021-10-25,Prod. Sold Swine or Pork Market Formula,121347,83.05,213.89,83.05,25954909.83,2155555261.3815,38850418.72,3243621458.9328,442,2021,209,83.31377744884992
2021-10-27,2021-10-26,Prod. Sold Swine or Pork Market Formula,121521,81.6,215.74,81.6,26216940.540000003,2139302348.064,25954909.83,2155555261.3815,443,2021,210,82.3213587209692
2021-10-27,2021-10-26,Prod. Sold Negotiated,6640,67.8,206.36,67.8,1370230.4,92901621.12,1119288.48,76369052.9904,443,2021,210,67.99332813672015
2021-10-28,2021-10-27,Prod. Sold Negotiated,4028,66.14,199.04,66.14,801733.12,53026628.5568,1370230.4,92901621.12,444,2021,211,67.18724708451826
2021-10-28,2021-10-27,Prod. Sold Swine or Pork Market Formula,128741,80.91,214.55,80.90999999999998,27621381.55,2234845981.2105,26216940.540000003,2139302348.064,444,2021,211,81.24600023682684
2021-10-29,2021-10-28,Prod. Sold Negotiated,6606,66.08,209.71,66.08,1385344.26,91543548.7008,801733.12,53026628.5568,445,2021,212,66.10199464346343
2021-10-29,2021-10-28,Prod. Sold Swine or Pork Market Formula,128780,79.97,215.85,79.97,27797163.0,2222939125.11,27621381.55,2234845981.2105,445,2021,212,80.43850921235534
2021-11-01,2021-10-29,Prod. Sold Swine or Pork Market Formula,166490,79.72,217.01,79.72,36129994.9,2880283193.428,27797163.0,2222939125.11,451,2021,213,79.82870639299922
2021-11-01,2021-10-29,Prod. Sold Negotiated,9089,66.09,209.14,66.09,1900873.46,125628726.9714,1385344.26,91543548.7008,451,2021,213,66.0857843807744
2021-11-02,2021-11-01,Prod. Sold Swine or Pork Market Formula,119706,79.69,214.93,79.69,25728410.58,2050297039.1202,36129994.9,2880283193.428,452,2021,214,79.70752227265785
2021-11-02,2021-11-01,Prod. Sold Negotiated,5823,65.2,207.85,65.2,1210310.55,78912247.86,1900873.46,125628726.9714,452,2021,214,65.74377284466695
2021-11-03,2021-11-02,Prod. Sold Negotiated,5269,64.23,199.37,64.23,1050480.53,67472364.4419,1210310.55,78912247.86,453,2021,215,64.74928780323214
2021-11-03,2021-11-02,Prod. Sold Swine or Pork Market Formula,122089,78.93,215.55,78.93,26316283.950000003,2077144292.1735003,25728410.58,2050297039.1202,453,2021,215,79.30570769157897
2021-11-04,2021-11-03,Prod. Sold Swine or Pork Market Formula,118728,78.84,215.3,78.84,25562138.4,2015318991.4560003,26316283.950000003,2077144292.1735003,454,2021,216,78.88565415539279
2021-11-04,2021-11-03,Prod. Sold Negotiated,5667,65.76,207.19,65.76,1174145.73,77211823.20480001,1050480.53,67472364.4419,454,2021,216,65.03752574003151
2021-11-05,2021-11-04,Prod. Sold Negotiated,7372,63.94,205.81,63.940000000000005,1517231.32,97011770.6008,1174145.73,77211823.20480001,455,2021,217,64.73399697214481
2021-11-05,2021-11-04,Prod. Sold Swine or Pork Market Formula,120233,79.99,216.06,79.99,25977541.98,2077943582.9802,25562138.4,2015318991.4560003,455,2021,217,79.41963443034062
2021-11-08,2021-11-05,Prod. Sold Swine or Pork Market Formula,196616,80.14,216.67,80.14,42600788.72,3414027208.0208,25977541.98,2077943582.9802,461,2021,218,80.08317984621051
2021-11-08,2021-11-05,Prod. Sold Negotiated,10316,65.03,212.71,65.03,2194316.36,142696392.8908,1517231.32,97011770.6008,461,2021,218,64.58442249934939
2021-11-09,2021-11-08,Prod. Sold Swine or Pork Market Formula,117637,79.53,215.35,79.53,25333127.95,2014743665.8635,42600788.72,3414027208.0208,462,2021,219,79.91252587798571
2021-11-09,2021-11-08,Prod. Sold Negotiated,4125,61.08,205.02,61.08,845707.5,51655814.1,2194316.36,142696392.8908,462,2021,219,63.931145261077
2021-11-10,2021-11-09,Prod. Sold Swine or Pork Market Formula,127502,79.03,215.81,79.03000000000002,27516206.62,2174605809.1786003,25333127.95,2014743665.8635,463,2021,220,79.26967310237792
2021-11-10,2021-11-09,Prod. Sold Negotiated,4083,61.34,198.13,61.34,808964.79,49621900.218600005,845707.5,51655814.1,463,2021,220,61.2071132940771
2021-11-11,2021-11-10,Prod. Sold Negotiated,2660,60.04,217.21,60.040000000000006,577778.6,34689827.144,808964.79,49621900.218600005,464,2021,221,60.79836253093659
2021-11-11,2021-11-10,Prod. Sold Swine or Pork Market Formula,126691,77.73,216.23,77.73,27394394.93,2129366317.9089,27516206.62,2174605809.1786003,464,2021,221,78.38144193646156
2021-11-12,2021-11-11,Prod. Sold Swine or Pork Market Formula,122329,76.7,217.68,76.7,26628576.720000003,2042411834.4240005,27394394.93,2129366317.9089,465,2021,222,77.22230053097977
2021-11-12,2021-11-11,Prod. Sold Negotiated,5783,60.76,211.65,60.76,1223971.95,74368535.682,577778.6,34689827.144,465,2021,222,60.52911310391997
2021-11-15,2021-11-12,Prod. Sold Swine or Pork Market Formula,209702,77.06,217.55,77.06,45620670.1,3515528837.906,26628576.720000003,2042411834.4240005,471,2021,223,76.92731643524141
2021-11-15,2021-11-12,Prod. Sold Negotiated,11181,60.6,207.75,60.6,2322852.75,140764876.65,1223971.95,74368535.682,471,2021,223,60.65521431944466
2021-11-16,2021-11-15,Prod. Sold Negotiated,5220,59.77,202.08,59.77,1054857.6,63048838.75200001,2322852.75,140764876.65,472,2021,224,60.34079132984272
2021-11-16,2021-11-15,Prod. Sold Swine or Pork Market Formula,123433,77.11,215.8,77.11,26636841.4,2053966840.354,45620670.1,3515528837.906,472,2021,224,77.07843188399866
2021-11-17,2021-11-16,Prod. Sold Swine or Pork Market Formula,123226,76.68,216.68,76.68,26700609.68,2047402750.2624,26636841.4,2053966840.354,473,2021,225,76.89474295396721
2021-11-17,2021-11-16,Prod. Sold Negotiated,4814,60.32,200.03,60.32,962944.42,58084807.4144,1054857.6,63048838.75200001,473,2021,225,60.032473436814186
2021-11-18,2021-11-17,Prod. Sold Swine or Pork Market Formula,122426,74.81,216.11,74.81,26457482.860000003,1979284292.7566004,26700609.68,2047402750.2624,474,2021,226,75.74927636820355
2021-11-18,2021-11-17,Prod. Sold Negotiated,3480,59.12,202.68,59.12,705326.4,41698896.768,962944.42,58084807.4144,474,2021,226,59.81265330913119
2021-11-19,2021-11-18,Prod. Sold Swine or Pork Market Formula,119475,73.34,217.41,73.34,25975059.75,1905010882.065,26457482.860000003,1979284292.7566004,475,2021,227,74.08176261283928
2021-11-19,2021-11-18,Prod. Sold Negotiated,7757,59.13,203.69,59.13,1580023.33,93426779.5029,705326.4,41698896.768,475,2021,227,59.12691370475713
2021-11-22,2021-11-19,Prod. Sold Swine or Pork Market Formula,186141,73.67,217.89,73.67,40558262.49,2987927197.6382995,25975059.75,1905010882.065,481,2021,228,73.54116576432814
2021-11-22,2021-11-19,Prod. Sold Negotiated,7468,58.35,207.35,58.35,1548489.8,90354379.83,1580023.33,93426779.5029,481,2021,228,58.74393096534647
2021-11-23,2021-11-22,Prod. Sold Swine or Pork Market Formula,123110,73.63,214.99,73.63,26467418.9,1948796053.607,40558262.49,2987927197.6382995,482,2021,229,73.65420461032181
2021-11-23,2021-11-22,Prod. Sold Negotiated,3520,57.46,199.78,57.46,703225.6,40407342.976,1548489.8,90354379.83,482,2021,229,58.07204711838805
2021-11-24,2021-11-23,Prod. Sold Swine or Pork Market Formula,127798,72.5,215.64,72.5,27558360.72,1997981152.2,26467418.9,1948796053.607,483,2021,230,73.05359096282115
2021-11-24,2021-11-23,Prod. Sold Negotiated,5287,57.47,202.08,57.47,1068396.96,61400773.2912,703225.6,40407342.976,483,2021,230,57.46603061275082
2021-11-26,2021-11-24,Prod. Sold Swine or Pork Market Formula,119784,72.0,215.82,72.0,25851782.88,1861328367.36,27558360.72,1997981152.2,485,2021,231,72.25798807925315
2021-11-26,2021-11-24,Prod. Sold Negotiated,6256,57.19,203.05,57.190000000000005,1270280.8,72647358.952,1068396.96,61400773.2912,485,2021,231,57.31791465071272
2021-11-29,2021-11-26,Prod. Sold Negotiated,8512,58.05,204.81,58.05,1743342.72,101201044.896,1270280.8,72647358.952,491,2021,232,57.68749901713005
2021-11-29,2021-11-26,Prod. Sold Swine or Pork Market Formula,224098,70.66,219.13,70.66,49106594.74,3469871984.3284,25851782.88,1861328367.36,491,2021,232,71.1221416599331
2021-11-30,2021-11-29,Prod. Sold Swine or Pork Market Formula,123632,70.26,216.3,70.26,26741601.6,1878864928.416,49106594.74,3469871984.3284,492,2021,233,70.51897303883074
2021-11-30,2021-11-29,Prod. Sold Negotiated,4785,55.03,209.43,55.03,1002122.55,55146803.9265,1743342.72,101201044.896,492,2021,233,56.94766950102414
2021-12-01,2021-11-30,Prod. Sold Swine or Pork Market Formula,127297,71.35,217.29,71.35,27660365.13,1973567052.0255,26741601.6,1878864928.416,493,2021,234,70.81420419157517
2021-12-01,2021-11-30,Prod. Sold Negotiated,5074,56.59,202.76,56.59,1028804.24,58220031.9416,1002122.55,55146803.9265,493,2021,234,55.8202473995136
2021-12-02,2021-12-01,Prod. Sold Negotiated,3754,54.37,206.66,54.37,775801.64,42180335.1668,1028804.24,58220031.9416,494,2021,235,55.63562006591711
2021-12-02,2021-12-01,Prod. Sold Swine or Pork Market Formula,118384,71.4,216.94,71.4,25682224.96,1833710862.1440003,27660365.13,1973567052.0255,494,2021,235,71.37407290770534
2021-12-03,2021-12-02,Prod. Sold Negotiated,5931,56.99,202.45,56.99,1200730.95,68429656.8405,775801.64,42180335.1668,495,2021,236,55.961633300111686
2021-12-03,2021-12-02,Prod. Sold Swine or Pork Market Formula,127177,70.76,218.63,70.76,27804707.51,1967461103.4076,25682224.96,1833710862.1440003,495,2021,236,71.06730167566853
2021-12-06,2021-12-03,Prod. Sold Swine or Pork Market Formula,207430,71.53,219.08,71.53,45443764.400000006,3250592467.5320005,27804707.51,1967461103.4076,501,2021,237,71.23771233550093
2021-12-06,2021-12-03,Prod. Sold Negotiated,6189,58.0,210.63,58.0,1303589.07,75608166.06,1200730.95,68429656.8405,501,2021,237,57.5157414987642
2021-12-07,2021-12-06,Prod. Sold Negotiated,5320,58.4,206.05,58.4,1096186.0,64017262.4,1303589.07,75608166.06,502,2021,238,58.182714790849126
2021-12-07,2021-12-06,Prod. Sold Swine or Pork Market Formula,116936,71.08,216.76,71.08,25347047.36,1801668126.3488,45443764.400000006,3250592467.5320005,502,2021,238,71.36887497503673
2021-12-08,2021-12-07,Prod. Sold Swine or Pork Market Formula,130502,71.42,216.63,71.42,28270648.26,2019089698.7292,25347047.36,1801668126.3488,503,2021,239,71.259269554524
2021-12-08,2021-12-07,Prod. Sold Negotiated,3762,58.5,204.67,58.5,769968.5399999998,45043159.59,1096186.0,64017262.4,503,2021,239,58.4412596343709
2021-12-09,2021-12-08,Prod. Sold Negotiated,4412,58.95,206.0,58.95000000000001,908872.0,53578004.400000006,769968.5399999998,45043159.59,504,2021,240,58.74361598987835
2021-12-09,2021-12-08,Prod. Sold Swine or Pork Market Formula,132751,71.21,216.33,71.21,28718023.83,2045010476.9343,28270648.26,2019089698.7292,504,2021,240,71.31417572329504
2021-12-10,2021-12-09,Prod. Sold Negotiated,8266,60.39,204.62,60.38999999999999,1691388.92,102142976.8788,908872.0,53578004.400000006,505,2021,241,59.886675249036166
2021-12-10,2021-12-09,Prod. Sold Swine or Pork Market Formula,129113,73.03,217.65,73.03,28101444.45,2052248488.1835,28718023.83,2045010476.9343,505,2021,241,72.11012508823498
2021-12-13,2021-12-10,Prod. Sold Negotiated,8320,60.76,214.01,60.76,1780563.2,108187020.032,1691388.92,102142976.8788,511,2021,242,60.579751575260765
2021-12-13,2021-12-10,Prod. Sold Swine or Pork Market Formula,204997,72.55,217.63,72.55,44613497.11,3236709215.3305,28101444.45,2052248488.1835,511,2021,242,72.73550098572063
2021-12-14,2021-12-13,Prod. Sold Swine or Pork Market Formula,130695,72.42,215.92,72.42,28219664.4,2043668095.848,44613497.11,3236709215.3305,512,2021,243,72.49963068613332
2021-12-14,2021-12-13,Prod. Sold Negotiated,4171,61.26,202.43,61.26,844335.53,51723994.5678,1780563.2,108187020.032,512,2021,243,60.920832019984246
2021-12-15,2021-12-14,Prod. Sold Negotiated,4911,61.83,206.22,61.82999999999999,1012746.42,62618111.1486,844335.53,51723994.5678,513,2021,244,61.57084544190416
2021-12-15,2021-12-14,Prod. Sold Swine or Pork Market Formula,123680,72.91,216.02,72.91,26717353.6,1947962250.976,28219664.4,2043668095.848,513,2021,244,72.65830021614934
2021-12-16,2021-12-15,Prod. Sold Swine or Pork Market Formula,123172,72.7,216.02,72.7,26607615.44,1934373642.488,26717353.6,1947962250.976,514,2021,245,72.80521608089057
2021-12-16,2021-12-15,Prod. Sold Negotiated,4690,61.31,202.68,61.31000000000001,950569.2,58279397.65200001,1012746.42,62618111.1486,514,2021,245,61.57823406946663
2021-12-17,2021-12-16,Prod. Sold Swine or Pork Market Formula,140265,72.81,216.77,72.81,30405244.05,2213805819.2805,26607615.44,1934373642.488,515,2021,246,72.75866355196737
2021-12-17,2021-12-16,Prod. Sold Negotiated,6263,61.55,203.92,61.55,1277150.96,78608641.588,950569.2,58279397.65200001,515,2021,246,61.447591891433966
2021-12-20,2021-12-17,Prod. Sold Negotiated,8679,63.49,207.95,63.49,1804798.05,114586628.19449998,1277150.96,78608641.588,521,2021,247,62.68606948253825
2021-12-20,2021-12-17,Prod. Sold Swine or Pork Market Formula,223339,73.65,216.61,73.65,48377460.79000001,3562999987.183501,30405244.05,2213805819.2805,521,2021,247,73.32581203191907
2021-12-21,2021-12-20,Prod. Sold Swine or Pork Market Formula,122821,72.86,215.95,72.86,26523194.95,1932479984.057,48377460.79000001,3562999987.183501,522,2021,248,73.37025179481425
2021-12-21,2021-12-20,Prod. Sold Negotiated,3753,60.81,205.3,60.81,770490.9,46853551.629,1804798.05,114586628.19449998,522,2021,248,62.68818099945639
2021-12-22,2021-12-21,Prod. Sold Swine or Pork Market Formula,120652,72.56,215.14,72.56,25957071.28,1883445092.0768,26523194.95,1932479984.057,523,2021,249,72.71161810441524
2021-12-22,2021-12-21,Prod. Sold Negotiated,5516,62.12,194.76,62.12,1074296.16,66735277.4592,770490.9,46853551.629,523,2021,249,61.5728674333828
2021-12-23,2021-12-22,Prod. Sold Negotiated,6019,60.7,206.88,60.7,1245210.72,75584290.704,1074296.16,66735277.4592,524,2021,250,61.35768313099377
2021-12-23,2021-12-22,Prod. Sold Swine or Pork Market Formula,117229,71.7,215.33,71.7,25242920.57,1809917404.869,25957071.28,1883445092.0768,524,2021,250,72.13599775105824
2021-12-27,2021-12-23,Prod. Sold Negotiated,6353,61.23,202.45,61.23,1286164.85,78751873.7655,1245210.72,75584290.704,531,2021,251,60.96928733080095
2021-12-27,2021-12-23,Prod. Sold Swine or Pork Market Formula,128040,71.61,215.58,71.61,27602863.200000003,1976641033.752,25242920.57,1809917404.869,531,2021,251,71.65299042779246
2021-12-28,2021-12-27,Prod. Sold Swine or Pork Market Formula,119990,73.08,215.63,73.08,25873443.7,1890831265.596,27602863.200000003,1976641033.752,532,2021,252,72.32123015862189
2021-12-28,2021-12-27,Prod. Sold Negotiated,6010,61.31,209.39,61.31,1258433.9,77154582.409,1286164.85,78751873.7655,532,2021,252,61.26956408137039
2021-12-29,2021-12-28,Prod. Sold Negotiated,4776,60.62,209.01,60.62,998231.76,60512809.2912,1258433.9,77154582.409,533,2021,253,61.0047798131514
2021-12-29,2021-12-28,Prod. Sold Swine or Pork Market Formula,126786,72.3,216.79,72.3,27485936.94,1987233240.762,25873443.7,1890831265.596,533,2021,253,72.67821439911675
2021-12-30,2021-12-29,Prod. Sold Negotiated,6625,62.62,201.97,62.61999999999999,1338051.25,83788769.27499999,998231.76,60512809.2912,534,2021,254,61.76545305022785
2021-12-30,2021-12-29,Prod. Sold Swine or Pork Market Formula,124480,72.05,217.17,72.05,27033321.6,1947750821.28,27485936.94,1987233240.762,534,2021,254,72.17603774187354
2022-01-03,2021-12-30,Prod. Sold Negotiated,10921,62.73,201.54,62.73,2201018.34,138069880.4682,1338051.25,83788769.27499999,21,2022,1,62.688411205612944
2022-01-03,2021-12-30,Prod. Sold Swine or Pork Market Formula,215205,72.43,217.72,72.43,46854432.6,3393666553.2180004,27033321.6,1947750821.28,21,2022,1,72.2909693538635
2022-01-04,2022-01-03,Prod. Sold Swine or Pork Market Formula,111772,74.47,217.79,74.47,24342823.88,1812810094.3436,46854432.6,3393666553.2180004,22,2022,2,73.12748980747801
2022-01-04,2022-01-03,Prod. Sold Negotiated,3919,66.12,196.36,66.12,769534.84,50881643.62080001,2201018.34,138069880.4682,22,2022,2,63.608194379809085
2022-01-05,2022-01-04,Prod. Sold Swine or Pork Market Formula,122609,73.72,217.77,73.72,26700561.93,1968365425.4796,24342823.88,1812810094.3436,23,2022,3,74.07767842630892
2022-01-05,2022-01-04,Prod. Sold Negotiated,2405,64.08,193.9,64.08,466329.5,29882394.36,769534.84,50881643.62080001,23,2022,3,65.35024546529111
2022-01-06,2022-01-05,Prod. Sold Negotiated,2978,63.83,199.93,63.83,595391.54,38003841.9982,466329.5,29882394.36,24,2022,4,63.93980509061024
2022-01-06,2022-01-05,Prod. Sold Swine or Pork Market Formula,120612,73.8,217.3,73.8,26208987.6,1934223284.88,26700561.93,1968365425.4796,24,2022,4,73.75962836627085
2022-01-07,2022-01-06,Prod. Sold Negotiated,6355,66.11,208.38,66.11,1324254.9,87546491.439,595391.54,38003841.9982,25,2022,5,65.40284232611084
2022-01-07,2022-01-06,Prod. Sold Swine or Pork Market Formula,118305,74.28,219.05,74.28,25914710.25,1924944677.37,26208987.6,1934223284.88,25,2022,5,74.0386450200789
2022-01-10,2022-01-07,Prod. Sold Swine or Pork Market Formula,190362,75.43,219.38,75.43,41761615.56,3150078661.6908007,25914710.25,1924944677.37,31,2022,6,74.98964044396902
2022-01-10,2022-01-07,Prod. Sold Negotiated,5118,66.72,199.27,66.72,1019863.86,68045316.73920001,1324254.9,87546491.439,31,2022,6,66.37539481071344
2022-01-11,2022-01-10,Prod. Sold Negotiated,3430,64.16,215.84,64.16,740331.2,47499649.792,1019863.86,68045316.73920001,32,2022,7,65.64327395124039
2022-01-11,2022-01-10,Prod. Sold Swine or Pork Market Formula,110997,75.31,216.31,75.31,24009761.07,1808175106.1817,41761615.56,3150078661.6908007,32,2022,7,75.38619414590319
2022-01-12,2022-01-11,Prod. Sold Negotiated,4047,65.45,223.12,65.45,902966.64,59099166.58800001,740331.2,47499649.792,33,2022,8,64.86883496420832
2022-01-12,2022-01-11,Prod. Sold Swine or Pork Market Formula,115941,75.49,216.75,75.49,25130211.75,1897079685.0075,24009761.07,1808175106.1817,33,2022,8,75.40205210860756
2022-01-13,2022-01-12,Prod. Sold Negotiated,3974,65.98,223.34,65.98,887553.16,58560757.496800005,902966.64,59099166.58800001,34,2022,9,65.7127187785357
2022-01-13,2022-01-12,Prod. Sold Swine or Pork Market Formula,115633,74.35,217.85,74.35,25190649.05,1872924756.8675,25130211.75,1897079685.0075,34,2022,9,74.91931540795503
2022-01-14,2022-01-13,Prod. Sold Swine or Pork Market Formula,125207,74.87,218.53,74.87,27361485.71,2048554435.1077,25190649.05,1872924756.8675,35,2022,10,74.62074014469968
2022-01-14,2022-01-13,Prod. Sold Negotiated,5136,66.9,215.93,66.9,1109016.48,74193202.51200001,887553.16,58560757.496800005,35,2022,10,66.49102407907996
2022-01-17,2022-01-14,Prod. Sold Negotiated,4632,65.88,211.37,65.88,979065.84,64500857.53919999,1109016.48,74193202.51200001,41,2022,11,66.42173956589988
2022-01-17,2022-01-14,Prod. Sold Swine or Pork Market Formula,166383,77.22,218.52,77.22,36358013.16,2807565776.2152004,27361485.71,2048554435.1077,41,2022,11,76.21089772269423
2022-01-18,2022-01-17,Prod. Sold Negotiated,2939,65.1,217.4,65.1,638938.6,41594902.85999999,979065.84,64500857.53919999,42,2022,12,65.57198347317266
2022-01-18,2022-01-17,Prod. Sold Swine or Pork Market Formula,106580,76.86,217.15,76.86,23143847.0,1778836080.42,36358013.16,2807565776.2152004,42,2022,12,77.07997437899257
2022-01-19,2022-01-18,Prod. Sold Swine or Pork Market Formula,120384,77.51,217.55,77.51,26189539.200000003,2029951183.3920004,23143847.0,1778836080.42,43,2022,13,77.205064504816
2022-01-19,2022-01-18,Prod. Sold Negotiated,4057,65.33,219.39,65.33,890065.23,58147961.4759,638938.6,41594902.85999999,43,2022,13,65.23388782871785
2022-01-20,2022-01-19,Prod. Sold Swine or Pork Market Formula,117598,76.87,218.01,76.87,25637539.98,1970757698.2626,26189539.200000003,2029951183.3920004,44,2022,14,77.1934082520797
2022-01-20,2022-01-19,Prod. Sold Negotiated,4277,65.03,213.11,65.03,911471.4700000002,59272989.69410001,890065.23,58147961.4759,44,2022,14,65.17821766828285
2022-01-21,2022-01-20,Prod. Sold Swine or Pork Market Formula,119632,78.99,218.82,78.99,26177874.24,2067790286.2176,25637539.98,1970757698.2626,45,2022,15,77.94105374383707
2022-01-21,2022-01-20,Prod. Sold Negotiated,4554,66.26,214.59,66.26,977242.86,64752111.90360001,911471.4700000002,59272989.69410001,45,2022,15,65.66641636996528
2022-01-24,2022-01-21,Prod. Sold Swine or Pork Market Formula,186036,78.46,219.52,78.46,40838622.72,3204198338.6112,26177874.24,2067790286.2176,51,2022,16,78.66702773162673
2022-01-24,2022-01-21,Prod. Sold Negotiated,4147,64.3,199.06,64.3,825501.82,53079767.026,977242.86,64752111.90360001,51,2022,16,65.36248878548902
2022-01-25,2022-01-24,Prod. Sold Swine or Pork Market Formula,115286,79.22,217.14,79.22,25033202.04,1983130265.6088,40838622.72,3204198338.6112,52,2022,17,78.7488220209432
2022-01-25,2022-01-24,Prod. Sold Negotiated,3607,67.85,204.47,67.85,737523.29,50040955.2265,825501.82,53079767.026,52,2022,17,65.97508996672484
2022-01-26,2022-01-25,Prod. Sold Negotiated,4709,68.99,216.63,68.99,1020110.67,70377435.12329999,737523.29,50040955.2265,53,2022,18,68.51164297587877
2022-01-26,2022-01-25,Prod. Sold Swine or Pork Market Formula,123934,79.89,216.13,79.89,26785855.42,2139921989.5038,25033202.04,1983130265.6088,53,2022,18,79.56633055889242
2022-01-27,2022-01-26,Prod. Sold Swine or Pork Market Formula,118415,80.37,217.64,80.37,25771840.6,2071282829.022,26785855.42,2139921989.5038,54,2022,19,80.12536959236746
2022-01-27,2022-01-26,Prod. Sold Negotiated,3658,68.37,212.89,68.37,778751.62,53243248.2594,1020110.67,70377435.12329999,54,2022,19,68.72159368169311
2022-01-28,2022-01-27,Prod. Sold Negotiated,5681,73.99,212.26,73.99,1205849.06,89220771.9494,778751.62,53243248.2594,55,2022,20,71.78472810399317
2022-01-28,2022-01-27,Prod. Sold Swine or Pork Market Formula,127597,81.46,218.56,81.46,27887600.32,2271723922.0672,25771840.6,2071282829.022,55,2022,20,80.93648902462697
2022-01-31,2022-01-28,Prod. Sold Swine or Pork Market Formula,168262,83.27,218.02,83.27,36684481.24,3054716752.8548,27887600.32,2271723922.0672,61,2022,21,82.48829132095891
2022-01-31,2022-01-28,Prod. Sold Negotiated,6310,73.44,223.59,73.44,1410852.9,103613036.976,1205849.06,89220771.9494,61,2022,21,73.69345530103854
2022-02-01,2022-01-31,Prod. Sold Negotiated,2643,77.1,210.58,77.1,556562.9400000001,42911002.674,1410852.9,103613036.976,62,2022,22,74.47537865202915
2022-02-01,2022-01-31,Prod. Sold Swine or Pork Market Formula,123632,83.59,216.08,83.59,26714402.56,2233056909.9904003,36684481.24,3054716752.8548,62,2022,22,83.40483847517203
2022-02-02,2022-02-01,Prod. Sold Swine or Pork Market Formula,116174,83.41,216.63,83.41,25166773.62,2099160587.6442,26714402.56,2233056909.9904003,63,2022,23,83.50268472334005
2022-02-02,2022-02-01,Prod. Sold Negotiated,4636,75.44,207.73,75.44,963036.28,72651456.9632,556562.9400000001,42911002.674,63,2022,23,76.04798562426218
2022-02-03,2022-02-02,Prod. Sold Negotiated,3498,76.59,220.36,76.59,770819.28,59037048.655200005,963036.28,72651456.9632,64,2022,24,75.95125491214505
2022-02-03,2022-02-02,Prod. Sold Swine or Pork Market Formula,103869,83.81,216.39,83.81,22476212.91,1883731403.9871,25166773.62,2099160587.6442,64,2022,24,83.59870532304558
2022-02-04,2022-02-03,Prod. Sold Swine or Pork Market Formula,97487,85.24,218.16,85.24,21267763.92,1812864196.5408,22476212.91,1883731403.9871,65,2022,25,84.50524777145417
2022-02-04,2022-02-03,Prod. Sold Negotiated,5277,81.61,220.25,81.61,1162259.25,94851977.3925,770819.28,59037048.655200005,65,2022,25,79.608264051073
2022-02-07,2022-02-04,Prod. Sold Swine or Pork Market Formula,164866,86.67,216.66,86.67,35719867.56,3095840921.4252005,21267763.92,1812864196.5408,71,2022,26,86.13632450558549
2022-02-07,2022-02-04,Prod. Sold Negotiated,7986,79.59,208.44,79.59,1664601.84,132485660.44560002,1162259.25,94851977.3925,71,2022,26,80.42051965068437
2022-02-08,2022-02-07,Prod. Sold Negotiated,3397,84.36,209.74,84.36,712486.78,60105384.7608,1664601.84,132485660.44560002,72,2022,27,81.0197161292203
2022-02-08,2022-02-07,Prod. Sold Swine or Pork Market Formula,123340,87.06,216.93,87.06,26756146.2,2329390088.172,35719867.56,3095840921.4252005,72,2022,27,86.83702245213796
2022-02-09,2022-02-08,Prod. Sold Swine or Pork Market Formula,122527,87.62,216.74,87.62,26556501.98,2326880703.4876003,26756146.2,2329390088.172,73,2022,28,87.33895146117275
2022-02-09,2022-02-08,Prod. Sold Negotiated,5389,83.73,216.86,83.73,1168658.54,97851779.55420002,712486.78,60105384.7608,73,2022,28,83.96861350137479
2022-02-10,2022-02-09,Prod. Sold Negotiated,4732,84.23,210.47,84.23,995944.04,83888366.48920001,1168658.54,97851779.55420002,74,2022,29,83.96005240065824
2022-02-10,2022-02-09,Prod. Sold Swine or Pork Market Formula,123822,88.16,216.3,88.16,26782698.6,2361162708.576,26556501.98,2326880703.4876003,74,2022,29,87.89114499442691
2022-02-11,2022-02-10,Prod. Sold Negotiated,7766,86.77,213.73,86.77000000000001,1659827.18,144023204.4086,995944.04,83888366.48920001,75,2022,30,85.8174714679678
2022-02-11,2022-02-10,Prod. Sold Swine or Pork Market Formula,131771,89.92,215.82,89.92,28438817.22,2557218444.4224,26782698.6,2361162708.576,75,2022,30,89.06639160414122
2022-02-14,2022-02-11,Prod. Sold Swine or Pork Market Formula,160136,91.34,217.01,91.34,34751113.36,3174166694.3024,28438817.22,2557218444.4224,81,2022,31,90.70092475364768
2022-02-14,2022-02-11,Prod. Sold Negotiated,6947,86.5,215.82,86.5,1499301.54,129689583.21,1659827.18,144023204.4086,81,2022,31,86.6418597905691
2022-02-15,2022-02-14,Prod. Sold Negotiated,4591,88.9,209.03,88.9,959656.73,85313483.297,1499301.54,129689583.21,82,2022,32,87.43664710788282
2022-02-15,2022-02-14,Prod. Sold Swine or Pork Market Formula,124395,92.88,216.57,92.88,26940225.15,2502208111.932,34751113.36,3174166694.3024,82,2022,32,92.0125084547205
2022-02-16,2022-02-15,Prod. Sold Swine or Pork Market Formula,132821,94.17,215.9,94.17,28676053.9,2700423995.7630005,26940225.15,2502208111.932,83,2022,33,93.54513096817827
2022-02-16,2022-02-15,Prod. Sold Negotiated,3647,84.57,212.31,84.57,774294.57,65482091.7849,959656.73,85313483.297,83,2022,33,86.96644195364657
2022-02-17,2022-02-16,Prod. Sold Swine or Pork Market Formula,121548,94.92,215.28,94.92,26166853.44,2483757728.5248003,28676053.9,2700423995.7630005,84,2022,34,94.527842810162
2022-02-17,2022-02-16,Prod. Sold Negotiated,4923,86.48,206.36,86.48,1015910.28,87855921.0144,774294.57,65482091.7849,84,2022,34,85.65389195504636
2022-02-18,2022-02-17,Prod. Sold Swine or Pork Market Formula,117245,96.19,216.49,96.19,25382370.05,2441530175.1095,26166853.44,2483757728.5248003,85,2022,35,95.54533647999088
2022-02-18,2022-02-17,Prod. Sold Negotiated,5501,88.67,207.19,88.67,1139752.19,101061826.6873,1015910.28,87855921.0144,85,2022,35,87.63790729338996
2022-02-21,2022-02-18,Prod. Sold Swine or Pork Market Formula,169755,98.29,216.31,98.29,36719704.05,3609179711.0745,25382370.05,2441530175.1095,91,2022,36,97.43168765089604
2022-02-21,2022-02-18,Prod. Sold Negotiated,6384,89.72,206.04,89.72,1315359.36,118014041.7792,1139752.19,101061826.6873,91,2022,36,89.23255176185374
2022-02-22,2022-02-21,Prod. Sold Swine or Pork Market Formula,120914,98.55,215.42,98.54999999999998,26047293.88,2566960811.874,36719704.05,3609179711.0745,92,2022,37,98.3978958151918
2022-02-22,2022-02-21,Prod. Sold Negotiated,4303,93.58,203.25,93.58,874584.75,81843640.905,1315359.36,118014041.7792,92,2022,37,91.26154488216595
2022-02-23,2022-02-22,Prod. Sold Swine or Pork Market Formula,123709,98.22,215.98,98.22,26718669.82,2624307749.7204,26047293.88,2566960811.874,93,2022,38,98.38290059685576
2022-02-23,2022-02-22,Prod. Sold Negotiated,4329,90.29,221.97,90.29,960908.13,86760395.0577,874584.75,81843640.905,93,2022,38,91.85763551569866
2022-02-24,2022-02-23,Prod. Sold Swine or Pork Market Formula,123419,98.36,215.43,98.36,26588155.17,2615210942.5212,26718669.82,2624307749.7204,94,2022,39,98.2898286143378
2022-02-24,2022-02-23,Prod. Sold Negotiated,4805,92.47,210.08,92.47,1009434.4,93342398.968,960908.13,86760395.0577,94,2022,39,91.40684489295373
2022-02-25,2022-02-24,Prod. Sold Negotiated,4120,90.28,214.8,90.28,884976.0,79895633.28,1009434.4,93342398.968,95,2022,40,91.44693897795325
2022-02-25,2022-02-24,Prod. Sold Swine or Pork Market Formula,130810,98.91,216.98,98.91,28383153.8,2807377742.358,26588155.17,2615210942.5212,95,2022,40,98.64397967744446
2022-02-28,2022-02-25,Prod. Sold Swine or Pork Market Formula,148818,99.82,215.51,99.82,32071767.18,3201403799.9076,28383153.8,2807377742.358,101,2022,41,99.3927614966771
2022-02-28,2022-02-25,Prod. Sold Negotiated,7926,92.66,211.69,92.66,1677854.94,155470038.7404,884976.0,79895633.28,101,2022,41,91.83815769775276
2022-03-01,2022-02-28,Prod. Sold Swine or Pork Market Formula,120986,100.08,212.54,100.07999999999998,25714364.44,2573493593.1551995,32071767.18,3201403799.9076,102,2022,42,99.9356979117129
2022-03-01,2022-02-28,Prod. Sold Negotiated,4194,94.58,204.29,94.58,856792.26,81035411.9508,1677854.94,155470038.7404,102,2022,42,93.3090217412506
2022-03-02,2022-03-01,Prod. Sold Negotiated,3174,95.6,216.28,95.6,686472.72,65626792.03199999,856792.26,81035411.9508,103,2022,43,95.0337148081984
2022-03-02,2022-03-01,Prod. Sold Swine or Pork Market Formula,122401,99.89,214.33,99.88999999999999,26234206.33,2620534870.3037,25714364.44,2573493593.1551995,103,2022,43,99.98404934863811
2022-03-03,2022-03-02,Prod. Sold Negotiated,4345,95.63,209.6,95.63,910712.0,87091388.56,686472.72,65626792.03199999,104,2022,44,95.61710594877216
2022-03-03,2022-03-02,Prod. Sold Swine or Pork Market Formula,125349,99.75,214.54,99.75,26892374.46,2682514352.385,26234206.33,2620534870.3037,104,2022,44,99.81913279250396
2022-03-04,2022-03-03,Prod. Sold Negotiated,4129,96.44,202.68,96.44,836865.72,80707330.0368,910712.0,87091388.56,105,2022,45,96.017886172639
2022-03-04,2022-03-03,Prod. Sold Swine or Pork Market Formula,129699,99.61,216.75,99.61,28112258.25,2800262044.2825,26892374.46,2682514352.385,105,2022,45,99.67844755139537
2022-03-07,2022-03-04,Prod. Sold Negotiated,5432,95.91,203.68,95.91,1106389.76,106113841.8816,836865.72,80707330.0368,111,2022,46,96.13824524935856
2022-03-07,2022-03-04,Prod. Sold Swine or Pork Market Formula,138062,99.17,216.73,99.17,29922177.26,2967382318.8742,28112258.25,2800262044.2825,111,2022,46,99.38313886352643
2022-03-08,2022-03-07,Prod. Sold Swine or Pork Market Formula,117512,98.87,215.65,98.87,25341462.8,2505510427.0360003,29922177.26,2967382318.8742,112,2022,47,99.03243325934113
2022-03-08,2022-03-07,Prod. Sold Negotiated,4382,100.47,208.17,100.47,912200.94,91648828.4418,1106389.76,106113841.8816,112,2022,47,97.97066355423118
2022-03-09,2022-03-08,Prod. Sold Swine or Pork Market Formula,128036,99.52,214.77,99.52,27498291.720000003,2736629991.9744,25341462.8,2505510427.0360003,113,2022,48,99.20826594730366
2022-03-09,2022-03-08,Prod. Sold Negotiated,4723,100.74,210.49,100.74,994144.27,100150093.7598,912200.94,91648828.4418,113,2022,48,100.61080290993048
2022-03-10,2022-03-09,Prod. Sold Swine or Pork Market Formula,123583,100.27,215.8,100.27,26669211.4,2674121827.078,27498291.720000003,2736629991.9744,114,2022,49,99.88926030180288
2022-03-10,2022-03-09,Prod. Sold Negotiated,4912,99.98,202.75,99.98,995908.0,99570881.84,994144.27,100150093.7598,114,2022,49,100.35966321618277
2022-03-11,2022-03-10,Prod. Sold Swine or Pork Market Formula,125625,101.18,216.17,101.18,27156356.25,2747680125.375,26669211.4,2674121827.078,115,2022,50,100.7291179483362
2022-03-11,2022-03-10,Prod. Sold Negotiated,4799,102.96,209.62,102.96,1005966.38,103574298.4848,995908.0,99570881.84,115,2022,50,101.47748647684878
2022-03-14,2022-03-11,Prod. Sold Swine or Pork Market Formula,152109,100.44,216.3,100.44,32901176.700000003,3304594187.748,27156356.25,2747680125.375,121,2022,51,100.77460754443128
2022-03-14,2022-03-11,Prod. Sold Negotiated,5767,101.85,207.95,101.85,1199247.65,122143373.1525,1005966.38,103574298.4848,121,2022,51,102.3563556945536
2022-03-15,2022-03-14,Prod. Sold Swine or Pork Market Formula,118717,100.3,215.41,100.3,25572828.97,2564954745.691,32901176.700000003,3304594187.748,122,2022,52,100.37877286129488
2022-03-15,2022-03-14,Prod. Sold Negotiated,5076,104.34,201.03,104.34,1020428.28,106471486.7352,1199247.65,122143373.1525,122,2022,52,102.99470152280294
2022-03-16,2022-03-15,Prod. Sold Swine or Pork Market Formula,125796,100.16,215.3,100.16,27083878.8,2712721300.608,25572828.97,2564954745.691,123,2022,53,100.22799126279293
2022-03-16,2022-03-15,Prod. Sold Negotiated,6049,104.98,207.32,104.98,1254078.68,131653179.8264,1020428.28,106471486.7352,123,2022,53,104.69287223530851
2022-03-17,2022-03-16,Prod. Sold Negotiated,4188,106.47,206.98,106.46999999999998,866832.24,92291628.5928,1254078.68,131653179.8264,124,2022,54,105.58897420321642
2022-03-17,2022-03-16,Prod. Sold Swine or Pork Market Formula,119231,101.01,215.01,101.01,25635857.31,2589477946.8831,27083878.8,2712721300.608,124,2022,54,100.57332677895114
2022-03-18,2022-03-17,Prod. Sold Negotiated,6977,105.22,209.1,105.22,1458890.7,153504479.454,866832.24,92291628.5928,125,2022,55,105.68589397273608
2022-03-18,2022-03-17,Prod. Sold Swine or Pork Market Formula,126488,101.33,216.88,101.32999999999998,27432717.44,2779757258.1951995,25635857.31,2589477946.8831,125,2022,55,101.1754174739411
2022-03-21,2022-03-18,Prod. Sold Negotiated,7038,108.73,202.89,108.73000000000002,1427939.8199999998,155259896.6286,1458890.7,153504479.454,131,2022,56,106.9561839337212
2022-03-21,2022-03-18,Prod. Sold Swine or Pork Market Formula,139646,101.73,216.35,101.73,30212412.1,3073508682.933,27432717.44,2779757258.1951995,131,2022,56,101.53964416137906
2022-03-22,2022-03-21,Prod. Sold Negotiated,5817,107.73,201.46,107.73,1171892.82,126248013.4986,1427939.8199999998,155259896.6286,132,2022,57,108.2792429774249
2022-03-22,2022-03-21,Prod. Sold Swine or Pork Market Formula,119379,101.15,215.68,101.15,25747662.720000003,2604376084.1280003,30212412.1,3073508682.933,132,2022,57,101.46313751946126
2022-03-23,2022-03-22,Prod. Sold Negotiated,4360,108.91,212.05,108.91,924538.0,100691433.58,1171892.82,126248013.4986,133,2022,58,108.25038675905364
2022-03-23,2022-03-22,Prod. Sold Swine or Pork Market Formula,124371,100.71,214.87,100.71,26723596.77,2691333430.7067,25747662.720000003,2604376084.1280003,133,2022,58,100.92590813155454
2022-03-24,2022-03-23,Prod. Sold Negotiated,6619,110.54,203.57,110.54,1347429.8299999998,148944893.4082,924538.0,100691433.58,134,2022,59,109.8766997014214
2022-03-24,2022-03-23,Prod. Sold Swine or Pork Market Formula,125030,101.58,215.44,101.58,26936463.2,2736205931.856,26723596.77,2691333430.7067,134,2022,59,101.14672562045406
2022-03-25,2022-03-24,Prod. Sold Negotiated,6032,107.6,202.28,107.6,1220152.96,131288458.496,1347429.8299999998,148944893.4082,135,2022,60,109.1428689254456
2022-03-25,2022-03-24,Prod. Sold Swine or Pork Market Formula,122833,102.27,216.93,102.27,26646162.69,2725103058.3063,26936463.2,2736205931.856,135,2022,60,101.92313085539789
2022-03-28,2022-03-25,Prod. Sold Swine or Pork Market Formula,139083,103.03,215.8,103.03,30014111.4,3092353897.5420003,26646162.69,2725103058.3063,141,2022,61,102.67258761593295
2022-03-28,2022-03-25,Prod. Sold Negotiated,6289,109.45,214.59,109.45000000000002,1349556.51,147708960.01950002,1220152.96,131288458.496,141,2022,61,108.57158047345332
2022-03-29,2022-03-28,Prod. Sold Swine or Pork Market Formula,122012,103.53,216.09,103.53,26365573.08,2729627780.9724,30014111.4,3092353897.5420003,142,2022,62,103.26382157352576
2022-03-29,2022-03-28,Prod. Sold Negotiated,9490,108.04,202.58,108.04,1922484.2,207705192.968,1349556.51,147708960.01950002,142,2022,62,108.62155593030506
2022-03-30,2022-03-29,Prod. Sold Swine or Pork Market Formula,128554,103.3,216.47,103.3,27828084.38,2874641116.454,26365573.08,2729627780.9724,143,2022,63,103.41189652244591
2022-03-30,2022-03-29,Prod. Sold Negotiated,5810,107.74,212.61,107.74,1235264.1,133087354.134,1922484.2,207705192.968,143,2022,63,107.9226444685284
2022-03-31,2022-03-30,Prod. Sold Swine or Pork Market Formula,119799,102.43,216.17,102.43,25896949.83,2652624571.0869,27828084.38,2874641116.454,144,2022,64,102.88063597942006
2022-03-31,2022-03-30,Prod. Sold Negotiated,7784,107.64,213.24,107.64,1659860.16,178667347.62240002,1235264.1,133087354.134,144,2022,64,107.68266704946195
2022-04-01,2022-03-31,Prod. Sold Swine or Pork Market Formula,126857,102.09,217.09,102.09,27539386.13,2811495930.0117,25896949.83,2652624571.0869,145,2022,65,102.25477482566905
2022-04-01,2022-03-31,Prod. Sold Negotiated,9184,108.57,211.49,108.57,1942324.16,210878134.0512,1659860.16,178667347.62240002,145,2022,65,108.1414628093212
2022-04-04,2022-04-01,Prod. Sold Swine or Pork Market Formula,135616,102.06,216.66,102.06,29382562.56,2998784334.8736,27539386.13,2811495930.0117,151,2022,66,102.07451428847595
2022-04-04,2022-04-01,Prod. Sold Negotiated,6945,107.62,199.21,107.62,1383513.45,148893717.489,1942324.16,210878134.0512,151,2022,66,108.17480999627035
2022-04-05,2022-04-04,Prod. Sold Negotiated,5369,106.51,208.57,106.51,1119812.33,119271211.2683,1383513.45,148893717.489,152,2022,67,107.12346387344758
2022-04-05,2022-04-04,Prod. Sold Swine or Pork Market Formula,124929,100.72,215.7,100.72,26947185.3,2714120503.416,29382562.56,2998784334.8736,152,2022,67,101.41896698150072
2022-04-06,2022-04-05,Prod. Sold Swine or Pork Market Formula,126446,100.99,215.55,100.99,27255435.3,2752526410.947,26947185.3,2714120503.416,153,2022,68,100.85576774424446
2022-04-06,2022-04-05,Prod. Sold Negotiated,5211,106.63,211.44,106.63,1101813.84,117486409.7592,1119812.33,119271211.2683,153,2022,68,106.56951391038936
2022-04-07,2022-04-06,Prod. Sold Negotiated,2369,105.52,187.97,105.52,445300.93,46988154.1336,1101813.84,117486409.7592,154,2022,69,106.31051236929244
2022-04-07,2022-04-06,Prod. Sold Swine or Pork Market Formula,119443,100.02,215.62,100.02,25754299.66,2575945051.9932,27255435.3,2752526410.947,154,2022,69,100.51873428457904
2022-04-08,2022-04-07,Prod. Sold Negotiated,5750,104.72,199.45,104.72,1146837.5,120096823.0,445300.93,46988154.1336,155,2022,70,104.94374985572078
2022-04-08,2022-04-07,Prod. Sold Swine or Pork Market Formula,129528,99.82,217.2,99.82,28133481.6,2808284133.312,25754299.66,2575945051.9932,155,2022,70,99.9155849324571
2022-04-11,2022-04-08,Prod. Sold Negotiated,7976,105.19,200.37,105.19,1598151.12,168109516.31280002,1146837.5,120096823.0,161,2022,71,104.99363720961438
2022-04-11,2022-04-08,Prod. Sold Swine or Pork Market Formula,142676,98.99,217.09,98.99,30973532.84,3066070015.8316,28133481.6,2808284133.312,161,2022,71,99.38505953649043
2022-04-12,2022-04-11,Prod. Sold Swine or Pork Market Formula,133125,98.75,215.29,98.75,28660481.25,2830222523.4375,30973532.84,3066070015.8316,162,2022,72,98.87465449450345
2022-04-12,2022-04-11,Prod. Sold Negotiated,4055,103.76,199.11,103.76,807391.05,83774895.348,1598151.12,168109516.31280002,162,2022,72,104.71003784597968
2022-04-13,2022-04-12,Prod. Sold Negotiated,4212,102.36,208.78,102.36,879381.36,90013476.0096,807391.05,83774895.348,163,2022,73,103.03012447162328
2022-04-13,2022-04-12,Prod. Sold Swine or Pork Market Formula,135823,99.39,215.83,99.39,29314678.09,2913585855.3651,28660481.25,2830222523.4375,163,2022,73,99.07361090838185
2022-04-14,2022-04-13,Prod. Sold Negotiated,4411,100.6,214.4,100.6,945718.4,95139271.04,879381.36,90013476.0096,164,2022,74,101.44801457296778
2022-04-14,2022-04-13,Prod. Sold Swine or Pork Market Formula,132456,99.68,216.14,99.68,28629039.84,2853742691.2512,29314678.09,2913585855.3651,164,2022,74,99.53328423943438
2022-04-15,2022-04-14,Prod. Sold Negotiated,6434,102.38,213.59,102.38,1374238.06,140694492.5828,945718.4,95139271.04,165,2022,75,101.65439209268608
2022-04-15,2022-04-14,Prod. Sold Swine or Pork Market Formula,134886,100.14,217.09,100.14,29282401.74,2932339710.2436004,28629039.84,2853742691.2512,165,2022,75,99.91259487992184
2022-04-18,2022-04-15,Prod. Sold Negotiated,4964,102.84,197.93,102.84,982524.52,101042821.6368,1374238.06,140694492.5828,171,2022,76,102.57177208728424
2022-04-18,2022-04-15,Prod. Sold Swine or Pork Market Formula,118789,100.33,216.58,100.33,25727321.62,2581222178.1346,29282401.74,2932339710.2436004,171,2022,76,100.22886049245896
2022-04-19,2022-04-18,Prod. Sold Negotiated,2757,101.16,205.14,101.16,565570.98,57213160.3368,982524.52,101042821.6368,172,2022,77,102.22623990160814
2022-04-19,2022-04-18,Prod. Sold Swine or Pork Market Formula,97211,100.58,215.23,100.58,20922723.53,2104407532.6474,25727321.62,2581222178.1346,172,2022,77,100.44212595541292
2022-04-20,2022-04-19,Prod. Sold Negotiated,3063,103.11,195.79,103.11,599704.77,61835558.8347,565570.98,57213160.3368,173,2022,78,102.16356014574232
2022-04-20,2022-04-19,Prod. Sold Swine or Pork Market Formula,134040,101.14,215.59,101.14,28897683.6,2922711719.3040004,20922723.53,2104407532.6474,173,2022,78,100.90482076619271
2022-04-21,2022-04-20,Prod. Sold Swine or Pork Market Formula,126755,101.34,216.62,101.34,27457668.1,2782560085.254,28897683.6,2922711719.3040004,174,2022,79,101.23744475820564
2022-04-21,2022-04-20,Prod. Sold Negotiated,3577,100.84,205.67,100.84000000000002,735681.59,74186131.5356,599704.77,61835558.8347,174,2022,79,101.85942768675577
2022-04-22,2022-04-21,Prod. Sold Swine or Pork Market Formula,127099,102.02,216.45,102.02,27510578.55,2806629223.6709995,27457668.1,2782560085.254,175,2022,80,101.68032727172678
2022-04-22,2022-04-21,Prod. Sold Negotiated,6685,101.84,204.19,101.84,1365010.15,139012633.676,735681.59,74186131.5356,175,2022,80,101.48979079224638
2022-04-25,2022-04-22,Prod. Sold Negotiated,5438,101.62,206.0,101.62,1120228.0,113837569.36,1365010.15,139012633.676,181,2022,81,101.74083438884922
2022-04-25,2022-04-22,Prod. Sold Swine or Pork Market Formula,145099,102.99,216.49,102.99,31412482.51,3235171573.7049,27510578.55,2806629223.6709995,181,2022,81,102.53711685521009
2022-04-26,2022-04-25,Prod. Sold Swine or Pork Market Formula,116662,102.63,215.54,102.63,25145327.48,2580664959.2724,31412482.51,3235171573.7049,182,2022,82,102.82994574941284
2022-04-26,2022-04-25,Prod. Sold Negotiated,5368,106.98,206.72,106.98,1109672.96,118712813.2608,1120228.0,113837569.36,182,2022,82,104.2873144557954
2022-04-27,2022-04-26,Prod. Sold Swine or Pork Market Formula,130982,101.77,215.98,101.77,28289492.36,2879021637.4772,25145327.48,2580664959.2724,183,2022,83,102.17469831652004
2022-04-27,2022-04-26,Prod. Sold Negotiated,4039,106.72,204.06,106.72,824198.34,87958446.8448,1109672.96,118712813.2608,183,2022,83,106.86919036732176
2022-04-28,2022-04-27,Prod. Sold Negotiated,4710,105.17,204.04,105.17,961028.4,101071356.828,824198.34,87958446.8448,184,2022,84,105.88559953611272
2022-04-28,2022-04-27,Prod. Sold Swine or Pork Market Formula,123270,101.57,216.59,101.57,26699049.3,2711822437.401,28289492.36,2879021637.4772,184,2022,84,101.672892317221
2022-04-29,2022-04-28,Prod. Sold Swine or Pork Market Formula,128428,101.68,215.65,101.68,27695498.2,2816078256.9760003,26699049.3,2711822437.401,185,2022,85,101.62600754013076
2022-04-29,2022-04-28,Prod. Sold Negotiated,5011,106.29,201.67,106.29,1010568.37,107413312.0473,961028.4,101071356.828,185,2022,85,105.74407102284916
2022-05-02,2022-04-29,Prod. Sold Negotiated,5850,106.68,205.25,106.68,1200712.5,128092009.5,1010568.37,107413312.0473,191,2022,86,106.50176770502247
2022-05-02,2022-04-29,Prod. Sold Swine or Pork Market Formula,126287,101.11,216.46,101.11,27336084.02,2763951455.2622,27695498.2,2816078256.9760003,191,2022,86,101.39686135010422
2022-05-03,2022-05-02,Prod. Sold Swine or Pork Market Formula,119003,100.61,214.82,100.61,25564224.46,2572016622.9206,27336084.02,2763951455.2622,192,2022,87,100.86837357858067
2022-05-03,2022-05-02,Prod. Sold Negotiated,5474,108.1,210.62,108.1,1152933.88,124632152.428,1200712.5,128092009.5,192,2022,87,107.37558712112056
2022-05-04,2022-05-03,Prod. Sold Swine or Pork Market Formula,133172,100.94,215.2,100.94,28658614.4,2892800537.536,25564224.46,2572016622.9206,193,2022,88,100.7844162229576
2022-05-04,2022-05-03,Prod. Sold Negotiated,4559,106.84,207.55,106.84,946220.45,101094192.878,1152933.88,124632152.428,193,2022,88,107.53203901211018
2022-05-05,2022-05-04,Prod. Sold Negotiated,4293,106.06,196.8,106.06,844862.4,89606106.14400001,946220.45,101094192.878,194,2022,89,106.47207024622004
2022-05-05,2022-05-04,Prod. Sold Swine or Pork Market Formula,125336,100.61,215.28,100.61,26982334.08,2714692631.7888,28658614.4,2892800537.536,194,2022,89,100.77997091189772
2022-05-06,2022-05-05,Prod. Sold Negotiated,3979,106.4,211.86,106.40000000000002,842990.94,89694236.01600003,844862.4,89606106.14400001,195,2022,90,106.22981150720122
2022-05-06,2022-05-05,Prod. Sold Swine or Pork Market Formula,125071,100.87,216.74,100.87,27107888.540000003,2734372717.0298004,26982334.08,2714692631.7888,195,2022,90,100.74030175656542
2022-05-09,2022-05-06,Prod. Sold Negotiated,5693,101.3,206.3,101.3,1174465.9,118973395.67000002,842990.94,89694236.01600003,201,2022,91,103.431026403519
2022-05-09,2022-05-06,Prod. Sold Swine or Pork Market Formula,128511,101.14,216.48,101.14,27820061.28,2813720997.8591995,27107888.540000003,2734372717.0298004,201,2022,91,101.0067503533304
2022-05-10,2022-05-09,Prod. Sold Swine or Pork Market Formula,112256,101.0,214.0,101.0,24022784.0,2426301184.0,27820061.28,2813720997.8591995,202,2022,92,101.07512721491584
2022-05-10,2022-05-09,Prod. Sold Negotiated,5035,101.41,205.29,101.41,1033635.15,104820940.56149998,1174465.9,118973395.67000002,202,2022,92,101.35149214819675
2022-05-11,2022-05-10,Prod. Sold Negotiated,6989,107.39,208.94,107.39,1460281.66,156819647.46739998,1033635.15,104820940.56149998,203,2022,93,104.91151388040888
2022-05-11,2022-05-10,Prod. Sold Swine or Pork Market Formula,126767,101.15,214.26,101.15,27161097.42,2747345004.033,24022784.0,2426301184.0,203,2022,93,101.0795985865075
2022-05-12,2022-05-11,Prod. Sold Swine or Pork Market Formula,117894,100.33,214.04,100.33,25234031.76,2531730406.4808,27161097.42,2747345004.033,204,2022,94,100.75507958722434
2022-05-12,2022-05-11,Prod. Sold Negotiated,4812,106.75,203.83,106.75,980829.96,104703598.23,1460281.66,156819647.46739998,204,2022,94,107.13285027802208
2022-05-13,2022-05-12,Prod. Sold Negotiated,4484,108.09,208.0,108.09,932672.0,100812516.48,980829.96,104703598.23,205,2022,95,107.40313781021683
2022-05-13,2022-05-12,Prod. Sold Swine or Pork Market Formula,132472,100.17,214.13,100.17,28366229.36,2841445194.9912,25234031.76,2531730406.4808,205,2022,95,100.2453251009834
2022-05-16,2022-05-13,Prod. Sold Swine or Pork Market Formula,140139,99.56,214.0,99.56,29989746.0,2985779111.76,28366229.36,2841445194.9912,211,2022,96,99.85651462087395
2022-05-16,2022-05-13,Prod. Sold Negotiated,3756,106.89,203.75,106.89,765285.0,81801313.65,932672.0,100812516.48,211,2022,96,107.54914884770344
2022-05-17,2022-05-16,Prod. Sold Swine or Pork Market Formula,113609,99.43,213.03,99.43000000000002,24202125.27,2406417315.5961003,29989746.0,2985779111.76,212,2022,97,99.50194191469375
2022-05-17,2022-05-16,Prod. Sold Negotiated,6714,111.38,209.72,111.38,1408060.08,156829731.71040002,765285.0,81801313.65,212,2022,97,109.79896729533628
2022-05-18,2022-05-17,Prod. Sold Swine or Pork Market Formula,125537,99.62,213.4,99.62,26789595.8,2668779533.596,24202125.27,2406417315.5961003,213,2022,98,99.5298205805804
2022-05-18,2022-05-17,Prod. Sold Negotiated,6147,109.69,208.78,109.69,1283370.66,140772927.6954,1408060.08,156829731.71040002,213,2022,98,110.57414741640352
2022-05-19,2022-05-18,Prod. Sold Swine or Pork Market Formula,124943,100.38,213.88,100.38,26722808.84,2682435551.3592,26789595.8,2668779533.596,214,2022,99,99.99952573529502
2022-05-19,2022-05-18,Prod. Sold Negotiated,6229,106.44,212.75,106.44,1325219.75,141056390.19,1283370.66,140772927.6954,214,2022,99,108.03893045263476
2022-05-20,2022-05-19,Prod. Sold Negotiated,4803,108.03,209.95,108.03,1008389.85,108936355.4955,1325219.75,141056390.19,215,2022,100,107.12706430651468
2022-05-20,2022-05-19,Prod. Sold Swine or Pork Market Formula,121571,101.45,213.89,101.45,26002821.19,2637986209.7255,26722808.84,2682435551.3592,215,2022,100,100.90769438046485
2022-05-23,2022-05-20,Prod. Sold Negotiated,6460,109.18,207.97,109.18000000000002,1343486.2,146681823.316,1008389.85,108936355.4955,221,2022,101,108.6869262568068
2022-05-23,2022-05-20,Prod. Sold Swine or Pork Market Formula,124842,102.11,213.58,102.11,26663754.360000003,2722635957.6996,26002821.19,2637986209.7255,221,2022,101,101.78414129728054
2022-05-24,2022-05-23,Prod. Sold Negotiated,6600,112.35,210.0,112.35,1386000.0,155717100.0,1343486.2,146681823.316,222,2022,102,110.78968756683948
2022-05-24,2022-05-23,Prod. Sold Swine or Pork Market Formula,109553,103.2,212.5,103.2,23280012.5,2402497290.0,26663754.360000003,2722635957.6996,222,2022,102,102.618075686324
2022-05-25,2022-05-24,Prod. Sold Swine or Pork Market Formula,121529,103.46,213.02,103.46,25888107.58,2678383610.2268,23280012.5,2402497290.0,223,2022,103,103.33689577636584
2022-05-25,2022-05-24,Prod. Sold Negotiated,7141,113.7,212.72,113.7,1519033.52,172714111.224,1386000.0,155717100.0,223,2022,103,113.055911046424
2022-05-26,2022-05-25,Prod. Sold Negotiated,5524,112.27,204.24,112.27,1128221.76,126665456.9952,1519033.52,172714111.224,224,2022,104,113.09055476478264
2022-05-26,2022-05-25,Prod. Sold Swine or Pork Market Formula,119477,104.46,213.61,104.46,25521481.970000003,2665974006.5862,25888107.58,2678383610.2268,224,2022,104,103.95643426826383
2022-05-27,2022-05-26,Prod. Sold Negotiated,7813,113.14,208.84,113.14,1631666.92,184606795.3288,1128221.76,126665456.9952,225,2022,105,112.7843505354716
2022-05-27,2022-05-26,Prod. Sold Swine or Pork Market Formula,131985,104.58,213.35,104.58,28158999.75,2944868193.855,25521481.970000003,2665974006.5862,225,2022,105,104.52294801875335
2022-05-31,2022-05-27,Prod. Sold Negotiated,7144,111.99,208.11,111.99,1486737.84,166499770.70160002,1631666.92,184606795.3288,232,2022,106,112.59172334972963
2022-05-31,2022-05-27,Prod. Sold Swine or Pork Market Formula,115400,104.86,213.42,104.86,24628668.0,2582562126.48,28158999.75,2944868193.855,232,2022,106,104.71063708502255
2022-06-01,2022-05-31,Prod. Sold Negotiated,5256,113.79,206.18,113.79,1083682.08,123312183.88320002,1486737.84,166499770.70160002,233,2022,107,112.74887512729828
2022-06-01,2022-05-31,Prod. Sold Swine or Pork Market Formula,123719,104.19,213.55,104.19,26420192.450000003,2752719851.3655005,24628668.0,2582562126.48,233,2022,107,104.5132434066998
2022-06-02,2022-06-01,Prod. Sold Negotiated,5518,113.08,208.83,113.08,1152323.9400000002,130304791.13520002,1083682.08,123312183.88320002,234,2022,108,113.42410205961788
2022-06-02,2022-06-01,Prod. Sold Swine or Pork Market Formula,129102,105.16,213.68,105.16,27586515.36,2900997955.2576,26420192.450000003,2752719851.3655005,234,2022,108,104.68547400655008
2022-06-03,2022-06-02,Prod. Sold Negotiated,4271,113.21,206.24,113.21,880851.04,99721146.2384,1152323.9400000002,130304791.13520002,235,2022,109,113.13632109204885
2022-06-03,2022-06-02,Prod. Sold Swine or Pork Market Formula,127289,106.42,214.2,106.42,27265303.8,2901573630.396,27586515.36,2900997955.2576,235,2022,109,105.78631072795946
2022-06-06,2022-06-03,Prod. Sold Swine or Pork Market Formula,141738,107.49,215.11,107.49,30489261.180000003,3277290684.2382,27265303.8,2901573630.396,241,2022,110,106.98486460375725
2022-06-06,2022-06-03,Prod. Sold Negotiated,10531,114.26,212.73,114.26,2240259.63,255972065.3238,880851.04,99721146.2384,241,2022,110,113.96366523658068
2022-06-07,2022-06-06,Prod. Sold Swine or Pork Market Formula,118803,107.05,213.4,107.05,25352560.2,2713991569.41,30489261.180000003,3277290684.2382,242,2022,111,107.29023705867166
2022-06-07,2022-06-06,Prod. Sold Negotiated,8820,115.53,207.13,115.53,1826886.6,211060208.898,2240259.63,255972065.3238,242,2022,111,114.83046042871196
2022-06-08,2022-06-07,Prod. Sold Swine or Pork Market Formula,118357,106.8,212.26,106.8,25122456.82,2683078388.376,25352560.2,2713991569.41,243,2022,112,106.92556984473109
2022-06-08,2022-06-07,Prod. Sold Negotiated,6834,116.74,205.89,116.74,1407052.26,164259280.8324,1826886.6,211060208.898,243,2022,112,116.05645807737996
2022-06-09,2022-06-08,Prod. Sold Negotiated,6327,114.9,207.01,114.9,1309752.27,150490535.823,1407052.26,164259280.8324,244,2022,113,115.85294899938935
2022-06-09,2022-06-08,Prod. Sold Swine or Pork Market Formula,122757,106.92,213.3,106.92,26184068.1,2799600561.2520003,25122456.82,2683078388.376,244,2022,113,106.86124149271268
2022-06-10,2022-06-09,Prod. Sold Negotiated,7096,116.78,204.39,116.78,1450351.44,169372041.1632,1309752.27,150490535.823,245,2022,114,115.88788342529344
2022-06-10,2022-06-09,Prod. Sold Swine or Pork Market Formula,128169,106.58,214.57,106.58,27501222.33,2931080275.9314,26184068.1,2799600561.2520003,245,2022,114,106.74582909550632
2022-06-13,2022-06-10,Prod. Sold Negotiated,6268,114.94,212.04,114.94,1329066.72,152762928.7968,1450351.44,169372041.1632,251,2022,115,115.90014579166451
2022-06-13,2022-06-10,Prod. Sold Swine or Pork Market Formula,123186,107.36,212.82,107.36,26216444.52,2814597483.6672,27501222.33,2931080275.9314,251,2022,115,106.96067228017743
2022-06-14,2022-06-13,Prod. Sold Swine or Pork Market Formula,112519,107.78,211.64,107.78,23813521.16,2566621310.6248,26216444.52,2814597483.6672,252,2022,116,107.55991376670478
2022-06-14,2022-06-13,Prod. Sold Negotiated,8691,118.94,207.45,118.94,1802947.95,214442629.173,1329066.72,152762928.7968,252,2022,116,117.24260473205256
2022-06-15,2022-06-14,Prod. Sold Negotiated,6232,118.18,207.41,118.18,1292579.12,152757000.4016,1802947.95,214442629.173,253,2022,117,118.62265173943383
2022-06-15,2022-06-14,Prod. Sold Swine or Pork Market Formula,129236,108.13,211.69,108.13,27357968.84,2958217170.6692,23813521.16,2566621310.6248,253,2022,117,107.96712156112712
2022-06-16,2022-06-15,Prod. Sold Negotiated,6097,116.8,200.0,116.8,1219400.0,142425920.0,1292579.12,152757000.4016,254,2022,118,117.51010111963032
2022-06-16,2022-06-15,Prod. Sold Swine or Pork Market Formula,118831,108.55,211.14,108.55,25089977.34,2723517040.257,27357968.84,2958217170.6692,254,2022,118,108.33091903020636
2022-06-17,2022-06-16,Prod. Sold Swine or Pork Market Formula,115196,107.81,211.44,107.81,24357042.24,2625932723.8944,25089977.34,2723517040.257,255,2022,119,108.18548437477736
2022-06-17,2022-06-16,Prod. Sold Negotiated,4323,116.81,206.64,116.81,893304.72,104346924.3432,1219400.0,142425920.0,255,2022,119,116.80422825164136
2022-06-20,2022-06-17,Prod. Sold Negotiated,10320,118.55,208.64,118.55,2153164.8,255257687.04,893304.72,104346924.3432,261,2022,120,118.03978638959106
2022-06-20,2022-06-17,Prod. Sold Swine or Pork Market Formula,126380,109.38,211.54,109.38,26734425.2,2924211428.376,24357042.24,2625932723.8944,261,2022,120,108.63152754005922
2022-06-21,2022-06-20,Prod. Sold Negotiated,9955,120.37,206.39,120.37,2054612.45,247313700.6065,2153164.8,255257687.04,262,2022,121,119.43868645767786
2022-06-21,2022-06-20,Prod. Sold Swine or Pork Market Formula,105101,110.04,210.49,110.04,22122709.49,2434382952.2796,26734425.2,2924211428.376,262,2022,121,109.67885068692718
2022-06-22,2022-06-21,Prod. Sold Negotiated,8113,118.64,204.86,118.64,1662029.1800000002,197183141.9152,2054612.45,247313700.6065,263,2022,122,119.5963686500762
2022-06-22,2022-06-21,Prod. Sold Swine or Pork Market Formula,118871,110.04,210.0,110.04,24962910.0,2746918616.4,22122709.49,2434382952.2796,263,2022,122,110.04
2022-06-23,2022-06-22,Prod. Sold Negotiated,7072,120.69,206.38,120.69,1459519.36,176149391.55839998,1662029.1800000002,197183141.9152,264,2022,123,119.59850333565532
2022-06-23,2022-06-22,Prod. Sold Swine or Pork Market Formula,114272,110.17,209.22,110.17,23907987.84,2633943020.3328,24962910.0,2746918616.4,264,2022,123,110.1035969167044
2022-06-24,2022-06-23,Prod. Sold Swine or Pork Market Formula,118745,110.42,210.07,110.42,24944762.15,2754400636.603,23907987.84,2633943020.3328,265,2022,124,110.29765280437184
2022-06-24,2022-06-23,Prod. Sold Negotiated,7060,121.08,208.18,121.07999999999998,1469750.8,177957426.864,1459519.36,176149391.55839998,265,2022,124,120.88568110167073
2022-06-27,2022-06-24,Prod. Sold Negotiated,9558,120.42,204.79,120.42,1957382.82,235708039.1844,1469750.8,177957426.864,271,2022,125,120.70304572729206
2022-06-27,2022-06-24,Prod. Sold Swine or Pork Market Formula,108650,110.96,210.83,110.96,22906679.5,2541725157.32,24944762.15,2754400636.603,271,2022,125,110.6785001935882
2022-06-28,2022-06-27,Prod. Sold Negotiated,9727,122.67,206.09,122.67,2004637.43,245908873.5381,1957382.82,235708039.1844,272,2022,126,121.5584177598537
2022-06-28,2022-06-27,Prod. Sold Swine or Pork Market Formula,106228,110.54,209.53,110.54,22257952.84,2460394106.9336,22906679.5,2541725157.32,272,2022,126,110.75301635575318
2022-06-29,2022-06-28,Prod. Sold Negotiated,7541,122.08,202.5,122.08,1527052.5,186422569.2,2004637.43,245908873.5381,273,2022,127,122.4148923906522
2022-06-29,2022-06-28,Prod. Sold Swine or Pork Market Formula,119165,110.29,210.16,110.29,25043716.4,2762071481.756,22257952.84,2460394106.9336,273,2022,127,110.40763830535803
2022-06-30,2022-06-29,Prod. Sold Negotiated,6938,122.06,206.96,122.06000000000002,1435888.48,175264547.8688,1527052.5,186422569.2,274,2022,128,122.07030768085023
2022-06-30,2022-06-29,Prod. Sold Swine or Pork Market Formula,117048,110.05,209.86,110.05,24563693.28,2703234445.464,25043716.4,2762071481.756,274,2022,128,110.17116117279195
2022-07-01,2022-06-30,Prod. Sold Swine or Pork Market Formula,113397,109.75,210.16,109.75,23831513.52,2615508608.82,24563693.28,2703234445.464,275,2022,129,109.90226937689212
2022-07-01,2022-06-30,Prod. Sold Negotiated,9209,122.64,204.06,122.64,1879188.54,230463682.5456,1435888.48,175264547.8688,275,2022,129,122.38877949641122
2022-07-05,2022-07-01,Prod. Sold Negotiated,8195,121.59,205.2,121.59000000000002,1681614.0,204467446.26,1879188.54,230463682.5456,282,2022,130,122.14413012792336
2022-07-05,2022-07-01,Prod. Sold Swine or Pork Market Formula,108321,109.63,209.46,109.63,22688916.66,2487385933.4358,23831513.52,2615508608.82,282,2022,130,109.69147367105884
2022-07-06,2022-07-05,Prod. Sold Swine or Pork Market Formula,106235,108.64,209.46,108.64,22251983.1,2417455443.984,22688916.66,2487385933.4358,283,2022,131,109.13981258972017
2022-07-06,2022-07-05,Prod. Sold Negotiated,7093,120.79,208.56,120.79,1479316.08,178686589.3032,1681614.0,204467446.26,283,2022,131,121.21559979688004
2022-07-07,2022-07-06,Prod. Sold Negotiated,5754,120.23,203.14,120.23,1168867.5599999998,140532946.7388,1479316.08,178686589.3032,284,2022,132,120.54282460637816
2022-07-07,2022-07-06,Prod. Sold Swine or Pork Market Formula,115956,110.42,208.33,110.42000000000002,24157113.48,2667428470.4616003,22251983.1,2417455443.984,284,2022,132,109.56653520889547
2022-07-08,2022-07-07,Prod. Sold Negotiated,6246,121.13,205.97,121.13,1286488.62,155832366.54059997,1168867.5599999998,140532946.7388,285,2022,133,120.70155674090428
2022-07-08,2022-07-07,Prod. Sold Swine or Pork Market Formula,121713,110.55,211.33,110.55,25721608.290000003,2843523796.4595003,24157113.48,2667428470.4616003,285,2022,133,110.48703878846614
2022-07-11,2022-07-08,Prod. Sold Negotiated,7829,122.01,209.78,122.01,1642367.62,200385273.3162,1286488.62,155832366.54059997,291,2022,134,121.62346345029208
2022-07-11,2022-07-08,Prod. Sold Swine or Pork Market Formula,140338,111.86,210.47,111.86,29536938.86,3304001980.8796,25721608.290000003,2843523796.4595003,291,2022,134,111.25022452457112
2022-07-12,2022-07-11,Prod. Sold Swine or Pork Market Formula,105766,112.0,208.25,112.0,22025769.5,2466886184.0,29536938.86,3304001980.8796,292,2022,135,111.91980305977086
2022-07-12,2022-07-11,Prod. Sold Negotiated,7948,123.18,204.62,123.18000000000002,1626319.76,200330068.03680003,1642367.62,200385273.3162,292,2022,135,122.59212789967088
2022-07-13,2022-07-12,Prod. Sold Swine or Pork Market Formula,111176,112.3,208.95,112.3,23230225.2,2608754289.96,22025769.5,2466886184.0,293,2022,136,112.15399214195152
2022-07-13,2022-07-12,Prod. Sold Negotiated,5727,123.16,206.45,123.16,1182339.15,145616889.714,1626319.76,200330068.03680003,293,2022,136,123.17158075659675
2022-07-14,2022-07-13,Prod. Sold Swine or Pork Market Formula,113455,113.38,209.64,113.38,23784706.2,2696709988.956,23230225.2,2608754289.96,294,2022,137,112.84636860952648
2022-07-14,2022-07-13,Prod. Sold Negotiated,7154,123.03,204.51,123.03,1463064.54,180000830.3562,1182339.15,145616889.714,294,2022,137,123.08810231915868
2022-07-15,2022-07-14,Prod. Sold Negotiated,5968,122.96,208.94,122.96,1246953.92,153325454.0032,1463064.54,180000830.3562,295,2022,138,122.997791077556
2022-07-15,2022-07-14,Prod. Sold Swine or Pork Market Formula,114645,113.92,211.1,113.92000000000002,24201559.5,2757041658.24,23784706.2,2696709988.956,295,2022,138,113.65234547092504
2022-07-18,2022-07-15,Prod. Sold Swine or Pork Market Formula,113071,114.69,209.84,114.69,23726818.64,2721228829.8216,24201559.5,2757041658.24,301,2022,139,114.3011864924666
2022-07-18,2022-07-15,Prod. Sold Negotiated,10495,123.18,208.11,123.18,2184114.45,269039217.95100003,1246953.92,153325454.0032,301,2022,139,123.10004535240434
2022-07-19,2022-07-18,Prod. Sold Negotiated,13231,124.01,207.86,124.01,2750195.66,341051763.79660004,2184114.45,269039217.95100003,302,2022,140,123.64261024275186
2022-07-19,2022-07-18,Prod. Sold Swine or Pork Market Formula,110572,115.52,208.77,115.51999999999998,23084116.44,2666677131.1488,23726818.64,2721228829.8216,302,2022,140,115.09930215584149
2022-07-20,2022-07-19,Prod. Sold Negotiated,8850,123.29,205.87,123.29,1821949.5,224628153.855,2750195.66,341051763.79660004,303,2022,141,123.72308792829318
2022-07-20,2022-07-19,Prod. Sold Swine or Pork Market Formula,112913,115.78,209.42,115.78,23646240.46,2737761720.4588,23084116.44,2666677131.1488,303,2022,141,115.65156378267676
2022-07-21,2022-07-20,Prod. Sold Swine or Pork Market Formula,116246,117.52,209.22,117.52,24320988.12,2858202523.8624,23646240.46,2737761720.4588,304,2022,142,116.66223815679116
2022-07-21,2022-07-20,Prod. Sold Negotiated,8648,120.71,204.28,120.71,1766613.44,213247908.3424,1821949.5,224628153.855,304,2022,142,122.0198919507874
2022-07-22,2022-07-21,Prod. Sold Negotiated,8300,124.35,211.76,124.35,1757608.0,218558554.8,1766613.44,213247908.3424,305,2022,143,122.52534935557284
2022-07-22,2022-07-21,Prod. Sold Swine or Pork Market Formula,109733,118.17,210.88,118.17,23140495.04,2734512298.8768,24320988.12,2858202523.8624,305,2022,143,117.83691638723752
2022-07-25,2022-07-22,Prod. Sold Negotiated,10612,122.36,204.5,122.36,2170154.0,265540043.44,1757608.0,218558554.8,311,2022,144,123.25049181696856
2022-07-25,2022-07-22,Prod. Sold Swine or Pork Market Formula,111750,119.27,210.01,119.27,23468617.5,2799102009.225,23140495.04,2734512298.8768,311,2022,144,118.72387193282955
2022-07-26,2022-07-25,Prod. Sold Swine or Pork Market Formula,106850,118.85,209.53,118.85,22388280.5,2660847137.425,23468617.5,2799102009.225,312,2022,145,119.06494736408033
2022-07-26,2022-07-25,Prod. Sold Negotiated,9979,125.53,208.36,125.53,2079224.44,261005043.9532,2170154.0,265540043.44,312,2022,145,123.91108366267326
2022-07-27,2022-07-26,Prod. Sold Swine or Pork Market Formula,121053,119.45,210.13,119.45,25436866.89,3038433750.0105,22388280.5,2660847137.425,313,2022,146,119.16912332667876
2022-07-27,2022-07-26,Prod. Sold Negotiated,10790,126.32,207.59,126.32,2239896.1,282943675.352,2079224.44,261005043.9532,313,2022,146,125.93969403437858
2022-07-28,2022-07-27,Prod. Sold Negotiated,10559,127.25,205.94,127.25,2174520.46,276707728.535,2239896.1,282943675.352,314,2022,147,126.77811354690095
2022-07-28,2022-07-27,Prod. Sold Swine or Pork Market Formula,117293,120.64,209.94,120.64,24624492.42,2970698765.5488,25436866.89,3038433750.0105,314,2022,147,120.03534459278949
2022-07-29,2022-07-28,Prod. Sold Negotiated,9412,127.57,205.16,127.57,1930965.92,246333322.4144,2174520.46,276707728.535,315,2022,148,127.40050813404476
2022-07-29,2022-07-28,Prod. Sold Swine or Pork Market Formula,119731,121.21,210.14,121.21,25160272.34,3049676610.3314,24624492.42,2970698765.5488,315,2022,148,120.92806714871378
2022-08-01,2022-07-29,Prod. Sold Negotiated,11940,125.96,204.52,125.96,2441968.8000000003,307590390.04800004,1930965.92,246333322.4144,321,2022,149,126.67093106352154
2022-08-01,2022-07-29,Prod. Sold Swine or Pork Market Formula,109973,121.68,210.65,121.68,23165812.45,2818816058.916,25160272.34,3049676610.3314,321,2022,149,121.43530134395976
2022-08-02,2022-08-01,Prod. Sold Negotiated,7323,127.88,204.55,127.88,1497919.65,191553964.842,2441968.8000000003,307590390.04800004,322,2022,150,126.68997135946832
2022-08-02,2022-08-01,Prod. Sold Swine or Pork Market Formula,95366,120.43,209.8,120.43,20007786.8,2409537764.3240004,23165812.45,2818816058.916,322,2022,150,121.1007169674416
2022-08-03,2022-08-02,Prod. Sold Swine or Pork Market Formula,121664,120.48,209.74,120.48,25517807.36,3074385430.7328,20007786.8,2409537764.3240004,323,2022,151,120.45802578179467
2022-08-03,2022-08-02,Prod. Sold Negotiated,8803,127.44,202.52,127.44,1782783.56,227197936.8864,1497919.65,191553964.842,323,2022,151,127.64089736980506
2022-08-04,2022-08-03,Prod. Sold Swine or Pork Market Formula,121838,121.99,208.29,121.99,25377637.02,3095817940.0698,25517807.36,3074385430.7328,324,2022,152,121.23292066641744
2022-08-04,2022-08-03,Prod. Sold Negotiated,7494,127.54,200.96,127.54,1505994.24,192074505.3696,1782783.56,227197936.8864,324,2022,152,127.48579191212008
2022-08-05,2022-08-04,Prod. Sold Negotiated,5033,129.44,204.09,129.44,1027184.97,132958822.5168,1505994.24,192074505.3696,325,2022,153,128.31043559938263
2022-08-05,2022-08-04,Prod. Sold Swine or Pork Market Formula,125424,121.58,209.71,121.58,26302667.040000003,3197878258.7232003,25377637.02,3095817940.0698,325,2022,153,121.78133068811128
2022-08-08,2022-08-05,Prod. Sold Negotiated,9403,128.43,202.11,128.43,1900440.33,244073551.58190003,1027184.97,132958822.5168,331,2022,154,128.78436803326576
2022-08-08,2022-08-05,Prod. Sold Swine or Pork Market Formula,120307,121.48,210.68,121.48,25346278.76,3079065943.7648,26302667.040000003,3197878258.7232003,331,2022,154,121.53092585459896
2022-08-09,2022-08-08,Prod. Sold Negotiated,13209,129.84,201.09,129.84,2656197.81,344880723.65040004,1900440.33,244073551.58190003,332,2022,155,129.25193029093597
2022-08-09,2022-08-08,Prod. Sold Swine or Pork Market Formula,109729,121.71,209.75,121.71,23015657.75,2801235704.7525,25346278.76,3079065943.7648,332,2022,155,121.58945800901508
2022-08-10,2022-08-09,Prod. Sold Negotiated,9090,129.58,204.04,129.58,1854723.6,240335084.088,2656197.81,344880723.65040004,333,2022,156,129.73309764188508
2022-08-10,2022-08-09,Prod. Sold Swine or Pork Market Formula,122852,121.1,209.87,121.1,25782949.24,3122315152.964,23015657.75,2801235704.7525,333,2022,156,121.38770393446634
2022-08-11,2022-08-10,Prod. Sold Negotiated,9448,129.19,202.55,129.19,1913692.4,247229921.156,1854723.6,240335084.088,334,2022,157,129.38194860758472
2022-08-11,2022-08-10,Prod. Sold Swine or Pork Market Formula,121332,121.52,209.44,121.52,25411774.08,3088038786.2016,25782949.24,3122315152.964,334,2022,157,121.30847744496803
2022-08-12,2022-08-11,Prod. Sold Swine or Pork Market Formula,125882,121.32,211.13,121.32,26577466.66,3224378255.1912,25411774.08,3088038786.2016,335,2022,158,121.41775781957304
2022-08-12,2022-08-11,Prod. Sold Negotiated,7282,130.42,204.56,130.42,1489605.92,194274404.0864,1913692.4,247229921.156,335,2022,158,129.72836458321407
2022-08-15,2022-08-12,Prod. Sold Negotiated,11578,129.28,205.03,129.28,2373837.34,306889691.3152,1489605.92,194274404.0864,341,2022,159,129.71954333855027
2022-08-15,2022-08-12,Prod. Sold Swine or Pork Market Formula,113997,120.85,210.4,120.85,23984968.8,2898583479.48,26577466.66,3224378255.1912,341,2022,159,121.09704920197292
2022-08-16,2022-08-15,Prod. Sold Negotiated,9750,131.91,204.23,131.91,1991242.5,262664798.175,2373837.34,306889691.3152,342,2022,160,130.47974157792265
2022-08-16,2022-08-15,Prod. Sold Swine or Pork Market Formula,106096,119.44,209.37,119.44,22213319.52,2653158883.4688,23984968.8,2898583479.48,342,2022,160,120.17203590950704
2022-08-17,2022-08-16,Prod. Sold Negotiated,10780,132.6,206.01,132.6,2220787.8,294476462.28,1991242.5,262664798.175,343,2022,161,132.2738016521391
2022-08-17,2022-08-16,Prod. Sold Swine or Pork Market Formula,130256,119.78,210.23,119.78,27383718.88,3280021847.4464,22213319.52,2653158883.4688,343,2022,161,119.62772218502464
2022-08-18,2022-08-17,Prod. Sold Swine or Pork Market Formula,126313,119.53,211.01,119.53,26653306.13,3185869681.7189,27383718.88,3280021847.4464,344,2022,162,119.65668961177512
2022-08-18,2022-08-17,Prod. Sold Negotiated,9487,133.01,207.13,133.01,1965042.31,261370277.6531,2220787.8,294476462.28,344,2022,162,132.79247492753595
2022-08-19,2022-08-18,Prod. Sold Negotiated,8737,132.47,203.21,132.47,1775445.77,235193301.1519,1965042.31,261370277.6531,345,2022,163,132.7536856647328
2022-08-19,2022-08-18,Prod. Sold Swine or Pork Market Formula,131078,119.34,210.32,119.34,27568324.96,3290003900.7264004,26653306.13,3185869681.7189,345,2022,163,119.43339682453104
2022-08-22,2022-08-19,Prod. Sold Negotiated,13109,131.08,205.7,131.08,2696521.3,353460012.004,1775445.77,235193301.1519,351,2022,164,131.6318532631547
2022-08-22,2022-08-19,Prod. Sold Swine or Pork Market Formula,131033,118.73,211.44,118.73,27705617.52,3289487968.1496,27568324.96,3290003900.7264004,351,2022,164,119.03424242366437
2022-08-23,2022-08-22,Prod. Sold Negotiated,10727,129.95,208.96,129.95,2241513.92,291284733.904,2696521.3,353460012.004,352,2022,165,130.56706102391874
2022-08-23,2022-08-22,Prod. Sold Swine or Pork Market Formula,127865,117.55,210.53,117.55,26919418.45,3164377638.7975,27705617.52,3289487968.1496,352,2022,165,118.14849166399732
2022-08-24,2022-08-23,Prod. Sold Negotiated,8238,131.04,207.02,131.04,1705430.76,223479646.7904,2241513.92,291284733.904,353,2022,166,130.4209768388241
2022-08-24,2022-08-23,Prod. Sold Swine or Pork Market Formula,134679,116.7,209.5,116.7,28215250.5,3292719733.35,26919418.45,3164377638.7975,353,2022,166,117.11501121015615
2022-08-25,2022-08-24,Prod. Sold Negotiated,9221,130.99,207.0,130.99,1908747.0,250026769.53000003,1705430.76,223479646.7904,354,2022,167,131.0135936203647
2022-08-25,2022-08-24,Prod. Sold Swine or Pork Market Formula,133447,113.46,209.86,113.46,28005187.42,3177468564.6732,28215250.5,3292719733.35,354,2022,167,115.08605299784544
2022-08-26,2022-08-25,Prod. Sold Negotiated,9185,130.29,203.85,130.29,1872362.25,243950077.5525,1908747.0,250026769.53000003,355,2022,168,130.6433679699945
2022-08-26,2022-08-25,Prod. Sold Swine or Pork Market Formula,139672,110.96,211.08,110.96,29481965.76,3271318920.7296,28005187.42,3177468564.6732,355,2022,168,112.17788894869744
2022-08-29,2022-08-26,Prod. Sold Negotiated,11689,128.4,205.06,128.4,2396946.34,307767910.056,1872362.25,243950077.5525,361,2022,169,129.2288847193639
2022-08-29,2022-08-26,Prod. Sold Swine or Pork Market Formula,134767,108.87,211.4,108.87,28489743.8,3101678407.506,29481965.76,3271318920.7296,361,2022,169,109.932885826657
2022-08-30,2022-08-29,Prod. Sold Negotiated,10595,125.79,206.32,125.79000000000002,2185960.4,274971958.716,2396946.34,307767910.056,362,2022,170,127.15507904313148
2022-08-30,2022-08-29,Prod. Sold Swine or Pork Market Formula,122878,106.73,209.98,106.73,25801922.44,2753839182.0212,28489743.8,3101678407.506,362,2022,170,107.85297256566942
2022-08-31,2022-08-30,Prod. Sold Swine or Pork Market Formula,123530,105.75,209.93,105.75,25932652.9,2742378044.175,25801922.44,2753839182.0212,363,2022,171,106.23876179663252
2022-08-31,2022-08-30,Prod. Sold Negotiated,8430,125.7,207.32,125.7,1747707.6,219686845.32,2185960.4,274971958.716,363,2022,171,125.75001348258164
2022-09-01,2022-08-31,Prod. Sold Swine or Pork Market Formula,127262,104.25,210.66,104.25,26809012.92,2794839596.91,25932652.9,2742378044.175,364,2022,172,104.9875379359984
2022-09-01,2022-08-31,Prod. Sold Negotiated,8332,125.35,208.8,125.35,1739721.6,218074102.56,1747707.6,219686845.32,364,2022,172,125.52540073931824
2022-09-02,2022-09-01,Prod. Sold Negotiated,8485,126.86,207.16,126.86,1757752.6,222988494.836,1739721.6,218074102.56,365,2022,173,126.10889235323025
2022-09-02,2022-09-01,Prod. Sold Swine or Pork Market Formula,136770,102.61,210.81,102.61,28832483.7,2958501152.457,26809012.92,2794839596.91,365,2022,173,103.40017970147476
2022-09-06,2022-09-02,Prod. Sold Swine or Pork Market Formula,135099,100.84,211.1,100.84,28519398.9,2875896185.076,28832483.7,2958501152.457,372,2022,174,101.72983122846956
2022-09-06,2022-09-02,Prod. Sold Negotiated,10456,124.33,208.99,124.32999999999998,2185199.44,271685846.3752,1757752.6,222988494.836,372,2022,174,125.4578641061026
2022-09-07,2022-09-06,Prod. Sold Swine or Pork Market Formula,128793,100.04,211.59,100.04,27251310.87,2726221139.4348,28519398.9,2875896185.076,373,2022,175,100.44909501087744
2022-09-07,2022-09-06,Prod. Sold Negotiated,4437,109.85,209.68,109.85,930350.16,102198965.076,2185199.44,271685846.3752,373,2022,175,120.00605333043003
2022-09-08,2022-09-07,Prod. Sold Negotiated,4174,103.9,208.44,103.9,870028.5599999998,90395967.384,930350.16,102198965.076,374,2022,176,106.97467722791126
2022-09-08,2022-09-07,Prod. Sold Swine or Pork Market Formula,122878,100.02,211.79,100.02,26024331.62,2602953648.6324,27251310.87,2726221139.4348,374,2022,176,100.03023030773402
2022-09-09,2022-09-08,Prod. Sold Negotiated,3520,100.81,197.45,100.81,695024.0,70065369.44,870028.5599999998,90395967.384,375,2022,177,102.52776227783686
2022-09-09,2022-09-08,Prod. Sold Swine or Pork Market Formula,126867,98.97,213.13,98.97,27039163.71,2676066032.3787003,26024331.62,2602953648.6324,375,2022,177,99.48495944681109
2022-09-12,2022-09-09,Prod. Sold Negotiated,7164,103.8,209.93,103.8,1503938.52,156108818.376,695024.0,70065369.44,381,2022,178,102.85495353326894
2022-09-12,2022-09-09,Prod. Sold Swine or Pork Market Formula,221239,97.68,213.29,97.68,47188066.31,4609330317.1608,27039163.71,2676066032.3787003,381,2022,178,98.14991543637696
2022-09-13,2022-09-12,Prod. Sold Negotiated,6858,102.3,209.52,102.3,1436888.16,146993658.768,1503938.52,156108818.376,382,2022,179,103.06709987546766
2022-09-13,2022-09-12,Prod. Sold Swine or Pork Market Formula,125031,97.06,212.88,97.06,26616599.28,2583407126.1168003,47188066.31,4609330317.1608,382,2022,179,97.45640584884873
2022-09-14,2022-09-13,Prod. Sold Negotiated,4155,100.85,211.72,100.85,879696.6,88717402.11,1436888.16,146993658.768,383,2022,180,101.74937906351416
2022-09-14,2022-09-13,Prod. Sold Swine or Pork Market Formula,129441,97.73,210.42,97.73,27236975.22,2661869588.2506,26616599.28,2583407126.1168003,383,2022,180,97.3988590927683
2022-09-15,2022-09-14,Prod. Sold Swine or Pork Market Formula,131601,97.73,211.44,97.73,27825715.44,2719407169.9512,27236975.22,2661869588.2506,384,2022,181,97.73
2022-09-15,2022-09-14,Prod. Sold Negotiated,4169,97.1,210.28,97.1,876657.32,85123425.77199998,879696.6,88717402.11,384,2022,181,98.97824459093071
2022-09-16,2022-09-15,Prod. Sold Swine or Pork Market Formula,141432,98.23,212.87,98.23,30106629.84,2957374249.1832,27825715.44,2719407169.9512,385,2022,182,97.98984300906935
2022-09-16,2022-09-15,Prod. Sold Negotiated,2984,97.22,204.1,97.22,609034.4,59210324.368,876657.32,85123425.77199998,385,2022,182,97.1491919871506
2022-09-19,2022-09-16,Prod. Sold Negotiated,5093,97.06,209.43,97.06,1066626.99,103526815.6494,609034.4,59210324.368,391,2022,183,97.11815345784147
2022-09-19,2022-09-16,Prod. Sold Swine or Pork Market Formula,155378,98.66,212.72,98.66,33052008.16,3260911125.0656,30106629.84,2957374249.1832,391,2022,183,98.45502644070318
2022-09-20,2022-09-19,Prod. Sold Negotiated,10210,96.73,208.17,96.73,2125415.7,205591460.661,1066626.99,103526815.6494,392,2022,184,96.84027011255294
2022-09-20,2022-09-19,Prod. Sold Swine or Pork Market Formula,108859,98.14,210.48,98.14,22912642.32,2248646717.2848,33052008.16,3260911125.0656,392,2022,184,98.44710536197026
2022-09-21,2022-09-20,Prod. Sold Swine or Pork Market Formula,136171,97.91,211.44,97.91,28791996.24,2819024351.8584,22912642.32,2248646717.2848,393,2022,185,98.01192330669683
2022-09-21,2022-09-20,Prod. Sold Negotiated,4601,97.76,205.7,97.76,946425.7,92522576.432,2125415.7,205591460.661,393,2022,185,97.04734010453795
2022-09-22,2022-09-21,Prod. Sold Swine or Pork Market Formula,127340,98.17,210.75,98.17,26836905.0,2634578963.85,28791996.24,2819024351.8584,394,2022,186,98.03543111843783
2022-09-22,2022-09-21,Prod. Sold Negotiated,5691,97.04,209.12,97.04,1190101.92,115487490.3168,946425.7,92522576.432,394,2022,186,97.3589411162398
2022-09-23,2022-09-22,Prod. Sold Swine or Pork Market Formula,133832,97.05,213.4,97.05,28559748.8,2771723621.04,26836905.0,2634578963.85,395,2022,187,97.592583920475
2022-09-23,2022-09-22,Prod. Sold Negotiated,5547,98.01,206.38,98.01,1144789.86,112200854.1786,1190101.92,115487490.3168,395,2022,187,97.51558785109948
2022-09-26,2022-09-23,Prod. Sold Swine or Pork Market Formula,158059,96.87,213.7,96.87,33777208.3,3271998168.021,28559748.8,2771723621.04,401,2022,188,96.952467207627
2022-09-26,2022-09-23,Prod. Sold Negotiated,9921,97.6,209.73,97.6,2080731.33,203079377.808,1144789.86,112200854.1786,401,2022,188,97.74551565931584
2022-09-27,2022-09-26,Prod. Sold Negotiated,10893,99.09,209.48,99.09,2281865.64,226110066.2676,2080731.33,203079377.808,402,2022,189,98.37934767455725
2022-09-27,2022-09-26,Prod. Sold Swine or Pork Market Formula,119693,95.45,212.22,95.45,25401248.46,2424549165.507,33777208.3,3271998168.021,402,2022,189,96.26049149322225
2022-09-28,2022-09-27,Prod. Sold Swine or Pork Market Formula,123576,95.34,211.53,95.34,26140031.28,2492190582.2352004,25401248.46,2424549165.507,403,2022,190,95.39421164054708
2022-09-28,2022-09-27,Prod. Sold Negotiated,5568,98.06,208.17,98.06,1159090.5599999998,113660420.3136,2281865.64,226110066.2676,403,2022,190,98.7430431637578
2022-09-29,2022-09-28,Prod. Sold Negotiated,7336,98.35,206.89,98.35000000000002,1517745.0399999998,149270224.684,1159090.5599999998,113660420.3136,404,2022,191,98.22442775252989
2022-09-29,2022-09-28,Prod. Sold Swine or Pork Market Formula,126146,94.64,212.45,94.64,26799717.7,2536325283.128,26140031.28,2492190582.2352004,404,2022,191,94.98563862217993
2022-09-30,2022-09-29,Prod. Sold Swine or Pork Market Formula,128126,94.57,212.83,94.57,27269056.58,2578834680.7706,26799717.7,2536325283.128,405,2022,192,94.60469618581112
2022-09-30,2022-09-29,Prod. Sold Negotiated,10418,100.08,209.86,100.08,2186321.48,218807053.7184,1517745.0399999998,149270224.684,405,2022,192,99.37113073293295
2022-10-03,2022-09-30,Prod. Sold Negotiated,10158,97.27,207.8,97.27,2110832.4,205320667.548,2186321.48,218807053.7184,411,2022,193,98.69968195469882
2022-10-03,2022-09-30,Prod. Sold Swine or Pork Market Formula,162640,93.61,213.83,93.61,34777311.2,3255504101.432,27269056.58,2578834680.7706,411,2022,193,94.03191501700182
2022-10-04,2022-10-03,Prod. Sold Swine or Pork Market Formula,116970,92.57,212.75,92.57,24885367.5,2303638469.475,34777311.2,3255504101.432,412,2022,194,93.17621488066038
2022-10-04,2022-10-03,Prod. Sold Negotiated,6842,98.82,208.51,98.82,1426625.42,140979124.0044,2110832.4,205320667.548,412,2022,194,97.89510127710864
2022-10-05,2022-10-04,Prod. Sold Swine or Pork Market Formula,132305,92.84,212.62,92.84,28130689.1,2611653176.044,24885367.5,2303638469.475,413,2022,195,92.71326388162562
2022-10-05,2022-10-04,Prod. Sold Negotiated,4725,96.21,209.88,96.21,991683.0,95409821.43,1426625.42,140979124.0044,413,2022,195,97.7497094578201
2022-10-06,2022-10-05,Prod. Sold Swine or Pork Market Formula,120617,92.42,213.24,92.41999999999999,25720369.08,2377076510.3736,28130689.1,2611653176.044,414,2022,196,92.63939939197681
2022-10-06,2022-10-05,Prod. Sold Negotiated,6324,95.33,213.81,95.33,1352134.44,128898976.1652,991683.0,95409821.43,414,2022,196,95.70233319673567
2022-10-07,2022-10-06,Prod. Sold Negotiated,8387,95.78,206.87,95.78,1735018.69,166180090.1282,1352134.44,128898976.1652,415,2022,197,95.58290563105305
2022-10-07,2022-10-06,Prod. Sold Swine or Pork Market Formula,138551,92.54,212.78,92.54,29480881.78,2728160799.9212003,25720369.08,2377076510.3736,415,2022,197,92.48408742118131
2022-10-10,2022-10-07,Prod. Sold Negotiated,9358,95.94,209.24,95.94,1958067.92,187857036.2448,1735018.69,166180090.1282,421,2022,198,95.86483171403336
2022-10-10,2022-10-07,Prod. Sold Swine or Pork Market Formula,149676,93.06,214.36,93.06,32084547.360000003,2985787977.3216004,29480881.78,2728160799.9212003,421,2022,198,92.81099566851488
2022-10-11,2022-10-10,Prod. Sold Swine or Pork Market Formula,121939,92.79,213.06,92.79,25980323.34,2410714202.7186003,32084547.360000003,2985787977.3216004,422,2022,199,92.93919223418163
2022-10-11,2022-10-10,Prod. Sold Negotiated,7731,89.71,214.32,89.71,1656907.92,148641209.5032,1958067.92,187857036.2448,422,2022,199,93.0845075158234
2022-10-12,2022-10-11,Prod. Sold Swine or Pork Market Formula,132185,92.37,213.08,92.37000000000002,28165979.8,2601691554.1260004,25980323.34,2410714202.7186003,423,2022,200,92.57152319124333
2022-10-12,2022-10-11,Prod. Sold Negotiated,6056,92.81,211.15,92.81,1278724.4,118678411.564,1656907.92,148641209.5032,423,2022,200,91.0603208875967
2022-10-13,2022-10-12,Prod. Sold Negotiated,6383,93.09,211.08,93.09,1347323.64,125422357.6476,1278724.4,118678411.564,424,2022,201,92.95365716599761
2022-10-13,2022-10-12,Prod. Sold Swine or Pork Market Formula,127886,92.96,214.01,92.96,27368882.86,2544211350.6656,28165979.8,2601691554.1260004,424,2022,201,92.66076583814136
2022-10-14,2022-10-13,Prod. Sold Swine or Pork Market Formula,134608,93.25,215.13,93.25,28958219.04,2700353925.48,27368882.86,2544211350.6656,425,2022,202,93.1090913474744
2022-10-14,2022-10-13,Prod. Sold Negotiated,7240,92.51,206.45,92.51000000000002,1494698.0,138274511.98000002,1347323.64,125422357.6476,425,2022,202,92.78496191450535
2022-10-17,2022-10-14,Prod. Sold Swine or Pork Market Formula,164701,93.44,214.22,93.44,35282248.22,3296773273.6768,28958219.04,2700353925.48,431,2022,203,93.3543520921893
2022-10-17,2022-10-14,Prod. Sold Negotiated,13509,93.63,211.54,93.63,2857693.86,267565876.1118,1494698.0,138274511.98000002,431,2022,203,93.24536970616428
2022-10-18,2022-10-17,Prod. Sold Swine or Pork Market Formula,124926,93.05,214.39,93.05,26782885.14,2492147462.2769995,35282248.22,3296773273.6768,432,2022,204,93.27170381437811
2022-10-18,2022-10-17,Prod. Sold Negotiated,7718,89.41,208.11,89.41,1606192.9800000002,143609714.3418,2857693.86,267565876.1118,432,2022,204,92.11156223073074
2022-10-19,2022-10-18,Prod. Sold Swine or Pork Market Formula,128879,93.65,215.01,93.65000000000002,27710273.79,2595067140.4335003,26782885.14,2492147462.2769995,433,2022,205,93.35510553251936
2022-10-19,2022-10-18,Prod. Sold Negotiated,5677,91.17,213.78,91.17,1213629.06,110646561.4002,1606192.9800000002,143609714.3418,433,2022,205,90.16749005267012
2022-10-20,2022-10-19,Prod. Sold Swine or Pork Market Formula,131463,94.04,214.51,94.04,28200128.13,2651940049.3452,27710273.79,2595067140.4335003,434,2022,206,93.84670847629457
2022-10-20,2022-10-19,Prod. Sold Negotiated,4815,91.76,203.91,91.76,981826.65,90092413.404,1213629.06,110646561.4002,434,2022,206,91.43385306743448
2022-10-21,2022-10-20,Prod. Sold Swine or Pork Market Formula,136810,94.23,213.94,94.23,29269131.4,2758030251.822,28200128.13,2651940049.3452,435,2022,207,94.13676712404998
2022-10-21,2022-10-20,Prod. Sold Negotiated,6279,92.18,211.97,92.18,1330959.63,122687858.6934,981826.65,90092413.404,435,2022,207,92.00170112449821
2022-10-24,2022-10-21,Prod. Sold Negotiated,11398,92.61,213.62,92.61,2434840.76,225490602.78360003,1330959.63,122687858.6934,441,2022,208,92.45802363863476
2022-10-24,2022-10-21,Prod. Sold Swine or Pork Market Formula,167617,95.25,214.92,95.25,36024245.64,3431309397.21,29269131.4,2758030251.822,441,2022,208,94.79276351781114
2022-10-25,2022-10-24,Prod. Sold Negotiated,10082,95.12,210.63,95.12,2123571.66,201994136.29920003,2434840.76,225490602.78360003,442,2022,209,93.77930290098676
2022-10-25,2022-10-24,Prod. Sold Swine or Pork Market Formula,124348,94.4,213.99,94.4,26609228.52,2511911172.288,36024245.64,3431309397.21,442,2022,209,94.88888568300999
2022-10-26,2022-10-25,Prod. Sold Negotiated,7840,95.7,209.92,95.7,1645772.7999999998,157500456.95999998,2123571.66,201994136.29920003,443,2022,210,95.3732398495626
2022-10-26,2022-10-25,Prod. Sold Swine or Pork Market Formula,127825,94.42,214.69,94.42,27442749.25,2591144384.185,26609228.52,2511911172.288,443,2022,210,94.41015420725833
2022-10-27,2022-10-26,Prod. Sold Negotiated,6916,96.93,210.76,96.93,1457616.16,141286734.3888,1645772.7999999998,157500456.95999998,444,2022,211,96.27771291317603
2022-10-27,2022-10-26,Prod. Sold Swine or Pork Market Formula,129697,93.65,215.09,93.65,27896527.73,2612509821.9145,27442749.25,2591144384.185,444,2022,211,94.03184302498452
2022-10-28,2022-10-27,Prod. Sold Negotiated,7053,98.23,212.39,98.23,1497986.67,147147230.5941,1457616.16,141286734.3888,445,2022,212,97.58887833481334
2022-10-28,2022-10-27,Prod. Sold Swine or Pork Market Formula,138365,93.51,215.24,93.51,29781682.6,2784885139.926,27896527.73,2612509821.9145,445,2022,212,93.57771211970439
2022-10-31,2022-10-28,Prod. Sold Negotiated,14786,98.35,210.61,98.35,3114079.4600000004,306269714.89100003,1497986.67,147147230.5941,451,2022,213,98.31102432286676
2022-10-31,2022-10-28,Prod. Sold Swine or Pork Market Formula,178344,93.47,215.44,93.47,38422431.36,3591344659.2192,29781682.6,2784885139.926,451,2022,213,93.48746620892544
2022-11-01,2022-10-31,Prod. Sold Swine or Pork Market Formula,126770,93.22,213.87,93.21999999999998,27112299.9,2527408596.678,38422431.36,3591344659.2192,452,2022,214,93.36657278141405
2022-11-01,2022-10-31,Prod. Sold Negotiated,10368,98.69,210.75,98.69,2185056.0,215643176.64,3114079.4600000004,306269714.89100003,452,2022,214,98.49019627269537
2022-11-02,2022-11-01,Prod. Sold Negotiated,7976,96.74,208.67,96.74,1664351.92,161009404.7408,2185056.0,215643176.64,453,2022,215,97.84688690015476
2022-11-02,2022-11-01,Prod. Sold Swine or Pork Market Formula,121069,92.68,213.31,92.68,25825228.39,2393482167.1852,27112299.9,2527408596.678,453,2022,215,92.95656451706236
2022-11-03,2022-11-02,Prod. Sold Negotiated,6581,95.48,212.06,95.48,1395566.86,133248723.7928,1664351.92,161009404.7408,454,2022,216,96.16533956943783
2022-11-03,2022-11-02,Prod. Sold Swine or Pork Market Formula,129720,91.6,214.8,91.6,27863856.0,2552329209.6,25825228.39,2393482167.1852,454,2022,216,92.11949566616924
2022-11-04,2022-11-03,Prod. Sold Negotiated,8996,97.68,209.49,97.68,1884572.04,184084996.8672,1395566.86,133248723.7928,455,2022,217,96.74398869511288
2022-11-04,2022-11-03,Prod. Sold Swine or Pork Market Formula,130732,90.68,215.31,90.68,28147906.92,2552452199.5056005,27863856.0,2552329209.6,455,2022,217,91.1376672145923
2022-11-07,2022-11-04,Prod. Sold Negotiated,15287,97.83,209.65,97.82999999999998,3204919.5500000003,313537279.5765,1884572.04,184084996.8672,461,2022,218,97.77445696569076
2022-11-07,2022-11-04,Prod. Sold Swine or Pork Market Formula,150036,89.97,215.1,89.97,32272743.6,2903578741.692,28147906.92,2552452199.5056005,461,2022,218,90.30076462668313
2022-11-08,2022-11-07,Prod. Sold Negotiated,4781,91.2,212.84,91.2,1017588.04,92804029.248,3204919.5500000003,313537279.5765,462,2022,219,96.232226979727
2022-11-08,2022-11-07,Prod. Sold Swine or Pork Market Formula,123403,89.71,214.14,89.71,26425518.42,2370633257.4581995,32272743.6,2903578741.692,462,2022,219,89.85294994514727
2022-11-09,2022-11-08,Prod. Sold Swine or Pork Market Formula,132284,89.23,215.24,89.23,28472808.16,2540628672.1168003,26425518.42,2370633257.4581995,463,2022,220,89.4610498266849
2022-11-09,2022-11-08,Prod. Sold Negotiated,4195,87.67,210.67,87.67,883760.6499999998,77479296.1855,1017588.04,92804029.248,463,2022,220,89.55923041843523
2022-11-10,2022-11-09,Prod. Sold Swine or Pork Market Formula,129258,88.68,214.02,88.68,27663797.16,2453225532.1488004,28472808.16,2540628672.1168003,464,2022,221,88.958963154233
2022-11-10,2022-11-09,Prod. Sold Negotiated,3832,90.42,208.56,90.41999999999999,799201.92,72263837.6064,883760.6499999998,77479296.1855,464,2022,221,88.9759145337974
2022-11-11,2022-11-10,Prod. Sold Swine or Pork Market Formula,133703,88.46,215.66,88.46,28834388.98,2550690049.1708,27663797.16,2453225532.1488004,465,2022,222,88.56772089851025
2022-11-11,2022-11-10,Prod. Sold Negotiated,5149,90.83,207.21,90.83,1066924.29,96908733.2607,799201.92,72263837.6064,465,2022,222,90.65441016827045
2022-11-14,2022-11-11,Prod. Sold Negotiated,6742,90.63,219.32,90.63,1478655.44,134010542.52719998,1066924.29,96908733.2607,471,2022,223,90.71382564312766
2022-11-14,2022-11-11,Prod. Sold Swine or Pork Market Formula,160359,88.66,215.13,88.66,34498031.67,3058595487.8622003,28834388.98,2550690049.1708,471,2022,223,88.56894272259274
2022-11-15,2022-11-14,Prod. Sold Negotiated,6108,87.4,206.66,87.4,1262279.28,110323209.072,1478655.44,134010542.52719998,472,2022,224,89.1424920908733
2022-11-15,2022-11-14,Prod. Sold Swine or Pork Market Formula,128479,88.31,214.02,88.31,27497075.58,2428266744.4698,34498031.67,3058595487.8622003,472,2022,224,88.50476232270732
2022-11-16,2022-11-15,Prod. Sold Swine or Pork Market Formula,128107,88.19,213.74,88.19,27381590.18,2414782437.9742,27497075.58,2428266744.4698,473,2022,225,88.2501262626178
2022-11-16,2022-11-15,Prod. Sold Negotiated,4306,87.61,211.31,87.61,909900.86,79716414.34459998,1262279.28,110323209.072,473,2022,225,87.4879665443401
2022-11-17,2022-11-16,Prod. Sold Swine or Pork Market Formula,128604,88.14,214.65,88.14,27604848.6,2433091355.604,27381590.18,2414782437.9742,474,2022,226,88.16489849387186
2022-11-17,2022-11-16,Prod. Sold Negotiated,5241,87.32,212.07,87.32,1111458.87,97052588.5284,909900.86,79716414.34459998,474,2022,226,87.45054145953523
2022-11-18,2022-11-17,Prod. Sold Swine or Pork Market Formula,130658,87.41,214.38,87.41,28010462.04,2448394486.9164,27604848.6,2433091355.604,475,2022,227,87.77233798294218
2022-11-18,2022-11-17,Prod. Sold Negotiated,6756,88.11,212.14,88.11,1433217.84,126280823.8824,1111458.87,97052588.5284,475,2022,227,87.7649453595227
2022-11-21,2022-11-18,Prod. Sold Swine or Pork Market Formula,156301,86.61,215.35,86.61,33659420.35,2915242396.5135,28010462.04,2448394486.9164,481,2022,228,86.9733600189196
2022-11-21,2022-11-18,Prod. Sold Negotiated,9400,86.13,210.39,86.13,1977666.0,170336372.57999998,1433217.84,126280823.8824,481,2022,228,86.9619753636641
2022-11-22,2022-11-21,Prod. Sold Negotiated,5855,85.49,209.92,85.49,1229081.6,105074185.98399998,1977666.0,170336372.57999998,482,2022,229,85.88470092376463
2022-11-22,2022-11-21,Prod. Sold Swine or Pork Market Formula,121335,86.53,214.23,86.53,25993597.05,2249225952.7365,33659420.35,2915242396.5135,482,2022,229,86.5751402753015
2022-11-23,2022-11-22,Prod. Sold Swine or Pork Market Formula,127371,85.92,213.8,85.92,27231919.8,2339766549.216,25993597.05,2249225952.7365,483,2022,230,86.21790399678382
2022-11-23,2022-11-22,Prod. Sold Negotiated,4383,84.4,216.4,84.4,948481.2,80051813.28000002,1229081.6,105074185.98399998,483,2022,230,85.0152286143022
2022-11-25,2022-11-23,Prod. Sold Swine or Pork Market Formula,134570,85.36,213.32,85.36,28706472.4,2450384484.064,27231919.8,2339766549.216,485,2022,231,85.63261911700064
2022-11-25,2022-11-23,Prod. Sold Negotiated,4623,82.61,206.62,82.60999999999999,955204.26,78909423.9186,948481.2,80051813.28000002,485,2022,231,83.50183921591754
2022-11-28,2022-11-25,Prod. Sold Negotiated,9620,85.62,214.92,85.62,2067530.4,177021952.848,955204.26,78909423.9186,491,2022,232,84.66881997727182
2022-11-28,2022-11-25,Prod. Sold Swine or Pork Market Formula,222032,84.19,216.92,84.19,48163181.44,4054858245.4336,28706472.4,2450384484.064,491,2022,232,84.62692889235467
2022-11-29,2022-11-28,Prod. Sold Negotiated,3978,84.89,211.35,84.89,840750.2999999998,71371292.967,2067530.4,177021952.848,492,2022,233,85.40896544649216
2022-11-29,2022-11-28,Prod. Sold Swine or Pork Market Formula,127329,84.11,214.29,84.11,27285331.41,2294969224.8951,48163181.44,4054858245.4336,492,2022,233,84.16106866086096
2022-11-30,2022-11-29,Prod. Sold Negotiated,4948,84.9,210.63,84.9,1042197.24,88482545.676,840750.2999999998,71371292.967,493,2022,234,84.8955349244621
2022-11-30,2022-11-29,Prod. Sold Swine or Pork Market Formula,125728,83.59,214.99,83.59,27030262.720000003,2259459660.7648,27285331.41,2294969224.8951,493,2022,234,83.85122097273283
2022-12-01,2022-11-30,Prod. Sold Swine or Pork Market Formula,123160,82.79,215.3,82.79,26516348.0,2195288450.92,27030262.720000003,2259459660.7648,494,2022,235,83.19383900839355
2022-12-01,2022-11-30,Prod. Sold Negotiated,4292,83.98,209.51,83.98,899216.9199999998,75516236.9416,1042197.24,88482545.676,494,2022,235,84.47387785489315
2022-12-02,2022-12-01,Prod. Sold Negotiated,6039,84.6,213.13,84.6,1287092.07,108887989.122,899216.9199999998,75516236.9416,495,2022,236,84.34499739380388
2022-12-02,2022-12-01,Prod. Sold Swine or Pork Market Formula,141517,82.83,214.74,82.83,30389360.58,2517150736.8414,26516348.0,2195288450.92,495,2022,236,82.8113612035336
2022-12-05,2022-12-02,Prod. Sold Swine or Pork Market Formula,164514,82.6,215.81,82.6,35503766.34,2932611099.684,30389360.58,2517150736.8414,501,2022,237,82.70607408177618
2022-12-05,2022-12-02,Prod. Sold Negotiated,6819,84.97,209.55,84.97,1428921.4500000002,121415455.6065,1287092.07,108887989.122,501,2022,237,84.79466064237411
2022-12-06,2022-12-05,Prod. Sold Swine or Pork Market Formula,122887,83.15,213.59,83.15,26247434.33,2182474164.5395,35503766.34,2932611099.684,502,2022,238,82.8337782702987
2022-12-06,2022-12-05,Prod. Sold Negotiated,11297,84.6,210.96,84.6,2383215.12,201619999.152,1428921.4500000002,121415455.6065,502,2022,238,84.73868887611756
2022-12-07,2022-12-06,Prod. Sold Negotiated,8014,86.35,214.1,86.35,1715797.4,148159105.48999998,2383215.12,201619999.152,503,2022,239,85.33252897749139
2022-12-07,2022-12-06,Prod. Sold Swine or Pork Market Formula,128777,82.06,214.99,82.06,27685767.23,2271894058.8938003,26247434.33,2182474164.5395,503,2022,239,82.59046551274862
2022-12-08,2022-12-07,Prod. Sold Swine or Pork Market Formula,118487,82.43,214.62,82.43,25429679.94,2096168517.4542005,27685767.23,2271894058.8938003,504,2022,240,82.2371420947975
2022-12-08,2022-12-07,Prod. Sold Negotiated,10288,85.15,211.1,85.15,2171796.8,184928497.52,1715797.4,148159105.48999998,504,2022,240,85.6796223767388
2022-12-09,2022-12-08,Prod. Sold Negotiated,8554,85.39,213.48,85.39,1826107.92,155931355.2888,2171796.8,184928497.52,505,2022,241,85.25962389839046
2022-12-09,2022-12-08,Prod. Sold Swine or Pork Market Formula,131191,81.14,216.12,81.14,28352998.92,2300562332.3688,25429679.94,2096168517.4542005,505,2022,241,81.74994148707229
2022-12-12,2022-12-09,Prod. Sold Negotiated,18468,84.49,216.5,84.49,3998322.0,337818225.78,1826107.92,155931355.2888,511,2022,242,84.7721730453579
2022-12-12,2022-12-09,Prod. Sold Swine or Pork Market Formula,163791,81.19,215.11,81.19,35233082.010000005,2860573928.3919005,28352998.92,2300562332.3688,511,2022,242,81.16770502718101
2022-12-13,2022-12-12,Prod. Sold Negotiated,8178,84.47,211.02,84.47,1725721.56,145771700.1732,3998322.0,337818225.78,512,2022,243,84.48397027104384
2022-12-13,2022-12-12,Prod. Sold Swine or Pork Market Formula,119240,81.57,213.54,81.57,25462509.6,2076976908.0719995,35233082.010000005,2860573928.3919005,512,2022,243,81.34941443836928
2022-12-14,2022-12-13,Prod. Sold Swine or Pork Market Formula,124091,81.49,215.61,81.49,26755260.51,2180286178.9599,25462509.6,2076976908.0719995,513,2022,244,81.52900972338935
2022-12-14,2022-12-13,Prod. Sold Negotiated,6765,83.68,212.53,83.68,1437765.45,120312212.856,1725721.56,145771700.1732,513,2022,244,84.11095483815501
2022-12-15,2022-12-14,Prod. Sold Negotiated,7264,83.83,214.85,83.83,1560670.4,130830999.63199998,1437765.45,120312212.856,514,2022,245,83.75807422660051
2022-12-15,2022-12-14,Prod. Sold Swine or Pork Market Formula,124810,82.06,214.68,82.06,26794210.8,2198732938.248,26755260.51,2180286178.9599,514,2022,245,81.77520730050881
2022-12-16,2022-12-15,Prod. Sold Negotiated,7834,83.56,216.0,83.56,1692144.0,141395552.64000002,1560670.4,130830999.63199998,515,2022,246,83.689543514072
2022-12-16,2022-12-15,Prod. Sold Swine or Pork Market Formula,123661,80.77,214.72,80.77,26552489.92,2144644610.8384,26794210.8,2198732938.248,515,2022,246,81.4179225793816
2022-12-19,2022-12-16,Prod. Sold Swine or Pork Market Formula,162944,80.51,215.08,80.51,35045995.52,2821553099.3152003,26552489.92,2144644610.8384,521,2022,247,80.62207495330262
2022-12-19,2022-12-16,Prod. Sold Negotiated,13164,83.94,212.88,83.94,2802352.32,235229453.7408,1692144.0,141395552.64000002,521,2022,247,83.79693286316896
2022-12-20,2022-12-19,Prod. Sold Swine or Pork Market Formula,117390,81.03,212.67,81.03,24965331.3,2022940795.239,35045995.52,2821553099.3152003,522,2022,248,80.72632536662516
2022-12-20,2022-12-19,Prod. Sold Negotiated,4062,80.51,214.87,80.50999999999999,872801.94,70269284.1894,2802352.32,235229453.7408,522,2022,248,83.12541904845105
2022-12-21,2022-12-20,Prod. Sold Swine or Pork Market Formula,117107,80.18,213.55,80.18,25008199.85,2005157463.9730003,24965331.3,2022940795.239,523,2022,249,80.60463542432704
2022-12-21,2022-12-20,Prod. Sold Negotiated,4414,78.71,215.96,78.71,953247.44,75030106.0024,872801.94,70269284.1894,523,2022,249,79.57035104483319
2022-12-22,2022-12-21,Prod. Sold Negotiated,3153,78.03,206.55,78.03,651252.15,50817205.2645,953247.44,75030106.0024,524,2022,250,78.43399403230761
2022-12-22,2022-12-21,Prod. Sold Swine or Pork Market Formula,112138,79.22,213.53,79.22,23944827.14,1896909206.0308,25008199.85,2005157463.9730003,524,2022,250,79.71042670764577
2022-12-23,2022-12-22,Prod. Sold Swine or Pork Market Formula,55139,77.88,214.71,77.88,11838894.69,922013118.4572,23944827.14,1896909206.0308,525,2022,251,78.77666660500081
2022-12-23,2022-12-22,Prod. Sold Negotiated,4597,77.98,200.31,77.98,920825.07,71805938.95860001,651252.15,50817205.2645,525,2022,251,78.00071310943618
2022-12-27,2022-12-23,Prod. Sold Swine or Pork Market Formula,28982,80.03,209.52,80.03,6072308.640000001,485966860.4592001,11838894.69,922013118.4572,532,2022,252,78.60889930036879
2022-12-27,2022-12-23,Prod. Sold Negotiated,2628,79.23,203.03,79.23,533562.84,42274183.8132,920825.07,71805938.95860001,532,2022,252,78.43858023531011
2022-12-28,2022-12-27,Prod. Sold Negotiated,2880,76.08,207.19,76.08,596707.2,45397483.77599999,533562.84,42274183.8132,533,2022,253,77.56701008300635
2022-12-28,2022-12-27,Prod. Sold Swine or Pork Market Formula,113013,81.0,215.97,81.0,24407417.61,1977000826.41,6072308.640000001,485966860.4592001,533,2022,253,80.8067522217067
2022-12-29,2022-12-28,Prod. Sold Swine or Pork Market Formula,116026,80.64,217.68,80.64,25256539.68,2036687359.7952,24407417.61,1977000826.41,534,2022,254,80.81692247696438
2022-12-29,2022-12-28,Prod. Sold Negotiated,2604,78.92,208.17,78.92,542074.6799999999,42780533.74559999,596707.2,45397483.77599999,534,2022,254,77.43187617421519
2022-12-30,2022-12-29,Prod. Sold Negotiated,4299,76.13,205.81,76.13,884777.19,67358087.4747,542074.6799999999,42780533.74559999,535,2022,255,77.1899476995464
2022-12-30,2022-12-29,Prod. Sold Swine or Pork Market Formula,123970,79.93,219.19,79.93000000000002,27172984.3,2171936635.0990005,25256539.68,2036687359.7952,535,2022,255,80.27202376469488
2023-01-03,2022-12-30,Prod. Sold Swine or Pork Market Formula,209343,79.35,219.06,79.35,45858677.58,3638886065.973,27172984.3,2171936635.0990005,22,2023,1,79.56580134544792
2023-01-03,2022-12-30,Prod. Sold Negotiated,5363,74.56,209.5,74.56,1123548.5,83771776.16,884777.19,67358087.4747,22,2023,1,75.25167077591881
2023-01-04,2023-01-03,Prod. Sold Negotiated,4027,73.57,209.07,73.57,841924.89,61940414.1573,1123548.5,83771776.16,23,2023,2,74.13592626522406
2023-01-04,2023-01-03,Prod. Sold Swine or Pork Market Formula,102692,78.89,216.72,78.89,22255410.24,1755729313.8335998,45858677.58,3638886065.973,23,2023,2,79.19970086162714
2023-01-05,2023-01-04,Prod. Sold Negotiated,5760,73.13,212.06,73.13,1221465.6,89325779.328,841924.89,61940414.1573,24,2023,3,73.30953312928179
2023-01-05,2023-01-04,Prod. Sold Swine or Pork Market Formula,116837,78.12,218.28,78.12,25503180.36,1992308449.7232,22255410.24,1755729313.8335998,24,2023,3,78.47881850091282
2023-01-06,2023-01-05,Prod. Sold Negotiated,6093,72.03,221.2,72.03,1347771.6,97079988.348,1221465.6,89325779.328,25,2023,4,72.55296150779692
2023-01-06,2023-01-05,Prod. Sold Swine or Pork Market Formula,121503,77.37,219.55,77.37,26675983.65,2063920855.0005,25503180.36,1992308449.7232,25,2023,4,77.73657132464474
2023-01-09,2023-01-06,Prod. Sold Negotiated,8710,71.72,218.91,71.72,1906706.1,136748961.49199998,1347771.6,97079988.348,31,2023,5,71.84837979992919
2023-01-09,2023-01-06,Prod. Sold Swine or Pork Market Formula,226883,76.81,220.41,76.81,50007282.03,3841059332.724301,26675983.65,2063920855.0005,31,2023,5,77.00480848541763
2023-01-10,2023-01-09,Prod. Sold Negotiated,4738,71.86,217.97,71.86,1032741.86,74212830.0596,1906706.1,136748961.49199998,32,2023,6,71.76918741966773
2023-01-10,2023-01-09,Prod. Sold Swine or Pork Market Formula,118786,76.26,217.95,76.26,25889408.7,1974326307.462,50007282.03,3841059332.724301,32,2023,6,76.62238740914732
2023-01-11,2023-01-10,Prod. Sold Swine or Pork Market Formula,118604,75.94,217.57,75.94,25804672.28,1959606812.9432,25889408.7,1974326307.462,33,2023,7,76.10026227039815
2023-01-11,2023-01-10,Prod. Sold Negotiated,2339,69.35,209.96,69.35,491096.44,34057538.114,1032741.86,74212830.0596,33,2023,7,71.05108735854715
2023-01-12,2023-01-11,Prod. Sold Swine or Pork Market Formula,123648,75.25,217.96,75.25,26950318.08,2028011435.52,25804672.28,1959606812.9432,34,2023,8,75.58750785947825
2023-01-12,2023-01-11,Prod. Sold Negotiated,3590,72.53,210.6,72.53,756054.0,54836596.62,491096.44,34057538.114,34,2023,8,71.277796072461
2023-01-13,2023-01-12,Prod. Sold Swine or Pork Market Formula,131060,74.53,218.63,74.53,28653647.8,2135556370.534,26950318.08,2028011435.52,35,2023,9,74.87897203302866
2023-01-13,2023-01-12,Prod. Sold Negotiated,3048,73.53,207.66,73.53,632947.6799999999,46540642.9104,756054.0,54836596.62,35,2023,9,72.98568532357713
2023-01-16,2023-01-13,Prod. Sold Swine or Pork Market Formula,200580,74.27,218.19,74.27,43764550.2,3250393143.354,28653647.8,2135556370.534,41,2023,10,74.37287398242083
2023-01-16,2023-01-13,Prod. Sold Negotiated,6849,73.21,204.94,73.21,1403634.06,102760049.5326,632947.6799999999,46540642.9104,41,2023,10,73.3094525550445
2023-01-17,2023-01-16,Prod. Sold Negotiated,3968,73.58,208.4,73.58,826931.2,60845597.696,1403634.06,102760049.5326,42,2023,11,73.34716906180094
2023-01-17,2023-01-16,Prod. Sold Swine or Pork Market Formula,111285,74.08,215.8,74.08,24015303.0,1779053646.24,43764550.2,3250393143.354,42,2023,11,74.20268047429171
2023-01-18,2023-01-17,Prod. Sold Negotiated,2982,71.26,206.12,71.26,614649.84,43799947.5984,826931.2,60845597.696,43,2023,12,72.59081688144289
2023-01-18,2023-01-17,Prod. Sold Swine or Pork Market Formula,120976,73.7,215.71,73.7,26095732.96,1923255519.152,24015303.0,1779053646.24,43,2023,12,73.8821118834439
2023-01-19,2023-01-18,Prod. Sold Negotiated,4143,70.92,205.46,70.92,851220.78,60368577.7176,614649.84,43799947.5984,44,2023,13,71.06256438648045
2023-01-19,2023-01-18,Prod. Sold Swine or Pork Market Formula,117631,72.98,215.37,72.98,25334188.47,1848889074.5406,26095732.96,1923255519.152,44,2023,13,73.34533067149971
2023-01-20,2023-01-19,Prod. Sold Swine or Pork Market Formula,114246,72.4,217.54,72.4,24853074.84,1799362618.416,25334188.47,1848889074.5406,45,2023,14,72.6927800470378
2023-01-20,2023-01-19,Prod. Sold Negotiated,4961,71.89,213.51,71.89,1059223.11,76147549.3779,851220.78,60368577.7176,45,2023,14,71.45780507351095
2023-01-23,2023-01-20,Prod. Sold Negotiated,8001,72.13,209.07,72.13,1672769.0699999998,120656833.01909998,1059223.11,76147549.3779,51,2023,15,72.03694938724165
2023-01-23,2023-01-20,Prod. Sold Swine or Pork Market Formula,156799,71.95,218.23,71.95,34218245.77,2462002783.1515,24853074.84,1799362618.416,51,2023,15,72.13932848567644
2023-01-24,2023-01-23,Prod. Sold Swine or Pork Market Formula,119814,72.3,215.73,72.3,25847474.22,1868772386.106,34218245.77,2462002783.1515,52,2023,16,72.10061196267199
2023-01-24,2023-01-23,Prod. Sold Negotiated,3961,72.61,210.31,72.61,833037.91,60486882.645100005,1672769.0699999998,120656833.01909998,52,2023,16,72.28957262470391
2023-01-25,2023-01-24,Prod. Sold Swine or Pork Market Formula,117625,72.41,215.97,72.41,25403471.25,1839465353.2125,25847474.22,1868772386.106,53,2023,17,72.35452351779803
2023-01-25,2023-01-24,Prod. Sold Negotiated,4005,70.23,211.17,70.23,845735.85,59396028.7455,833037.91,60486882.645100005,53,2023,17,71.41099905600144
2023-01-26,2023-01-25,Prod. Sold Swine or Pork Market Formula,117744,72.78,216.24,72.78,25460962.56,1853048855.1168003,25403471.25,1839465353.2125,54,2023,18,72.59520910273747
2023-01-26,2023-01-25,Prod. Sold Negotiated,3482,69.99,200.26,69.99,697305.32,48804399.34679999,845735.85,59396028.7455,54,2023,18,70.12154321993884
2023-01-27,2023-01-26,Prod. Sold Swine or Pork Market Formula,128386,72.69,215.61,72.69,27681305.46,2012154093.8874,25460962.56,1853048855.1168003,55,2023,19,72.73311985008878
2023-01-27,2023-01-26,Prod. Sold Negotiated,5047,69.91,211.86,69.91,1069257.4200000002,74751786.23220001,697305.32,48804399.34679999,55,2023,19,69.9415779475797
2023-01-30,2023-01-27,Prod. Sold Negotiated,7489,70.65,208.31,70.65,1560033.59,110216373.1335,1069257.4200000002,74751786.23220001,61,2023,20,70.34906317414442
2023-01-30,2023-01-27,Prod. Sold Swine or Pork Market Formula,150043,72.91,216.25,72.91,32446798.75,2365696096.8625,27681305.46,2012154093.8874,61,2023,20,72.80871812389209
2023-01-31,2023-01-30,Prod. Sold Negotiated,4342,70.5,217.14,70.5,942821.88,66468942.53999999,1560033.59,110216373.1335,62,2023,21,70.5934952262745
2023-01-31,2023-01-30,Prod. Sold Swine or Pork Market Formula,113489,72.35,216.19,72.35,24535186.91,1775120772.9385,32446798.75,2365696096.8625,62,2023,21,72.6688763446823
2023-02-01,2023-01-31,Prod. Sold Swine or Pork Market Formula,123569,72.76,214.18,72.76,26466008.42,1925666772.6392,24535186.91,1775120772.9385,63,2023,22,72.56276096338506
2023-02-01,2023-01-31,Prod. Sold Negotiated,5066,71.71,209.35,71.71,1060567.1,76053266.74099998,942821.88,66468942.53999999,63,2023,22,71.14055767692201
2023-02-02,2023-02-01,Prod. Sold Swine or Pork Market Formula,122750,73.03,214.42,73.03,26320055.0,1922153616.65,26466008.42,1925666772.6392,64,2023,23,72.894626725116
2023-02-02,2023-02-01,Prod. Sold Negotiated,4917,71.76,204.2,71.76,1004051.4,72050728.464,1060567.1,76053266.74099998,64,2023,23,71.73431566412873
2023-02-03,2023-02-02,Prod. Sold Swine or Pork Market Formula,127723,73.15,215.06,73.15,27468108.38,2009292127.997,26320055.0,1922153616.65,65,2023,24,73.09128063868465
2023-02-03,2023-02-02,Prod. Sold Negotiated,6587,72.2,210.35,72.2,1385575.45,100038547.49,1004051.4,72050728.464,65,2023,24,72.0151248526522
2023-02-06,2023-02-03,Prod. Sold Swine or Pork Market Formula,149718,73.56,215.85,73.56,32316630.3,2377211324.868,27468108.38,2009292127.997,71,2023,25,73.37162543009377
2023-02-06,2023-02-03,Prod. Sold Negotiated,8254,71.43,214.51,71.43,1770565.54,126471496.52220002,1385575.45,100038547.49,71,2023,25,71.76803721059368
2023-02-07,2023-02-06,Prod. Sold Swine or Pork Market Formula,117632,73.61,213.5,73.61,25114432.0,1848673339.52,32316630.3,2377211324.868,72,2023,26,73.58186485065244
2023-02-07,2023-02-06,Prod. Sold Negotiated,6560,73.04,210.24,73.04,1379174.4,100734898.176,1770565.54,126471496.52220002,72,2023,26,72.1349695613918
2023-02-08,2023-02-07,Prod. Sold Negotiated,3531,74.47,212.91,74.47,751785.21,55985444.5887,1379174.4,100734898.176,73,2023,27,73.54449236356008
2023-02-08,2023-02-07,Prod. Sold Swine or Pork Market Formula,121012,73.9,214.04,73.9,25901408.48,1914114086.672,25114432.0,1848673339.52,73,2023,27,73.75723678740813
2023-02-09,2023-02-08,Prod. Sold Negotiated,4642,73.85,209.36,73.85,971849.12,71771057.51200001,751785.21,55985444.5887,74,2023,28,74.12042094839222
2023-02-09,2023-02-08,Prod. Sold Swine or Pork Market Formula,125340,73.69,214.16,73.69,26842814.4,1978046993.136,25901408.48,1914114086.672,74,2023,28,73.79312590619026
2023-02-10,2023-02-09,Prod. Sold Negotiated,5704,73.16,204.98,73.16,1169205.92,85539105.1072,971849.12,71771057.51200001,75,2023,29,73.47319881099367
2023-02-10,2023-02-09,Prod. Sold Swine or Pork Market Formula,138010,74.33,214.65,74.33,29623846.5,2201940510.345,26842814.4,1978046993.136,75,2023,29,74.02576027797315
2023-02-13,2023-02-10,Prod. Sold Swine or Pork Market Formula,152122,75.06,215.3,75.06,32751866.6,2458355106.9960003,29623846.5,2201940510.345,81,2023,30,74.71330403661548
2023-02-13,2023-02-10,Prod. Sold Negotiated,7175,72.53,203.33,72.53,1458892.75,105813491.1575,1169205.92,85539105.1072,81,2023,30,72.81027856716658
2023-02-14,2023-02-13,Prod. Sold Negotiated,8747,76.43,204.86,76.43,1791910.4200000002,136955713.40060002,1458892.75,105813491.1575,82,2023,31,74.67976123515962
2023-02-14,2023-02-13,Prod. Sold Swine or Pork Market Formula,117387,75.39,213.23,75.39,25030430.01,1887044118.4539,32751866.6,2458355106.9960003,82,2023,31,75.202951083427
2023-02-15,2023-02-14,Prod. Sold Negotiated,6271,76.84,210.45,76.84,1319731.95,101408203.038,1791910.4200000002,136955713.40060002,83,2023,32,76.60389212356688
2023-02-15,2023-02-14,Prod. Sold Swine or Pork Market Formula,126421,75.71,214.92,75.71,27170401.32,2057071083.9372,25030430.01,1887044118.4539,83,2023,32,75.55655919457365
2023-02-16,2023-02-15,Prod. Sold Swine or Pork Market Formula,117652,75.88,214.6,75.88,25248119.2,1915827284.896,27170401.32,2057071083.9372,84,2023,33,75.79188289599593
2023-02-16,2023-02-15,Prod. Sold Negotiated,8390,76.73,206.96,76.73,1736394.4,133233542.31200002,1319731.95,101408203.038,84,2023,33,76.77750147666505
2023-02-17,2023-02-16,Prod. Sold Swine or Pork Market Formula,120961,76.19,214.98,76.19,26004195.78,1981259676.4782,25248119.2,1915827284.896,85,2023,34,76.03728656734717
2023-02-17,2023-02-16,Prod. Sold Negotiated,6997,77.14,212.15,77.14,1484413.55,114507661.247,1736394.4,133233542.31200002,85,2023,34,76.91896176516828
2023-02-20,2023-02-17,Prod. Sold Negotiated,10531,77.76,213.11,77.76,2244261.41,174513767.24160004,1484413.55,114507661.247,91,2023,35,77.51317333613869
2023-02-20,2023-02-17,Prod. Sold Swine or Pork Market Formula,141941,76.47,216.07,76.47,30669191.87,2345273102.2989,26004195.78,1981259676.4782,91,2023,35,76.3415239176566
2023-02-21,2023-02-20,Prod. Sold Swine or Pork Market Formula,106955,77.02,213.62,77.02,22847727.1,1759731941.242,30669191.87,2345273102.2989,92,2023,36,76.7048089192512
2023-02-21,2023-02-20,Prod. Sold Negotiated,3967,77.28,211.21,77.28,837870.07,64750599.009600006,2244261.41,174513767.24160004,92,2023,36,77.6295131482191
2023-02-22,2023-02-21,Prod. Sold Negotiated,2868,77.43,216.58,77.43,621151.4400000001,48095755.99920001,837870.07,64750599.009600006,93,2023,37,77.343859727469
2023-02-22,2023-02-21,Prod. Sold Swine or Pork Market Formula,122809,77.98,214.18,77.98,26303231.62,2051126001.7276,22847727.1,1759731941.242,93,2023,37,77.53374587623102
2023-02-23,2023-02-22,Prod. Sold Negotiated,3333,77.68,215.74,77.68,719061.42,55856691.10560001,621151.4400000001,48095755.99920001,94,2023,38,77.56413194304075
2023-02-23,2023-02-22,Prod. Sold Swine or Pork Market Formula,86879,77.39,213.65,77.39,18561698.35,1436489835.3065002,26303231.62,2051126001.7276,94,2023,38,77.73590283917032
2023-02-24,2023-02-23,Prod. Sold Swine or Pork Market Formula,85188,77.48,213.66,77.48,18201268.08,1410234250.8384,18561698.35,1436489835.3065002,95,2023,39,77.43455881247557
2023-02-24,2023-02-23,Prod. Sold Negotiated,5051,79.4,210.61,79.4,1063791.11,84465014.13400003,719061.42,55856691.10560001,95,2023,39,78.70628830955526
2023-02-27,2023-02-24,Prod. Sold Negotiated,11434,77.86,209.24,77.86,2392450.16,186276169.4576,1063791.11,84465014.13400003,101,2023,40,78.33399419815387
2023-02-27,2023-02-24,Prod. Sold Swine or Pork Market Formula,176679,78.57,215.52,78.57,38077858.08,2991777309.3456,18201268.08,1410234250.8384,101,2023,40,78.2174824049187
2023-02-28,2023-02-27,Prod. Sold Negotiated,9470,77.93,210.92,77.93,1997412.4,155658348.33200002,2392450.16,186276169.4576,102,2023,41,77.89185039761244
2023-02-28,2023-02-27,Prod. Sold Swine or Pork Market Formula,110895,78.52,213.41,78.52,23666101.95,1858262325.114,38077858.08,2991777309.3456,102,2023,41,78.5508352898498
2023-03-01,2023-02-28,Prod. Sold Swine or Pork Market Formula,120288,78.72,213.35,78.72,25663444.8,2020226374.656,23666101.95,1858262325.114,103,2023,42,78.62404897871882
2023-03-01,2023-02-28,Prod. Sold Negotiated,7740,78.16,206.69,78.16,1599780.6,125038851.696,1997412.4,155658348.33200002,103,2023,42,78.03228796119642
2023-03-02,2023-03-01,Prod. Sold Negotiated,5767,77.54,207.18,77.54,1194807.06,92645339.4324,1599780.6,125038851.696,104,2023,43,77.89492319178136
2023-03-02,2023-03-01,Prod. Sold Swine or Pork Market Formula,115189,78.66,214.17,78.66,24670028.13,1940544412.7058,25663444.8,2020226374.656,104,2023,43,78.69059210100883
2023-03-03,2023-03-02,Prod. Sold Negotiated,5143,76.5,205.77,76.5,1058275.11,80958045.915,1194807.06,92645339.4324,105,2023,44,77.0515108853753
2023-03-03,2023-03-02,Prod. Sold Swine or Pork Market Formula,131222,78.88,215.46,78.88,28273092.12,2230181506.4256,24670028.13,1940544412.7058,105,2023,44,78.77748609143225
2023-03-06,2023-03-03,Prod. Sold Swine or Pork Market Formula,148505,79.13,215.81,79.13,32048864.05,2536026612.2765,28273092.12,2230181506.4256,111,2023,45,79.01282420732377
2023-03-06,2023-03-03,Prod. Sold Negotiated,11615,77.49,208.77,77.49,2424863.5500000003,187902676.4895,1058275.11,80958045.915,111,2023,45,77.18921026373954
2023-03-07,2023-03-06,Prod. Sold Swine or Pork Market Formula,107309,79.32,214.47,79.32,23014561.23,1825514996.7636,32048864.05,2536026612.2765,112,2023,46,79.2094132695426
2023-03-07,2023-03-06,Prod. Sold Negotiated,5872,77.0,208.73,77.0,1225662.56,94376017.12,2424863.5500000003,187902676.4895,112,2023,46,77.32548271227131
2023-03-08,2023-03-07,Prod. Sold Negotiated,4759,78.1,213.75,78.1,1017236.25,79446151.125,1225662.56,94376017.12,113,2023,47,77.49889003909186
2023-03-08,2023-03-07,Prod. Sold Swine or Pork Market Formula,120363,79.42,214.55,79.42,25823881.65,2050932680.643,23014561.23,1825514996.7636,113,2023,47,79.37287613635318
2023-03-09,2023-03-08,Prod. Sold Swine or Pork Market Formula,116472,79.52,214.96,79.52,25036821.12,1990928015.4624,25823881.65,2050932680.643,114,2023,48,79.46922625869567
2023-03-09,2023-03-08,Prod. Sold Negotiated,4717,76.82,208.6,76.81999999999998,983966.2,75588283.48399998,1017236.25,79446151.125,114,2023,48,77.47064001895457
2023-03-10,2023-03-09,Prod. Sold Swine or Pork Market Formula,125201,79.93,216.48,79.93,27103512.48,2166383752.5264,25036821.12,1990928015.4624,115,2023,49,79.7331256044898
2023-03-10,2023-03-09,Prod. Sold Negotiated,6572,77.29,213.61,77.29,1403844.9200000002,108503173.86680004,983966.2,75588283.48399998,115,2023,49,77.09632299174483
2023-03-13,2023-03-10,Prod. Sold Swine or Pork Market Formula,140564,80.03,217.37,80.02999999999999,30554396.68,2445268366.3004,27103512.48,2166383752.5264,121,2023,50,79.98299255058869
2023-03-13,2023-03-10,Prod. Sold Negotiated,13556,78.58,212.53,78.58,2881056.68,226393433.9144,1403844.9200000002,108503173.86680004,121,2023,50,78.15736253574643
2023-03-14,2023-03-13,Prod. Sold Swine or Pork Market Formula,111113,80.07,214.17,80.07,23797071.21,1905431491.7847,30554396.68,2445268366.3004,122,2023,51,80.04751347084729
2023-03-14,2023-03-13,Prod. Sold Negotiated,8992,77.41,210.96,77.41,1896952.32,146843079.0912,2881056.68,226393433.9144,122,2023,51,78.11548973758734
2023-03-15,2023-03-14,Prod. Sold Negotiated,7085,78.09,210.46,78.09,1491109.1,116440709.61900002,1896952.32,146843079.0912,123,2023,52,77.70927267021035
2023-03-15,2023-03-14,Prod. Sold Swine or Pork Market Formula,124533,80.09,215.05,80.09,26780821.65,2144876005.9485,23797071.21,1905431491.7847,123,2023,52,80.08058993174119
2023-03-16,2023-03-15,Prod. Sold Negotiated,6676,77.26,209.41,77.26,1398021.16,108011114.8216,1491109.1,116440709.61900002,124,2023,53,77.68837132341692
2023-03-16,2023-03-15,Prod. Sold Swine or Pork Market Formula,117706,80.07,214.81,80.07,25284425.86,2024523978.6102,26780821.65,2144876005.9485,124,2023,53,80.08028740779339
2023-03-17,2023-03-16,Prod. Sold Swine or Pork Market Formula,131338,80.13,214.83,80.13,28215342.540000003,2260895397.7302003,25284425.86,2024523978.6102,125,2023,54,80.10164351179507
2023-03-17,2023-03-16,Prod. Sold Negotiated,6401,79.39,211.85,79.39,1356051.85,107656956.3715,1398021.16,108011114.8216,125,2023,54,78.30877046832538
2023-03-20,2023-03-17,Prod. Sold Swine or Pork Market Formula,133588,79.17,215.73,79.17,28818939.24,2281595419.6308,28215342.540000003,2260895397.7302003,131,2023,55,79.64492013562794
2023-03-20,2023-03-17,Prod. Sold Negotiated,11017,77.27,211.85,77.27,2333951.45,180344428.5415,1356051.85,107656956.3715,131,2023,55,78.04908600298542
2023-03-21,2023-03-20,Prod. Sold Swine or Pork Market Formula,104557,78.21,213.82,78.21,22356377.74,1748492303.0453997,28818939.24,2281595419.6308,132,2023,56,78.750615736317
2023-03-21,2023-03-20,Prod. Sold Negotiated,6879,78.01,207.7,78.01,1428768.2999999998,111458215.083,2333951.45,180344428.5415,132,2023,56,77.55099051012238
2023-03-22,2023-03-21,Prod. Sold Swine or Pork Market Formula,120597,77.47,214.0,77.47,25807758.0,1999327012.26,22356377.74,1748492303.0453997,133,2023,57,77.81348627403814
2023-03-22,2023-03-21,Prod. Sold Negotiated,5207,78.14,211.33,78.14,1100395.31,85984889.52340001,1428768.2999999998,111458215.083,133,2023,57,78.0665607498599
2023-03-23,2023-03-22,Prod. Sold Negotiated,6045,79.14,205.89,79.14,1244605.0499999998,98498043.657,1100395.31,85984889.52340001,134,2023,58,78.67074834069534
2023-03-23,2023-03-22,Prod. Sold Swine or Pork Market Formula,119672,77.2,214.75,77.2,25699562.0,1984006186.4,25807758.0,1999327012.26,134,2023,58,77.33528358027557
2023-03-24,2023-03-23,Prod. Sold Negotiated,6896,79.05,209.99,79.05,1448091.04,114471596.712,1244605.0499999998,98498043.657,135,2023,59,79.09159936760632
2023-03-24,2023-03-23,Prod. Sold Swine or Pork Market Formula,127800,76.59,215.23,76.59,27506394.0,2106714716.46,25699562.0,1984006186.4,135,2023,59,76.88464244228598
2023-03-27,2023-03-24,Prod. Sold Negotiated,9164,76.67,201.94,76.67,1850578.16,141883827.52719998,1448091.04,114471596.712,141,2023,60,77.7148021508795
2023-03-27,2023-03-24,Prod. Sold Swine or Pork Market Formula,140165,76.43,216.31,76.43,30319091.15,2317288136.5945,27506394.0,2106714716.46,141,2023,60,76.50610870931017
2023-03-28,2023-03-27,Prod. Sold Negotiated,7861,75.38,206.67,75.38,1624632.87,122464825.7406,1850578.16,141883827.52719998,142,2023,61,76.06693549997163
2023-03-28,2023-03-27,Prod. Sold Swine or Pork Market Formula,111833,76.05,215.15,76.05,24060869.95,1829829159.6975,30319091.15,2317288136.5945,142,2023,61,76.26186581240493
2023-03-29,2023-03-28,Prod. Sold Swine or Pork Market Formula,119902,75.96,214.5,75.96,25718979.0,1953613644.84,24060869.95,1829829159.6975,143,2023,62,76.0035011021764
2023-03-29,2023-03-28,Prod. Sold Negotiated,5795,76.8,213.88,76.8,1239434.6,95188577.27999999,1624632.87,122464825.7406,143,2023,62,75.99450966167356
2023-03-30,2023-03-29,Prod. Sold Swine or Pork Market Formula,122588,75.46,214.25,75.46,26264479.0,1981917585.34,25718979.0,1953613644.84,144,2023,63,75.70737656929248
2023-03-30,2023-03-29,Prod. Sold Negotiated,7402,77.13,207.5,77.13,1535915.0,118465123.95,1239434.6,95188577.27999999,144,2023,63,76.9826263437226
2023-03-31,2023-03-30,Prod. Sold Swine or Pork Market Formula,126673,75.3,215.77,75.3,27332233.21,2058117160.713,26264479.0,1981917585.34,145,2023,64,75.37840623923971
2023-03-31,2023-03-30,Prod. Sold Negotiated,4328,77.52,209.41,77.52,906326.48,70258428.7296,1535915.0,118465123.95,145,2023,64,77.27473070337008
2023-04-03,2023-03-31,Prod. Sold Negotiated,9302,77.85,209.39,77.85,1947745.78,151632008.97299996,906326.48,70258428.7296,151,2023,65,77.74520666922426
2023-04-03,2023-03-31,Prod. Sold Swine or Pork Market Formula,139159,74.86,215.54,74.86,29994330.86,2245375608.1796,27332233.21,2058117160.713,151,2023,65,75.06978376791805
2023-04-04,2023-04-03,Prod. Sold Negotiated,3820,74.83,213.44,74.83,815340.8,61011952.064,1947745.78,151632008.97299996,152,2023,66,76.95884833149165
2023-04-04,2023-04-03,Prod. Sold Swine or Pork Market Formula,111570,74.19,214.43,74.19,23923955.1,1774918228.869,29994330.86,2245375608.1796,152,2023,66,74.56271588512863
2023-04-05,2023-04-04,Prod. Sold Negotiated,2114,74.22,212.87,74.22,450007.18,33399532.8996,815340.8,61011952.064,153,2023,67,74.6130601667377
2023-04-05,2023-04-04,Prod. Sold Swine or Pork Market Formula,120265,73.62,215.52,73.62,25919512.8,1908194532.336,23923955.1,1774918228.869,153,2023,67,73.8935895992301
2023-04-06,2023-04-05,Prod. Sold Negotiated,2270,72.55,210.41,72.55,477630.7,34652107.285,450007.18,33399532.8996,154,2023,68,73.36013508266825
2023-04-06,2023-04-05,Prod. Sold Swine or Pork Market Formula,119447,73.06,216.57,73.06,25868636.79,1889962603.8774,25919512.8,1908194532.336,154,2023,68,73.3402750683875
2023-04-07,2023-04-06,Prod. Sold Negotiated,2775,73.31,206.55,73.31,573176.25,42019550.8875,477630.7,34652107.285,155,2023,69,72.96455183561548
2023-04-07,2023-04-06,Prod. Sold Swine or Pork Market Formula,127221,72.7,214.78,72.7,27324526.38,1986493067.826,25868636.79,1889962603.8774,155,2023,69,72.87507342465491
2023-04-10,2023-04-07,Prod. Sold Swine or Pork Market Formula,106860,72.55,215.48,72.55,23026192.8,1670550287.64,27324526.38,1986493067.826,161,2023,70,72.63140259014669
2023-04-10,2023-04-07,Prod. Sold Negotiated,1094,72.94,212.34,72.94,232299.96,16943959.082399998,573176.25,42019550.8875,161,2023,70,73.20329171472365
2023-04-11,2023-04-10,Prod. Sold Negotiated,4108,72.17,206.24,72.17,847233.92,61144872.0064,232299.96,16943959.082399998,162,2023,71,72.33569277955407
2023-04-11,2023-04-10,Prod. Sold Swine or Pork Market Formula,87240,72.49,212.94,72.49,18576885.6,1346638437.144,23026192.8,1670550287.64,162,2023,71,72.52320839757857
2023-04-12,2023-04-11,Prod. Sold Negotiated,3108,71.71,204.62,71.71,635958.96,45604617.02159999,847233.92,61144872.0064,163,2023,72,71.97276259039216
2023-04-12,2023-04-11,Prod. Sold Swine or Pork Market Formula,119634,72.09,214.44,72.09,25654314.96,1849419565.4664,18576885.6,1346638437.144,163,2023,72,72.2579980227966
2023-04-13,2023-04-12,Prod. Sold Negotiated,3592,71.35,218.74,71.35,785714.08,56060699.608,635958.96,45604617.02159999,164,2023,73,71.51103929606768
2023-04-13,2023-04-12,Prod. Sold Swine or Pork Market Formula,130804,71.84,214.36,71.84,28039145.44,2014332208.4096005,25654314.96,1849419565.4664,164,2023,73,71.95944804250314
2023-04-14,2023-04-13,Prod. Sold Swine or Pork Market Formula,131743,71.47,215.18,71.47,28348458.74,2026064346.1478,28039145.44,2014332208.4096005,165,2023,74,71.65398518546174
2023-04-14,2023-04-13,Prod. Sold Negotiated,3983,70.31,213.62,70.31,850848.46,59823155.2226,785714.08,56060699.608,165,2023,74,70.8093042570802
2023-04-17,2023-04-14,Prod. Sold Negotiated,5936,69.63,208.02,69.63,1234806.72,85979591.9136,850848.46,59823155.2226,171,2023,75,69.90740777015691
2023-04-17,2023-04-14,Prod. Sold Swine or Pork Market Formula,152449,71.67,215.18,71.67,32803975.82,2351060947.0194,28348458.74,2026064346.1478,171,2023,75,71.57728591937845
2023-04-18,2023-04-17,Prod. Sold Negotiated,3809,69.74,208.96,69.74,795928.64,55508063.3536,1234806.72,85979591.9136,172,2023,76,69.6731135204146
2023-04-18,2023-04-17,Prod. Sold Swine or Pork Market Formula,119462,71.76,213.59,71.76,25515888.58,1831020164.5008004,32803975.82,2351060947.0194,172,2023,76,71.70937646281976
2023-04-19,2023-04-18,Prod. Sold Negotiated,3087,70.28,215.36,70.28,664816.3200000001,46723290.96960001,795928.64,55508063.3536,173,2023,77,69.98576556663252
2023-04-19,2023-04-18,Prod. Sold Swine or Pork Market Formula,126541,71.47,213.47,71.47,27012707.27,1930598188.5869,25515888.58,1831020164.5008004,173,2023,77,71.61086817986399
2023-04-20,2023-04-19,Prod. Sold Negotiated,2656,71.44,216.54,71.44,575130.24,41087304.3456,664816.3200000001,46723290.96960001,174,2023,78,70.8180482513698
2023-04-20,2023-04-19,Prod. Sold Swine or Pork Market Formula,116235,71.37,213.85,71.37,24856854.75,1774033723.5075002,27012707.27,1930598188.5869,174,2023,78,71.42207814798897
2023-04-21,2023-04-20,Prod. Sold Negotiated,2858,67.32,222.72,67.32,636533.76,42851452.72319999,575130.24,41087304.3456,175,2023,79,69.27560534009429
2023-04-21,2023-04-20,Prod. Sold Swine or Pork Market Formula,127374,71.34,213.84,71.34,27237656.16,1943134390.4544,24856854.75,1774033723.5075002,175,2023,79,71.3543144763138
2023-04-24,2023-04-21,Prod. Sold Swine or Pork Market Formula,142945,71.15,214.54,71.15,30667420.3,2181986954.345,27237656.16,1943134390.4544,181,2023,80,71.23937307377489
2023-04-24,2023-04-21,Prod. Sold Negotiated,2453,69.16,216.88,69.16,532006.64,36793579.2224,636533.76,42851452.72319999,181,2023,80,68.15770507001727
2023-04-25,2023-04-24,Prod. Sold Swine or Pork Market Formula,111096,71.46,212.87,71.46,23649005.52,1689957934.4592,30667420.3,2181986954.345,182,2023,81,71.28497190951951
2023-04-25,2023-04-24,Prod. Sold Negotiated,4046,66.52,196.78,66.52,796171.88,52961353.4576,532006.64,36793579.2224,182,2023,81,67.57746140932923
2023-04-26,2023-04-25,Prod. Sold Negotiated,2411,66.77,208.74,66.77,503272.14,33603480.7878,796171.88,52961353.4576,183,2023,82,66.61682451345614
2023-04-26,2023-04-25,Prod. Sold Swine or Pork Market Formula,110971,71.42,212.85,71.42,23620177.35,1686953066.337,23649005.52,1689957934.4592,183,2023,82,71.440012197448
2023-04-27,2023-04-26,Prod. Sold Negotiated,3577,66.18,212.64,66.18,760613.2799999998,50337386.8704,503272.14,33603480.7878,184,2023,83,66.41493471631313
2023-04-27,2023-04-26,Prod. Sold Swine or Pork Market Formula,118852,71.42,212.56,71.42,25263181.12,1804296395.5904,23620177.35,1686953066.337,184,2023,83,71.42
2023-04-28,2023-04-27,Prod. Sold Negotiated,4056,68.4,206.72,68.4,838456.32,57350412.288,760613.2799999998,50337386.8704,185,2023,84,67.34403503037016
2023-04-28,2023-04-27,Prod. Sold Swine or Pork Market Formula,122306,71.82,213.15,71.82,26069523.9,1872313206.498,25263181.12,1804296395.5904,185,2023,84,71.62314163369993
2023-05-01,2023-04-28,Prod. Sold Swine or Pork Market Formula,129623,72.62,213.7,72.62,27700435.1,2011605596.962,26069523.9,1872313206.498,191,2023,85,72.23213250841422
2023-05-01,2023-04-28,Prod. Sold Negotiated,4132,66.97,201.04,66.97,830697.2799999998,55631796.84159999,838456.32,57350412.288,191,2023,85,67.68832366871449
2023-05-02,2023-05-01,Prod. Sold Negotiated,7961,72.78,207.83,72.78,1654534.63,120417030.3714,830697.2799999998,55631796.84159999,192,2023,86,70.83798759569281
2023-05-02,2023-05-01,Prod. Sold Swine or Pork Market Formula,113090,73.7,213.15,73.7,24105133.5,1776548338.95,27700435.1,2011605596.962,192,2023,86,73.1225240506674
2023-05-03,2023-05-02,Prod. Sold Swine or Pork Market Formula,117990,73.96,212.18,73.96,25035118.2,1851597342.072,24105133.5,1776548338.95,193,2023,87,73.8324602643824
2023-05-03,2023-05-02,Prod. Sold Negotiated,7249,73.02,208.52,73.02,1511561.48,110374219.2696,1654534.63,120417030.3714,193,2023,87,72.89458109374955
2023-05-04,2023-05-03,Prod. Sold Negotiated,4230,72.49,208.68,72.49,882716.4,63988111.836,1511561.48,110374219.2696,194,2023,88,72.8246009212598
2023-05-04,2023-05-03,Prod. Sold Swine or Pork Market Formula,121960,74.64,213.13,74.64,25993334.8,1940142509.472,25035118.2,1851597342.072,194,2023,88,74.30638454871443
2023-05-05,2023-05-04,Prod. Sold Swine or Pork Market Formula,129605,74.54,213.32,74.54,27647338.6,2060832619.244,25993334.8,1940142509.472,195,2023,89,74.58845825593235
2023-05-05,2023-05-04,Prod. Sold Negotiated,5789,73.54,215.03,73.54,1244808.67,91543229.5918,882716.4,63988111.836,195,2023,89,73.10435191619153
2023-05-08,2023-05-05,Prod. Sold Negotiated,8595,71.34,200.64,71.34,1724500.7999999998,123025887.072,1244808.67,91543229.5918,201,2023,90,72.26229493142054
2023-05-08,2023-05-05,Prod. Sold Swine or Pork Market Formula,145337,74.51,213.47,74.51,31025089.39,2311679410.4489,27647338.6,2060832619.244,201,2023,90,74.52413645534051
2023-05-09,2023-05-08,Prod. Sold Negotiated,6790,74.61,208.74,74.61,1417344.6,105748080.606,1724500.7999999998,123025887.072,202,2023,91,72.81515751156947
2023-05-09,2023-05-08,Prod. Sold Swine or Pork Market Formula,121507,75.03,212.23,75.03,25787430.61,1934830918.6683,31025089.39,2311679410.4489,202,2023,91,74.74603008486862
2023-05-10,2023-05-09,Prod. Sold Negotiated,4018,73.49,204.96,73.49,823529.28,60521166.7872,1417344.6,105748080.606,203,2023,92,74.19839593703507
2023-05-10,2023-05-09,Prod. Sold Swine or Pork Market Formula,126690,75.19,211.39,75.19,26780999.1,2013663322.329,25787430.61,1934830918.6683,203,2023,92,75.11151203830205
2023-05-11,2023-05-10,Prod. Sold Negotiated,4304,74.04,208.33,74.04,896652.32,66388137.772800006,823529.28,60521166.7872,204,2023,93,73.77668994947975
2023-05-11,2023-05-10,Prod. Sold Swine or Pork Market Formula,117252,75.74,211.61,75.74,24811695.720000003,1879237833.8328,26780999.1,2013663322.329,204,2023,93,75.45450319553204
2023-05-12,2023-05-11,Prod. Sold Swine or Pork Market Formula,125755,76.19,211.95,76.19,26653772.25,2030750907.7275,24811695.720000003,1879237833.8328,205,2023,94,75.97305330711248
2023-05-12,2023-05-11,Prod. Sold Negotiated,4935,74.42,213.27,74.42,1052487.45,78326116.029,896652.32,66388137.772800006,205,2023,94,74.24519063699573
2023-05-15,2023-05-12,Prod. Sold Swine or Pork Market Formula,138179,77.09,212.5,77.09,29363037.5,2263596560.875,26653772.25,2030750907.7275,211,2023,95,76.66176434837936
2023-05-15,2023-05-12,Prod. Sold Negotiated,6378,71.09,196.74,71.09,1254807.72,89204280.81480001,1052487.45,78326116.029,211,2023,95,72.60900079975464
2023-05-16,2023-05-15,Prod. Sold Swine or Pork Market Formula,119065,77.46,210.34,77.46,25044132.1,1939918472.466,29363037.5,2263596560.875,212,2023,96,77.26031448143921
2023-05-16,2023-05-15,Prod. Sold Negotiated,8274,78.57,211.44,78.57,1749454.56,137454644.7792,1254807.72,89204280.81480001,212,2023,96,75.445784844724
2023-05-17,2023-05-16,Prod. Sold Negotiated,7517,78.66,206.02,78.66,1548652.34,121816993.0644,1749454.56,137454644.7792,213,2023,97,78.61226021618643
2023-05-17,2023-05-16,Prod. Sold Swine or Pork Market Formula,115861,78.03,211.24,78.03,24474477.64,1909743490.2492,25044132.1,1939918472.466,213,2023,97,77.74172140389335
2023-05-18,2023-05-17,Prod. Sold Negotiated,6343,77.57,211.81,77.57,1343510.83,104216135.0831,1548652.34,121816993.0644,214,2023,98,78.15365692091984
2023-05-18,2023-05-17,Prod. Sold Swine or Pork Market Formula,108372,78.86,211.98,78.86,22972696.56,1811626850.7216,24474477.64,1909743490.2492,214,2023,98,78.43186456762265
2023-05-19,2023-05-18,Prod. Sold Swine or Pork Market Formula,126973,79.46,211.49,79.46,26853519.77,2133780680.9242,22972696.56,1811626850.7216,215,2023,99,79.18336615237426
2023-05-19,2023-05-18,Prod. Sold Negotiated,7158,78.68,211.51,78.68,1513988.5799999998,119120621.4744,1343510.83,104216135.0831,215,2023,99,78.1581111708786
2023-05-22,2023-05-19,Prod. Sold Swine or Pork Market Formula,131907,79.84,212.57,79.84,28039470.99,2238671363.8416,26853519.77,2133780680.9242,221,2023,100,79.65410490899986
2023-05-22,2023-05-19,Prod. Sold Negotiated,7769,77.5,206.04,77.5,1600724.76,124056168.9,1513988.5799999998,119120621.4744,221,2023,100,78.07357012648876
2023-05-23,2023-05-22,Prod. Sold Swine or Pork Market Formula,119914,80.12,209.67,80.12,25142368.38,2014406554.6056,28039470.99,2238671363.8416,222,2023,101,79.97237344232158
2023-05-23,2023-05-22,Prod. Sold Negotiated,9363,85.5,205.17,85.5,1921006.71,164246073.70499998,1600724.76,124056168.9,222,2023,101,81.86377782091375
2023-05-24,2023-05-23,Prod. Sold Swine or Pork Market Formula,116932,80.53,209.54,80.53,24501931.28,1973140525.9784,25142368.38,2014406554.6056,223,2023,102,80.32235539414597
2023-05-24,2023-05-23,Prod. Sold Negotiated,7017,86.13,211.2,86.13,1481990.4,127643833.15199998,1921006.71,164246073.70499998,223,2023,102,85.77436225239697
2023-05-25,2023-05-24,Prod. Sold Swine or Pork Market Formula,120168,80.5,210.54,80.5,25300170.72,2036663742.96,24501931.28,1973140525.9784,224,2023,103,80.51475957658171
2023-05-25,2023-05-24,Prod. Sold Negotiated,6617,85.32,210.42,85.32,1392349.14,118795228.62479998,1481990.4,127643833.15199998,224,2023,103,85.73763062689525
2023-05-26,2023-05-25,Prod. Sold Negotiated,5822,86.36,209.88,86.36,1221921.36,105525128.64959998,1392349.14,118795228.62479998,225,2023,104,85.8061005065849
2023-05-26,2023-05-25,Prod. Sold Swine or Pork Market Formula,130991,79.95,210.86,79.95,27620762.26,2208279942.6870003,25300170.72,2036663742.96,225,2023,104,80.2129412051609
2023-05-30,2023-05-26,Prod. Sold Negotiated,8196,85.11,207.16,85.10999999999999,1697883.36,144506852.76959997,1221921.36,105525128.64959998,232,2023,105,85.63311775836841
2023-05-30,2023-05-26,Prod. Sold Swine or Pork Market Formula,121371,79.58,211.42,79.58,25660256.82,2042043237.7356,27620762.26,2208279942.6870003,232,2023,105,79.77180718035545
2023-05-31,2023-05-30,Prod. Sold Swine or Pork Market Formula,118261,78.8,210.41,78.8,24883297.01,1960803804.388,25660256.82,2042043237.7356,233,2023,106,79.19599511318336
2023-05-31,2023-05-30,Prod. Sold Negotiated,4613,87.09,213.26,87.09,983768.38,85676388.2142,1697883.36,144506852.76959997,233,2023,106,85.83636627767333
2023-06-01,2023-05-31,Prod. Sold Swine or Pork Market Formula,129533,79.89,210.28,79.89,27238199.24,2176059737.2836,24883297.01,1960803804.388,234,2023,107,79.3696236544936
2023-06-01,2023-05-31,Prod. Sold Negotiated,5266,85.33,210.28,85.33,1107334.48,94488851.1784,983768.38,85676388.2142,234,2023,107,86.15799960820675
2023-06-02,2023-06-01,Prod. Sold Negotiated,3989,84.5,217.74,84.5,868564.86,73393730.67,1107334.48,94488851.1784,235,2023,108,84.96514900824857
2023-06-02,2023-06-01,Prod. Sold Swine or Pork Market Formula,119206,80.86,210.1,80.86,25045180.6,2025153303.316,27238199.24,2176059737.2836,235,2023,108,80.35465674668211
2023-06-05,2023-06-02,Prod. Sold Negotiated,6866,83.33,206.59,83.33,1418446.94,118199183.5102,868564.86,73393730.67,241,2023,109,83.7743444000595
2023-06-05,2023-06-02,Prod. Sold Swine or Pork Market Formula,142674,81.31,210.42,81.31,30021463.08,2441045163.0348,25045180.6,2025153303.316,241,2023,109,81.10533288181693
2023-06-06,2023-06-05,Prod. Sold Negotiated,8457,88.23,210.8,88.23,1782735.6,157290761.988,1418446.94,118199183.5102,242,2023,110,86.05880547449193
2023-06-06,2023-06-05,Prod. Sold Swine or Pork Market Formula,113180,81.99,209.26,81.99,23684046.8,1941854997.132,30021463.08,2441045163.0348,242,2023,110,81.60987894836089
2023-06-07,2023-06-06,Prod. Sold Swine or Pork Market Formula,119490,83.4,208.18,83.4,24875428.2,2074610711.88,23684046.8,1941854997.132,243,2023,111,82.71229680740988
2023-06-07,2023-06-06,Prod. Sold Negotiated,5890,88.23,213.05,88.23,1254864.5,110716694.835,1782735.6,157290761.988,243,2023,111,88.23
2023-06-08,2023-06-07,Prod. Sold Negotiated,7651,87.46,211.33,87.46,1616885.83,141412834.6918,1254864.5,110716694.835,244,2023,112,87.79646576267653
2023-06-08,2023-06-07,Prod. Sold Swine or Pork Market Formula,116563,83.74,208.75,83.74,24332526.25,2037605748.175,24875428.2,2074610711.88,244,2023,112,83.56812442251397
2023-06-09,2023-06-08,Prod. Sold Swine or Pork Market Formula,123691,84.24,210.12,84.24,25989952.92,2189393633.9808,24332526.25,2037605748.175,245,2023,113,83.99823402730419
2023-06-09,2023-06-08,Prod. Sold Negotiated,9732,88.57,210.67,88.57,2050240.44,181589795.7708,1616885.83,141412834.6918,245,2023,113,88.08058590864938
2023-06-12,2023-06-09,Prod. Sold Negotiated,13615,87.99,212.58,87.99,2894276.7,254667406.833,2050240.44,181589795.7708,251,2023,114,88.23049657864063
2023-06-12,2023-06-09,Prod. Sold Swine or Pork Market Formula,138862,84.58,211.7,84.58,29397085.4,2486405483.132,25989952.92,2189393633.9808,251,2023,114,84.42045754637131
2023-06-13,2023-06-12,Prod. Sold Swine or Pork Market Formula,114069,85.43,208.75,85.43,23811903.75,2034250937.3625,29397085.4,2486405483.132,252,2023,115,84.96038907543314
2023-06-13,2023-06-12,Prod. Sold Negotiated,9699,93.56,206.74,93.56,2005171.26,187603823.0856,2894276.7,254667406.833,252,2023,115,90.26960456144941
2023-06-14,2023-06-13,Prod. Sold Swine or Pork Market Formula,117457,85.95,208.63,85.95,24505053.91,2106209383.5645,23811903.75,2034250937.3625,253,2023,116,85.69372993355395
2023-06-14,2023-06-13,Prod. Sold Negotiated,7832,93.61,209.3,93.61,1639237.6,153449031.736,2005171.26,187603823.0856,253,2023,116,93.58248975983444
2023-06-15,2023-06-14,Prod. Sold Negotiated,8168,92.95,211.4,92.95,1726715.2,160498177.84,1639237.6,153449031.736,254,2023,117,93.27142364444326
2023-06-15,2023-06-14,Prod. Sold Swine or Pork Market Formula,123247,86.91,207.47,86.91000000000001,25570055.09,2222293487.8719,24505053.91,2106209383.5645,254,2023,117,86.440208676059
2023-06-16,2023-06-15,Prod. Sold Negotiated,9745,92.63,208.39,92.63,2030760.55,188109349.7465,1726715.2,160498177.84,255,2023,118,92.7770532082609
2023-06-16,2023-06-15,Prod. Sold Swine or Pork Market Formula,116625,87.61,208.17,87.61,24277826.25,2126980357.7625,25570055.09,2222293487.8719,255,2023,118,87.25092679404135
2023-06-19,2023-06-16,Prod. Sold Negotiated,12931,92.56,208.66,92.56,2698182.46,249743768.4976,2030760.55,188109349.7465,261,2023,119,92.59006025621356
2023-06-19,2023-06-16,Prod. Sold Swine or Pork Market Formula,119956,87.97,209.21,87.97,25095994.76,2207694659.0372,24277826.25,2126980357.7625,261,2023,119,87.7929827614875
2023-06-20,2023-06-19,Prod. Sold Swine or Pork Market Formula,109733,88.59,207.42,88.59,22760818.86,2016380942.8074,25095994.76,2207694659.0372,262,2023,120,88.26487353264366
2023-06-20,2023-06-19,Prod. Sold Negotiated,10269,94.75,211.29,94.75,2169737.01,205582581.6975,2698182.46,249743768.4976,262,2023,120,93.53613037380423
2023-06-21,2023-06-20,Prod. Sold Negotiated,9199,94.36,208.84,94.36,1921119.16,181276803.9376,2169737.01,205582581.6975,263,2023,121,94.5668509374897
2023-06-21,2023-06-20,Prod. Sold Swine or Pork Market Formula,113786,89.76,206.97,89.76,23550288.42,2113873888.5792,22760818.86,2016380942.8074,263,2023,121,89.18497254697037
2023-06-22,2023-06-21,Prod. Sold Swine or Pork Market Formula,111468,90.61,207.15,90.61,23090596.2,2092238921.682,23550288.42,2113873888.5792,264,2023,122,90.18081120308734
2023-06-22,2023-06-21,Prod. Sold Negotiated,7907,94.16,208.26,94.16,1646711.8199999998,155054384.9712,1921119.16,181276803.9376,264,2023,122,94.26769115301533
2023-06-23,2023-06-22,Prod. Sold Negotiated,9762,94.67,210.48,94.67,2054705.76,194518994.2992,1646711.8199999998,155054384.9712,265,2023,123,94.44310773236236
2023-06-23,2023-06-22,Prod. Sold Swine or Pork Market Formula,121250,91.69,207.79,91.69,25194537.5,2310087143.375,23090596.2,2092238921.682,265,2023,123,91.17352956727964
2023-06-26,2023-06-23,Prod. Sold Negotiated,13184,94.19,205.93,94.19,2714981.12,255724071.6928,2054705.76,194518994.2992,271,2023,124,94.39677641732321
2023-06-26,2023-06-23,Prod. Sold Swine or Pork Market Formula,110739,92.1,207.42,92.1,22969483.38,2115489419.298,25194537.5,2310087143.375,271,2023,124,91.8855295262674
2023-06-27,2023-06-26,Prod. Sold Swine or Pork Market Formula,108647,92.32,206.54,92.32,22439951.38,2071656311.4016,22969483.38,2115489419.298,272,2023,125,92.20871725952307
2023-06-27,2023-06-26,Prod. Sold Negotiated,11604,96.49,208.78,96.49,2422683.12,233764694.2488,2714981.12,255724071.6928,272,2023,125,95.27457285562124
2023-06-28,2023-06-27,Prod. Sold Negotiated,10419,96.34,205.11,96.34,2137041.0900000003,205882538.6106,2422683.12,233764694.2488,273,2023,126,96.41969834386099
2023-06-28,2023-06-27,Prod. Sold Swine or Pork Market Formula,113463,92.89,205.8,92.89,23350685.4,2169045166.806,22439951.38,2071656311.4016,273,2023,126,92.6106683901765
2023-06-29,2023-06-28,Prod. Sold Swine or Pork Market Formula,109961,93.5,206.05,93.5,22657464.05,2118472888.675,23350685.4,2169045166.806,274,2023,127,93.19040445520461
2023-06-29,2023-06-28,Prod. Sold Negotiated,8457,95.92,203.49,95.92,1720914.9300000002,165070160.08560002,2137041.0900000003,205882538.6106,274,2023,127,96.1526509823199
2023-06-30,2023-06-29,Prod. Sold Swine or Pork Market Formula,116315,93.98,206.32,93.98,23998110.8,2255342452.984,22657464.05,2118472888.675,275,2023,128,93.7468963938615
2023-06-30,2023-06-29,Prod. Sold Negotiated,12489,95.8,208.22,95.8,2600459.58,249124027.764,1720914.9300000002,165070160.08560002,275,2023,128,95.84778798762342
2023-07-03,2023-06-30,Prod. Sold Swine or Pork Market Formula,122701,94.35,207.31,94.35000000000002,25437144.31,2399994565.6485,23998110.8,2255342452.984,281,2023,129,94.17038524983347
2023-07-03,2023-06-30,Prod. Sold Negotiated,13380,95.48,207.14,95.48,2771533.2,264625989.936,2600459.58,249124027.764,281,2023,129,95.63490472524424
2023-07-05,2023-07-03,Prod. Sold Negotiated,4829,93.5,196.34,93.5,948125.86,88649767.91,2771533.2,264625989.936,283,2023,130,94.9753061093723
2023-07-05,2023-07-03,Prod. Sold Swine or Pork Market Formula,104912,95.01,206.33,95.01,21646492.96,2056633296.1296003,25437144.31,2399994565.6485,283,2023,130,94.6534320664666
2023-07-06,2023-07-05,Prod. Sold Swine or Pork Market Formula,114237,97.22,207.63,97.21999999999998,23719028.31,2305963932.2982,21646492.96,2056633296.1296003,284,2023,131,96.1654822053762
2023-07-06,2023-07-05,Prod. Sold Negotiated,4779,94.37,205.56,94.37,982371.24,92706373.9188,948125.86,88649767.91,284,2023,131,93.9427165307837
2023-07-07,2023-07-06,Prod. Sold Negotiated,2807,94.91,208.95,94.91,586522.65,55666864.7115,982371.24,92706373.9188,285,2023,132,94.5718761326172
2023-07-07,2023-07-06,Prod. Sold Swine or Pork Market Formula,113260,97.83,207.32,97.83,23481063.2,2297152412.856,23719028.31,2305963932.2982,285,2023,132,97.52346230470688
2023-07-10,2023-07-07,Prod. Sold Swine or Pork Market Formula,153385,98.59,209.18,98.59,32085074.3,3163267475.237,23481063.2,2297152412.856,291,2023,133,98.26884022833153
2023-07-10,2023-07-07,Prod. Sold Negotiated,7052,95.08,211.7,95.08,1492908.4,141945730.672,586522.65,55666864.7115,291,2023,133,95.0320499366882
2023-07-11,2023-07-10,Prod. Sold Swine or Pork Market Formula,118294,99.07,207.85,99.07,24587407.9,2435874500.653,32085074.3,3163267475.237,292,2023,134,98.79824843616959
2023-07-11,2023-07-10,Prod. Sold Negotiated,8259,97.19,212.44,97.19,1754541.96,170523933.09239998,1492908.4,141945730.672,292,2023,134,96.2199969592145
2023-07-12,2023-07-11,Prod. Sold Swine or Pork Market Formula,121831,99.82,207.67,99.82,25300643.77,2525510261.1214,24587407.9,2435874500.653,293,2023,135,99.45036127273555
2023-07-12,2023-07-11,Prod. Sold Negotiated,5657,98.56,207.92,98.56,1176203.44,115926611.0464,1754541.96,170523933.09239998,293,2023,135,97.73982555386762
2023-07-13,2023-07-12,Prod. Sold Swine or Pork Market Formula,119003,100.96,208.12,100.96,24766904.36,2500466664.1856,25300643.77,2525510261.1214,294,2023,136,100.3839235797425
2023-07-13,2023-07-12,Prod. Sold Negotiated,5207,98.01,210.42,98.01,1095656.94,107385336.6894,1176203.44,115926611.0464,294,2023,136,98.29474984541085
2023-07-14,2023-07-13,Prod. Sold Swine or Pork Market Formula,123392,101.44,208.19,101.44,25688980.48,2605890179.8912,24766904.36,2500466664.1856,295,2023,137,101.20438597538228
2023-07-14,2023-07-13,Prod. Sold Negotiated,8819,98.08,209.49,98.08,1847492.31,181202045.7648,1095656.94,107385336.6894,295,2023,137,98.05394084387667
2023-07-17,2023-07-14,Prod. Sold Negotiated,12317,99.11,206.3,99.11,2540997.1,251838222.581,1847492.31,181202045.7648,301,2023,138,98.6763844887118
2023-07-17,2023-07-14,Prod. Sold Swine or Pork Market Formula,119455,102.28,208.48,102.28,24903978.4,2547178910.752,25688980.48,2605890179.8912,301,2023,138,101.85348326563818
2023-07-18,2023-07-17,Prod. Sold Negotiated,7503,100.34,204.8,100.34,1536614.4,154183888.89600003,2540997.1,251838222.581,302,2023,139,99.5735153966973
2023-07-18,2023-07-17,Prod. Sold Swine or Pork Market Formula,107873,103.35,207.6,103.35,22394434.8,2314464836.58,24903978.4,2547178910.752,302,2023,139,102.78661414653968
2023-07-19,2023-07-18,Prod. Sold Negotiated,7293,101.06,208.16,101.06,1518110.88,153420285.5328,1536614.4,154183888.89600003,303,2023,140,100.6978193563776
2023-07-19,2023-07-18,Prod. Sold Swine or Pork Market Formula,117923,103.58,207.88,103.58,24513833.24,2539142846.9992,22394434.8,2314464836.58,303,2023,140,103.47019590321246
2023-07-20,2023-07-19,Prod. Sold Negotiated,6966,99.0,200.4,99.0,1395986.4,138202653.60000002,1518110.88,153420285.5328,304,2023,141,100.07316541361308
2023-07-20,2023-07-19,Prod. Sold Swine or Pork Market Formula,125083,104.01,209.43,104.01,26196132.69,2724659761.0869,24513833.24,2539142846.9992,304,2023,141,103.80213260944107
2023-07-21,2023-07-20,Prod. Sold Negotiated,8337,100.8,208.74,100.8,1740265.38,175418750.30400002,1395986.4,138202653.60000002,305,2023,142,99.9987966221258
2023-07-21,2023-07-20,Prod. Sold Swine or Pork Market Formula,127057,104.55,207.73,104.55,26393550.61,2759445716.2755,26196132.69,2724659761.0869,305,2023,142,104.28101356074148
2023-07-24,2023-07-21,Prod. Sold Swine or Pork Market Formula,116842,105.26,208.93,105.26,24411799.06,2569585969.0556,26393550.61,2759445716.2755,311,2023,143,104.8911526039124
2023-07-24,2023-07-21,Prod. Sold Negotiated,11476,101.11,203.62,101.11,2336743.12,236268096.8632,1740265.38,175418750.30400002,311,2023,143,100.97767693327106
2023-07-25,2023-07-24,Prod. Sold Negotiated,7785,103.71,208.85,103.71,1625897.25,168621803.79749998,2336743.12,236268096.8632,312,2023,144,102.17679699778054
2023-07-25,2023-07-24,Prod. Sold Swine or Pork Market Formula,109027,105.79,207.92,105.79,22668893.84,2398142279.3336,24411799.06,2569585969.0556,312,2023,144,105.51518982400532
2023-07-26,2023-07-25,Prod. Sold Negotiated,5813,104.33,204.75,104.33,1190211.75,124174791.8775,1625897.25,168621803.79749998,313,2023,145,103.97203931914564
2023-07-26,2023-07-25,Prod. Sold Swine or Pork Market Formula,126415,105.98,207.47,105.98,26227320.05,2779571378.899,22668893.84,2398142279.3336,313,2023,145,105.89191363324592
2023-07-27,2023-07-26,Prod. Sold Negotiated,7123,103.66,204.53,103.66,1456867.19,151018852.9154,1190211.75,124174791.8775,314,2023,146,103.96125352910704
2023-07-27,2023-07-26,Prod. Sold Swine or Pork Market Formula,116969,105.89,207.11,105.89,24225449.59,2565232857.0851,26227320.05,2779571378.899,314,2023,146,105.93678551487544
2023-07-28,2023-07-27,Prod. Sold Negotiated,7007,103.76,205.24,103.76,1438116.6800000002,149218986.71680003,1456867.19,151018852.9154,315,2023,147,103.70967615519044
2023-07-28,2023-07-27,Prod. Sold Swine or Pork Market Formula,123026,105.98,207.12,105.98,25481145.12,2700491759.8176003,24225449.59,2565232857.0851,315,2023,147,105.93613679682105
2023-07-31,2023-07-28,Prod. Sold Negotiated,13454,105.51,207.89,105.51,2796952.06,295106411.85059994,1438116.6800000002,149218986.71680003,321,2023,148,104.91574655465922
2023-07-31,2023-07-28,Prod. Sold Swine or Pork Market Formula,136358,106.18,207.46,106.18,28288830.68,3003708041.6024003,25481145.12,2700491759.8176003,321,2023,148,106.0852216604494
2023-08-01,2023-07-31,Prod. Sold Swine or Pork Market Formula,122035,105.68,206.4,105.68,25188024.0,2661870376.32,28288830.68,3003708041.6024003,322,2023,149,105.94449602215089
2023-08-01,2023-07-31,Prod. Sold Negotiated,7568,105.16,207.21,105.16,1568165.28,164908260.8448,2796952.06,295106411.85059994,322,2023,149,105.38426275051748
2023-08-02,2023-08-01,Prod. Sold Swine or Pork Market Formula,125113,106.07,206.56,106.07,25843341.28,2741203209.5696,25188024.0,2661870376.32,323,2023,150,105.8775040848682
2023-08-02,2023-08-01,Prod. Sold Negotiated,4252,102.34,201.21,102.34,855544.92,87556467.1128,1568165.28,164908260.8448,323,2023,150,104.16456883236287
2023-08-03,2023-08-02,Prod. Sold Swine or Pork Market Formula,120936,105.77,207.14,105.77,25050683.04,2649610745.1408,25843341.28,2741203209.5696,324,2023,151,105.92233620228676
2023-08-03,2023-08-02,Prod. Sold Negotiated,4583,105.82,207.96,105.81999999999998,953080.68,100854997.5576,855544.92,87556467.1128,324,2023,151,104.17383491110596
2023-08-04,2023-08-03,Prod. Sold Swine or Pork Market Formula,123216,105.13,206.78,105.13,25478604.48,2678565688.9824,25050683.04,2649610745.1408,325,2023,152,105.44728999027058
2023-08-04,2023-08-03,Prod. Sold Negotiated,7967,105.99,209.69,105.99,1670600.23,177066918.3777,953080.68,100854997.5576,325,2023,152,105.92824564756236
2023-08-07,2023-08-04,Prod. Sold Negotiated,6136,103.39,195.8,103.39,1201428.8,124215723.632,1670600.23,177066918.3777,331,2023,153,104.90236653690788
2023-08-07,2023-08-04,Prod. Sold Swine or Pork Market Formula,98593,104.94,208.1,104.94,20517203.3,2153075314.302,25478604.48,2678565688.9824,331,2023,153,105.04524730589262
2023-08-08,2023-08-07,Prod. Sold Negotiated,3921,100.33,191.49,100.33,750832.29,75331003.6557,1201428.8,124215723.632,332,2023,154,102.21313548163783
2023-08-08,2023-08-07,Prod. Sold Swine or Pork Market Formula,103739,104.45,207.07,104.45,21481234.73,2243714967.5485,20517203.3,2153075314.302,332,2023,154,104.68937627417998
2023-08-09,2023-08-08,Prod. Sold Negotiated,3885,103.02,206.38,103.02,801786.2999999998,82600024.62599999,750832.29,75331003.6557,333,2023,155,101.71914035996438
2023-08-09,2023-08-08,Prod. Sold Swine or Pork Market Formula,123906,104.41,207.34,104.41,25690670.04,2682362858.8764,21481234.73,2243714967.5485,333,2023,155,104.42821527863651
2023-08-10,2023-08-09,Prod. Sold Swine or Pork Market Formula,124365,103.6,207.67,103.6,25826879.55,2675664721.38,25690670.04,2682362858.8764,334,2023,156,104.0039292027282
2023-08-10,2023-08-09,Prod. Sold Negotiated,3840,98.72,197.91,98.72,759974.4,75024672.768,801786.2999999998,82600024.62599999,334,2023,156,100.92756040922276
2023-08-11,2023-08-10,Prod. Sold Negotiated,7861,103.23,205.96,103.23,1619051.56,167134692.5388,759974.4,75024672.768,335,2023,157,101.78929081833138
2023-08-11,2023-08-10,Prod. Sold Swine or Pork Market Formula,132686,102.67,208.42,102.67,27654416.12,2839278903.0404,25826879.55,2675664721.38,335,2023,157,103.11911024836994
2023-08-14,2023-08-11,Prod. Sold Negotiated,9272,101.22,204.0,101.22,1891488.0,191456415.36,1619051.56,167134692.5388,341,2023,158,102.14700668372473
2023-08-14,2023-08-11,Prod. Sold Swine or Pork Market Formula,143748,102.52,208.65,102.52,29993020.2,3074884430.904,27654416.12,2839278903.0404,341,2023,158,102.59195744828916
2023-08-15,2023-08-14,Prod. Sold Negotiated,5899,98.2,204.38,98.2,1205637.62,118393614.284,1891488.0,191456415.36,342,2023,159,100.04438555643732
2023-08-15,2023-08-14,Prod. Sold Swine or Pork Market Formula,116736,101.44,207.07,101.43999999999998,24172523.52,2452060785.8688,29993020.2,3074884430.904,342,2023,159,102.03802707757256
2023-08-16,2023-08-15,Prod. Sold Negotiated,2225,93.51,194.74,93.51,433296.5,40517555.715,1205637.62,118393614.284,343,2023,160,96.9600718294888
2023-08-16,2023-08-15,Prod. Sold Swine or Pork Market Formula,125689,100.9,208.35,100.9,26187303.15,2642298887.835,24172523.52,2452060785.8688,343,2023,160,101.15919792747373
2023-08-17,2023-08-16,Prod. Sold Negotiated,2115,95.28,200.33,95.28,423697.95,40369940.676,433296.5,40517555.715,344,2023,161,94.38508778090689
2023-08-17,2023-08-16,Prod. Sold Swine or Pork Market Formula,130784,99.95,208.38,99.95,27252769.92,2723914353.504,26187303.15,2642298887.835,344,2023,161,100.41552964027412
2023-08-18,2023-08-17,Prod. Sold Swine or Pork Market Formula,134529,99.39,209.36,99.39,28164991.44,2799318499.2216,27252769.92,2723914353.504,345,2023,162,99.66539097178716
2023-08-18,2023-08-17,Prod. Sold Negotiated,8263,98.75,206.12,98.75,1703169.56,168187994.05,423697.95,40369940.676,345,2023,162,98.05873367542296
2023-08-21,2023-08-18,Prod. Sold Negotiated,10488,97.07,206.79,97.07,2168813.52,210526728.3864,1703169.56,168187994.05,351,2023,163,97.8089817573273
2023-08-21,2023-08-18,Prod. Sold Swine or Pork Market Formula,138692,98.39,208.91,98.39,28974145.72,2850766197.3908,28164991.44,2799318499.2216,351,2023,163,98.88291943910761
2023-08-22,2023-08-21,Prod. Sold Negotiated,9342,94.67,203.24,94.66999999999999,1898668.08,179746907.1336,2168813.52,210526728.3864,352,2023,164,95.94969907669648
2023-08-22,2023-08-21,Prod. Sold Swine or Pork Market Formula,115908,97.96,207.18,97.96,24013819.44,2352393752.3424,28974145.72,2850766197.3908,352,2023,164,98.19512664851312
2023-08-23,2023-08-22,Prod. Sold Negotiated,4434,94.23,204.52,94.23,906841.68,85451691.5064,1898668.08,179746907.1336,353,2023,165,94.52777617141491
2023-08-23,2023-08-22,Prod. Sold Swine or Pork Market Formula,134853,97.15,206.04,97.15,27785112.12,2699323642.458,24013819.44,2352393752.3424,353,2023,165,97.52551341621533
2023-08-24,2023-08-23,Prod. Sold Negotiated,2957,91.47,200.57,91.47,593085.49,54249529.7703,906841.68,85451691.5064,354,2023,166,93.13866971067672
2023-08-24,2023-08-23,Prod. Sold Swine or Pork Market Formula,120933,95.76,206.56,95.76,24979920.48,2392077185.1648,27785112.12,2699323642.458,354,2023,166,96.49194886734136
2023-08-25,2023-08-24,Prod. Sold Negotiated,6481,94.21,205.5,94.21,1331845.5,125473164.555,593085.49,54249529.7703,355,2023,167,93.36578571333612
2023-08-25,2023-08-24,Prod. Sold Swine or Pork Market Formula,130319,94.77,206.02,94.77,26848320.380000003,2544415322.4126,24979920.48,2392077185.1648,355,2023,167,95.24715532815405
2023-08-28,2023-08-25,Prod. Sold Negotiated,16783,93.63,203.29,93.63,3411816.07,319448338.6341,1331845.5,125473164.555,361,2023,168,93.79284264351513
2023-08-28,2023-08-25,Prod. Sold Swine or Pork Market Formula,164138,93.21,206.93,93.21,33965076.34,3165884765.6514,26848320.380000003,2544415322.4126,361,2023,168,93.89871962514513
2023-08-29,2023-08-28,Prod. Sold Negotiated,4623,87.9,200.19,87.9,925478.37,81349548.723,3411816.07,319448338.6341,362,2023,169,92.40735045811184
2023-08-29,2023-08-28,Prod. Sold Swine or Pork Market Formula,126321,91.37,206.15,91.37,26041074.15,2379372945.0855,33965076.34,3165884765.6514,362,2023,169,92.41148891330755
2023-08-30,2023-08-29,Prod. Sold Swine or Pork Market Formula,125060,90.12,206.66,90.12000000000002,25844899.6,2329142351.952,26041074.15,2379372945.0855,363,2023,170,90.7473630489107
2023-08-30,2023-08-29,Prod. Sold Negotiated,2247,87.81,196.17,87.81,440793.99,38706120.2619,925478.37,81349548.723,363,2023,170,87.87096372563667
2023-08-31,2023-08-30,Prod. Sold Negotiated,3256,84.59,197.9,84.59,644362.4,54506615.416,440793.99,38706120.2619,364,2023,171,85.89797427991
2023-08-31,2023-08-30,Prod. Sold Swine or Pork Market Formula,126671,88.55,206.26,88.55,26127160.46,2313560058.733,25844899.6,2329142351.952,364,2023,171,89.33073665591003
2023-09-01,2023-08-31,Prod. Sold Negotiated,4014,86.06,199.17,86.06,799468.38,68802248.7828,644362.4,54506615.416,365,2023,172,85.40395862650885
2023-09-01,2023-08-31,Prod. Sold Swine or Pork Market Formula,132242,87.16,206.96,87.16,27368804.32,2385464984.5312,26127160.46,2313560058.733,365,2023,172,87.83886901729413
2023-09-05,2023-09-01,Prod. Sold Negotiated,4131,84.78,193.43,84.77999999999999,799059.33,67744249.9974,799468.38,68802248.7828,372,2023,173,85.42016377069874
2023-09-05,2023-09-01,Prod. Sold Swine or Pork Market Formula,134028,86.04,207.78,86.04,27848337.84,2396070987.7536,27368804.32,2385464984.5312,372,2023,173,86.5951366774756
2023-09-06,2023-09-05,Prod. Sold Negotiated,2566,79.85,192.48,79.85,493903.68,39438208.848,799059.33,67744249.9974,373,2023,174,82.89677122735321
2023-09-06,2023-09-05,Prod. Sold Swine or Pork Market Formula,118716,86.14,207.07,86.14,24582522.12,2117538455.4168,27848337.84,2396070987.7536,373,2023,174,86.08688559779252
2023-09-07,2023-09-06,Prod. Sold Negotiated,3169,77.6,197.18,77.6,624863.42,48489401.392,493903.68,39438208.848,374,2023,175,78.59331065420139
2023-09-07,2023-09-06,Prod. Sold Swine or Pork Market Formula,127609,86.55,207.98,86.55,26540119.82,2297047370.421,24582522.12,2117538455.4168,374,2023,175,86.35284989807396
2023-09-08,2023-09-07,Prod. Sold Swine or Pork Market Formula,137339,86.4,209.52,86.4,28775267.28,2486183092.992,26540119.82,2297047370.421,375,2023,176,86.47196944976275
2023-09-08,2023-09-07,Prod. Sold Negotiated,4247,79.35,201.15,79.34999999999998,854284.05,67787439.36749999,624863.42,48489401.392,375,2023,176,78.6107153734306
2023-09-11,2023-09-08,Prod. Sold Negotiated,7127,80.85,205.59,80.85,1465239.93,118464648.34049998,854284.05,67787439.36749999,381,2023,177,80.29754782185955
2023-09-11,2023-09-08,Prod. Sold Swine or Pork Market Formula,225109,86.31,209.83,86.31,47234621.470000006,4076820179.0757008,28775267.28,2486183092.992,381,2023,177,86.34407154118747
2023-09-12,2023-09-11,Prod. Sold Swine or Pork Market Formula,122782,86.45,208.73,86.45,25628286.86,2215565399.047,47234621.470000006,4076820179.0757008,382,2023,178,86.35924261524326
2023-09-12,2023-09-11,Prod. Sold Negotiated,4971,77.15,198.69,77.15,987687.99,76200128.42850001,1465239.93,118464648.34049998,382,2023,178,79.3601700163289
2023-09-13,2023-09-12,Prod. Sold Swine or Pork Market Formula,129434,87.04,208.01,87.04,26923566.34,2343427214.2336,25628286.86,2215565399.047,383,2023,179,86.7522710556019
2023-09-13,2023-09-12,Prod. Sold Negotiated,2867,77.65,199.01,77.65,570561.6699999999,44304113.6755,987687.99,76200128.42850001,383,2023,179,77.33307774570606
2023-09-14,2023-09-13,Prod. Sold Swine or Pork Market Formula,127570,87.25,208.98,87.25,26659578.6,2326048232.85,26923566.34,2343427214.2336,384,2023,180,87.14448269716661
2023-09-14,2023-09-13,Prod. Sold Negotiated,2391,75.15,200.13,75.15,478510.83,35960088.87450001,570561.6699999999,44304113.6755,384,2023,180,76.50968121840961
2023-09-15,2023-09-14,Prod. Sold Swine or Pork Market Formula,128869,87.06,209.12,87.06,26949085.28,2346187364.4768,26659578.6,2326048232.85,385,2023,181,87.15448696474395
2023-09-15,2023-09-14,Prod. Sold Negotiated,3795,79.08,210.43,79.08,798581.85,63151852.698,478510.83,35960088.87450001,385,2023,181,77.6074776127446
2023-09-18,2023-09-15,Prod. Sold Swine or Pork Market Formula,161847,87.2,210.49,87.2,34067175.03,2970657662.616,26949085.28,2346187364.4768,391,2023,182,87.13816612293131
2023-09-18,2023-09-15,Prod. Sold Negotiated,8755,79.16,206.21,79.15999999999998,1805368.55,142912974.41799998,798581.85,63151852.698,391,2023,182,79.13546552806844
2023-09-19,2023-09-18,Prod. Sold Negotiated,5133,77.13,214.02,77.13,1098564.66,84732292.2258,1805368.55,142912974.41799998,392,2023,183,78.39204629771771
2023-09-19,2023-09-18,Prod. Sold Swine or Pork Market Formula,124288,86.67,209.66,86.67,26058222.08,2258466107.6736,34067175.03,2970657662.616,392,2023,183,86.97029910210601
2023-09-20,2023-09-19,Prod. Sold Swine or Pork Market Formula,126460,87.3,208.57,87.3,26375762.2,2302604040.06,26058222.08,2258466107.6736,393,2023,184,86.98690763946652
2023-09-20,2023-09-19,Prod. Sold Negotiated,3465,77.87,206.62,77.87,715938.3,55750115.421,1098564.66,84732292.2258,393,2023,184,77.42197766753712
2023-09-21,2023-09-20,Prod. Sold Swine or Pork Market Formula,119256,87.6,209.95,87.6,25037797.2,2193311034.72,26375762.2,2302604040.06,394,2023,185,87.4460964626386
2023-09-21,2023-09-20,Prod. Sold Negotiated,2970,74.95,202.93,74.95,602702.1,45172522.395,715938.3,55750115.421,394,2023,185,76.5353752364936
2023-09-22,2023-09-21,Prod. Sold Swine or Pork Market Formula,134111,87.28,210.2,87.28,28190132.2,2460434738.416,25037797.2,2193311034.72,395,2023,186,87.43052426788557
2023-09-22,2023-09-21,Prod. Sold Negotiated,5588,76.87,203.06,76.87,1134699.28,87224333.6536,602702.1,45172522.395,395,2023,186,76.20395469502851
2023-09-25,2023-09-22,Prod. Sold Negotiated,9850,79.46,209.87,79.46,2067219.5,164261261.47,1134699.28,87224333.6536,401,2023,187,78.54215312844381
2023-09-25,2023-09-22,Prod. Sold Swine or Pork Market Formula,162883,86.99,211.42,86.99,34436723.86,2995650608.5814,28190132.2,2460434738.416,401,2023,187,87.1205372623235
2023-09-26,2023-09-25,Prod. Sold Swine or Pork Market Formula,114998,86.56,209.64,86.56,24108180.72,2086804123.1232,34436723.86,2995650608.5814,402,2023,188,86.81293048756388
2023-09-26,2023-09-25,Prod. Sold Negotiated,7982,77.21,211.63,77.21,1689230.66,130425499.25859998,2067219.5,164261261.47,402,2023,188,78.44820193983352
2023-09-27,2023-09-26,Prod. Sold Swine or Pork Market Formula,123399,86.68,209.99,86.68,25912556.01,2246100354.9468,24108180.72,2086804123.1232,403,2023,189,86.62216435271601
2023-09-27,2023-09-26,Prod. Sold Negotiated,5905,78.88,207.22,78.88,1223634.1,96520257.808,1689230.66,130425499.25859998,403,2023,189,77.91153237975936
2023-09-28,2023-09-27,Prod. Sold Swine or Pork Market Formula,123738,86.22,210.44,86.22,26039424.72,2245119199.3584,25912556.01,2246100354.9468,404,2023,190,86.44943833126494
2023-09-28,2023-09-27,Prod. Sold Negotiated,4613,78.93,208.26,78.93000000000002,960703.38,75828317.78340001,1223634.1,96520257.808,404,2023,190,78.90199072690912
2023-09-29,2023-09-28,Prod. Sold Swine or Pork Market Formula,127811,85.71,211.21,85.71,26994961.31,2313738133.8801003,26039424.72,2245119199.3584,405,2023,191,85.96040558779522
2023-09-29,2023-09-28,Prod. Sold Negotiated,8299,77.59,209.53,77.59000000000003,1738889.47,134920433.97730002,960703.38,75828317.78340001,405,2023,191,78.06686543887535
2023-10-02,2023-09-29,Prod. Sold Swine or Pork Market Formula,179991,85.05,210.87,85.05,37954702.17,3228047419.5585,26994961.31,2313738133.8801003,411,2023,192,85.32431511589104
2023-10-02,2023-09-29,Prod. Sold Negotiated,14863,78.79,210.62,78.79,3130445.06,246647766.2774,1738889.47,134920433.97730002,411,2023,192,78.36146765104267
2023-10-03,2023-10-02,Prod. Sold Negotiated,4111,75.07,216.46,75.07,889867.06,66802320.1942,3130445.06,246647766.2774,412,2023,193,77.96660485942569
2023-10-03,2023-10-02,Prod. Sold Swine or Pork Market Formula,117789,84.86,209.68,84.86,24697997.52,2095872069.5472,37954702.17,3228047419.5585,412,2023,193,84.97510108020853
2023-10-04,2023-10-03,Prod. Sold Swine or Pork Market Formula,127134,84.2,210.38,84.2,26746450.92,2252051167.464,24697997.52,2095872069.5472,413,2023,194,84.51685981398386
2023-10-04,2023-10-03,Prod. Sold Negotiated,3626,78.67,206.66,78.67,749349.16,58951298.41720001,889867.06,66802320.1942,413,2023,194,76.7156992940199
2023-10-05,2023-10-04,Prod. Sold Swine or Pork Market Formula,125404,83.43,210.77,83.43,26431401.08,2205171792.1044,26746450.92,2252051167.464,414,2023,195,83.81728091552851
2023-10-05,2023-10-04,Prod. Sold Negotiated,2175,75.35,199.76,75.35,434478.0,32737917.3,749349.16,58951298.41720001,414,2023,195,77.4515223296617
2023-10-06,2023-10-05,Prod. Sold Negotiated,4158,76.87,207.79,76.87,863990.82,66414974.3334,434478.0,32737917.3,415,2023,196,76.36139590429286
2023-10-06,2023-10-05,Prod. Sold Swine or Pork Market Formula,132378,82.94,211.1,82.94,27944995.8,2317757951.652,26431401.08,2205171792.1044,415,2023,196,83.17818030013613
2023-10-09,2023-10-06,Prod. Sold Negotiated,7679,75.92,209.33,75.92,1607445.07,122037229.7144,863990.82,66414974.3334,421,2023,197,76.25211109473693
2023-10-09,2023-10-06,Prod. Sold Swine or Pork Market Formula,164796,82.51,211.63,82.51,34875777.48,2877600399.8748,27944995.8,2317757951.652,421,2023,197,82.70127985165738
2023-10-10,2023-10-09,Prod. Sold Negotiated,4889,76.02,209.36,76.02,1023561.04,77811110.2608,1607445.07,122037229.7144,422,2023,198,75.95890378802655
2023-10-10,2023-10-09,Prod. Sold Swine or Pork Market Formula,121406,82.56,210.17,82.56,25515899.02,2106592623.0912,34875777.48,2877600399.8748,422,2023,198,82.5311253441689
2023-10-11,2023-10-10,Prod. Sold Negotiated,3396,74.29,202.75,74.29,688539.0,51151562.31,1023561.04,77811110.2608,423,2023,199,75.32426234322149
2023-10-11,2023-10-10,Prod. Sold Swine or Pork Market Formula,119557,82.72,211.14,82.72,25243264.98,2088122879.1456,25515899.02,2106592623.0912,423,2023,199,82.63957030964497
2023-10-12,2023-10-11,Prod. Sold Swine or Pork Market Formula,127782,82.59,211.67,82.59,27047615.94,2233862600.4846,25243264.98,2088122879.1456,424,2023,200,82.65275710773395
2023-10-12,2023-10-11,Prod. Sold Negotiated,3543,73.87,208.61,73.87,739105.2300000001,54597703.340100005,688539.0,51151562.31,424,2023,200,74.07256193659678
2023-10-13,2023-10-12,Prod. Sold Swine or Pork Market Formula,125463,82.18,211.12,82.18,26487748.56,2176763176.6608005,27047615.94,2233862600.4846,425,2023,201,82.38714386908491
2023-10-13,2023-10-12,Prod. Sold Negotiated,5413,74.33,204.23,74.33,1105496.99,82171591.2667,739105.2300000001,54597703.340100005,425,2023,201,74.14568470312261
2023-10-16,2023-10-13,Prod. Sold Swine or Pork Market Formula,186122,81.83,212.32,81.83,39517423.04,3233710727.3632,26487748.56,2176763176.6608005,431,2023,202,81.97045432761212
2023-10-16,2023-10-13,Prod. Sold Negotiated,11578,74.9,210.34,74.9,2435316.52,182405207.348,1105496.99,82171591.2667,431,2023,202,74.72203714414206
2023-10-17,2023-10-16,Prod. Sold Swine or Pork Market Formula,114686,80.93,211.41,80.93,24245767.26,1962209944.3518,39517423.04,3233710727.3632,432,2023,203,81.48777762324417
2023-10-17,2023-10-16,Prod. Sold Negotiated,4046,73.54,208.5,73.54,843591.0,62037682.14000001,2435316.52,182405207.348,432,2023,203,74.5501018241588
2023-10-18,2023-10-17,Prod. Sold Swine or Pork Market Formula,124848,80.85,211.4,80.85,26392867.2,2133863313.12,24245767.26,1962209944.3518,433,2023,204,80.88830398274924
2023-10-18,2023-10-17,Prod. Sold Negotiated,2631,74.68,204.51,74.68,538065.81,40182754.6908,843591.0,62037682.14000001,433,2023,204,73.98395613944102
2023-10-19,2023-10-18,Prod. Sold Swine or Pork Market Formula,116329,80.35,212.81,80.35,24755974.49,1989142550.2715,26392867.2,2133863313.12,434,2023,205,80.60800063430527
2023-10-19,2023-10-18,Prod. Sold Negotiated,3356,73.07,198.73,73.07,666937.88,48733150.8916,538065.81,40182754.6908,434,2023,205,73.78890730401
2023-10-20,2023-10-19,Prod. Sold Swine or Pork Market Formula,129140,79.75,212.82,79.75,27483574.8,2191815090.3,24755974.49,1989142550.2715,435,2023,206,80.03433600396401
2023-10-20,2023-10-19,Prod. Sold Negotiated,7383,74.43,211.49,74.43,1561430.6700000002,116217284.76810002,666937.88,48733150.8916,435,2023,206,74.0229598284808
2023-10-23,2023-10-20,Prod. Sold Negotiated,15189,74.8,212.28,74.8,3224320.92,241179204.816,1561430.6700000002,116217284.76810002,441,2023,207,74.67928137575984
2023-10-23,2023-10-20,Prod. Sold Swine or Pork Market Formula,187865,79.13,213.47,79.13,40103541.55,3173393242.8515,27483574.8,2191815090.3,441,2023,207,79.38211633956625
2023-10-24,2023-10-23,Prod. Sold Swine or Pork Market Formula,125692,78.65,212.11,78.65,26660530.12,2096850693.938,40103541.55,3173393242.8515,442,2023,208,78.93832423581273
2023-10-24,2023-10-23,Prod. Sold Negotiated,4593,73.09,208.29,73.09,956675.97,69923446.6473,3224320.92,241179204.816,442,2023,208,74.40872587286233
2023-10-25,2023-10-24,Prod. Sold Negotiated,2878,72.23,207.43,72.23,596983.54,43120121.09420001,956675.97,69923446.6473,443,2023,209,72.75955060546053
2023-10-25,2023-10-24,Prod. Sold Swine or Pork Market Formula,127211,78.49,211.99,78.49,26967459.89,2116675926.7661,26660530.12,2096850693.938,443,2023,209,78.56954213496356
2023-10-26,2023-10-25,Prod. Sold Negotiated,2774,72.34,203.87,72.34,565535.38,40910829.3892,596983.54,43120121.09420001,444,2023,210,72.28351215427962
2023-10-26,2023-10-25,Prod. Sold Swine or Pork Market Formula,129599,78.14,213.77,78.14,27704378.23,2164820114.8922,26967459.89,2116675926.7661,444,2023,210,78.31264118577435
2023-10-27,2023-10-26,Prod. Sold Swine or Pork Market Formula,132171,78.07,212.93,78.07,28143171.03,2197137362.3121,27704378.23,2164820114.8922,445,2023,211,78.10472500587397
2023-10-27,2023-10-26,Prod. Sold Negotiated,5028,73.05,210.6,73.05,1058896.8,77352411.24,565535.38,40910829.3892,445,2023,211,72.8028181694849
2023-10-30,2023-10-27,Prod. Sold Swine or Pork Market Formula,189477,77.47,214.01,77.47,40549972.77,3141406390.4918995,28143171.03,2197137362.3121,451,2023,212,77.7158164189888
2023-10-30,2023-10-27,Prod. Sold Negotiated,9456,72.76,209.29,72.76,1979046.24,143995404.4224,1058896.8,77352411.24,451,2023,212,72.86108157656571
2023-10-31,2023-10-30,Prod. Sold Negotiated,3611,70.95,199.29,70.95,719636.19,51058187.6805,1979046.24,143995404.4224,452,2023,213,72.27734168888483
2023-10-31,2023-10-30,Prod. Sold Swine or Pork Market Formula,120362,77.09,212.6,77.09,25588961.2,1972653018.908,40549972.77,3141406390.4918995,452,2023,213,77.3229791051605
2023-11-01,2023-10-31,Prod. Sold Negotiated,4206,71.95,207.31,71.95,871945.86,62736504.627,719636.19,51058187.6805,453,2023,214,71.49784851337071
2023-11-01,2023-10-31,Prod. Sold Swine or Pork Market Formula,126939,77.12,213.15,77.12,27057047.85,2086639530.192,25588961.2,1972653018.908,453,2023,214,77.10541829001187
2023-11-02,2023-11-01,Prod. Sold Negotiated,3364,72.62,214.19,72.62,720535.16,52325263.31920001,871945.86,62736504.627,454,2023,215,72.25314870390103
2023-11-02,2023-11-01,Prod. Sold Swine or Pork Market Formula,121696,76.84,212.51,76.84,25861616.96,1987206647.2064,27057047.85,2086639530.192,454,2023,215,76.98316259537539
2023-11-03,2023-11-02,Prod. Sold Swine or Pork Market Formula,130121,76.4,214.09,76.4,27857604.89,2128321013.596,25861616.96,1987206647.2064,455,2023,216,76.61182569423984
2023-11-03,2023-11-02,Prod. Sold Negotiated,6123,71.83,215.35,71.83,1318588.05,94714179.6315,720535.16,52325263.31920001,455,2023,216,72.10915075146441
2023-11-06,2023-11-03,Prod. Sold Negotiated,8858,71.92,209.55,71.92,1856193.9,133497465.28800002,1318588.05,94714179.6315,461,2023,217,71.88262013380164
2023-11-06,2023-11-03,Prod. Sold Swine or Pork Market Formula,189150,76.46,214.92,76.46,40652118.0,3108260942.28,27857604.89,2128321013.596,461,2023,217,76.43560264115965
2023-11-07,2023-11-06,Prod. Sold Negotiated,3560,70.7,209.83,70.7,746994.8,52812532.36000001,1856193.9,133497465.28800002,462,2023,218,71.56991640598318
2023-11-07,2023-11-06,Prod. Sold Swine or Pork Market Formula,127534,76.43,212.2,76.43,27062714.8,2068403292.164,40652118.0,3108260942.28,462,2023,218,76.44801028651437
2023-11-08,2023-11-07,Prod. Sold Swine or Pork Market Formula,133287,77.25,213.87,77.25,28506090.69,2202095505.8025,27062714.8,2068403292.164,463,2023,219,76.85064957415734
2023-11-08,2023-11-07,Prod. Sold Negotiated,2925,68.82,200.72,68.82,587106.0,40404634.92,746994.8,52812532.36000001,463,2023,219,69.87265675876965
2023-11-09,2023-11-08,Prod. Sold Negotiated,1895,68.18,203.59,68.18,385803.05,26304051.949,587106.0,40404634.92,464,2023,220,68.56621065350352
2023-11-09,2023-11-08,Prod. Sold Swine or Pork Market Formula,125269,76.77,213.39,76.77,26731151.91,2052150532.1307,28506090.69,2202095505.8025,464,2023,220,77.017711922014
2023-11-10,2023-11-09,Prod. Sold Swine or Pork Market Formula,130081,76.17,214.09,76.17,27849041.29,2121261475.0593,26731151.91,2052150532.1307,465,2023,221,76.46385552167665
2023-11-10,2023-11-09,Prod. Sold Negotiated,4522,68.91,208.87,68.91,944510.14,65086193.7474,385803.05,26304051.949,465,2023,221,68.69829329167217
2023-11-13,2023-11-10,Prod. Sold Negotiated,6277,67.69,208.56,67.69,1309131.12,88615085.5128,944510.14,65086193.7474,471,2023,222,68.20130691971801
2023-11-13,2023-11-10,Prod. Sold Swine or Pork Market Formula,196467,76.39,215.06,76.39,42252193.02,3227645024.7978,27849041.29,2121261475.0593,471,2023,222,76.3026008387141
2023-11-14,2023-11-13,Prod. Sold Negotiated,4850,67.85,212.46,67.85,1030431.0,69914743.35,1309131.12,88615085.5128,472,2023,223,67.76047000743883
2023-11-14,2023-11-13,Prod. Sold Swine or Pork Market Formula,124022,76.46,213.51,76.46,26479937.22,2024655999.8412,42252193.02,3227645024.7978,472,2023,223,76.4169684003526
2023-11-15,2023-11-14,Prod. Sold Negotiated,2435,71.22,213.02,71.22,518703.7,36942077.514,1030431.0,69914743.35,473,2023,224,68.97839217209452
2023-11-15,2023-11-14,Prod. Sold Swine or Pork Market Formula,120275,76.08,212.93,76.08,25610155.75,1948420649.46,26479937.22,2024655999.8412,473,2023,224,76.27317255105294
2023-11-16,2023-11-15,Prod. Sold Negotiated,3859,69.81,215.85,69.81,832965.15,58149297.1215,518703.7,36942077.514,474,2023,225,70.35108831242208
2023-11-16,2023-11-15,Prod. Sold Swine or Pork Market Formula,121463,75.57,212.9,75.57,25859472.7,1954200351.939,25610155.75,1948420649.46,474,2023,225,75.82376478956297
2023-11-17,2023-11-16,Prod. Sold Negotiated,6073,69.42,208.82,69.42,1268163.86,88035935.16119999,832965.15,58149297.1215,475,2023,226,69.57461040562188
2023-11-17,2023-11-16,Prod. Sold Swine or Pork Market Formula,127650,75.06,214.21,75.06,27343906.5,2052433621.89,25859472.7,1954200351.939,475,2023,226,75.30788521472334
2023-11-20,2023-11-17,Prod. Sold Negotiated,16020,68.45,216.78,68.45,3472815.6,237714227.82,1268163.86,88035935.16119999,481,2023,227,68.70946514946512
2023-11-20,2023-11-17,Prod. Sold Swine or Pork Market Formula,197303,74.82,215.6,74.82,42538526.8,3182732575.176,27343906.5,2052433621.89,481,2023,227,74.91390825777097
2023-11-21,2023-11-20,Prod. Sold Swine or Pork Market Formula,123992,74.26,214.3,74.26,26571485.6,1973198520.656,42538526.8,3182732575.176,482,2023,228,74.60469064873152
2023-11-21,2023-11-20,Prod. Sold Negotiated,4062,62.95,213.62,62.95,867724.44,54623253.498,3472815.6,237714227.82,482,2023,228,67.35048602800126
2023-11-22,2023-11-21,Prod. Sold Negotiated,1787,65.2,207.7,65.2,371159.9,24199625.48,867724.44,54623253.498,483,2023,229,63.624082114073694
2023-11-22,2023-11-21,Prod. Sold Swine or Pork Market Formula,118018,74.03,212.9,74.03,25126032.2,1860080163.766,26571485.6,1973198520.656,483,2023,229,74.14821537953993
2023-11-24,2023-11-22,Prod. Sold Swine or Pork Market Formula,101197,73.39,215.51,73.39,21808965.47,1600559975.8433,25126032.2,1860080163.766,485,2023,230,73.73261556208145
2023-11-24,2023-11-22,Prod. Sold Negotiated,1991,66.36,205.19,66.36,408533.29,27110269.1244,371159.9,24199625.48,485,2023,230,65.80780140506293
2023-11-27,2023-11-24,Prod. Sold Negotiated,7286,61.97,215.22,61.97,1568092.92,97174718.2524,408533.29,27110269.1244,491,2023,231,62.87733449451731
2023-11-27,2023-11-24,Prod. Sold Swine or Pork Market Formula,195177,72.22,216.84,72.22,42322180.68,3056507888.7096,21808965.47,1600559975.8433,491,2023,231,72.61787983112323
2023-11-28,2023-11-27,Prod. Sold Swine or Pork Market Formula,119953,72.02,215.01,72.02,25791094.53,1857474628.0506,42322180.68,3056507888.7096,492,2023,232,72.14426999156778
2023-11-28,2023-11-27,Prod. Sold Negotiated,6916,59.46,212.32,59.46,1468405.12,87311368.43519999,1568092.92,97174718.2524,492,2023,232,60.75620147200885
2023-11-29,2023-11-28,Prod. Sold Swine or Pork Market Formula,117066,72.06,216.01,72.06,25287426.66,1822211965.1196,25791094.53,1857474628.0506,493,2023,233,72.03980278682378
2023-11-29,2023-11-28,Prod. Sold Negotiated,4558,63.14,214.69,63.14,978557.02,61786090.242800005,1468405.12,87311368.43519999,493,2023,233,60.93165735616981
2023-11-30,2023-11-29,Prod. Sold Swine or Pork Market Formula,117196,71.29,215.58,71.29,25265113.68,1801149954.2472005,25287426.66,1822211965.1196,494,2023,234,71.67516993205965
2023-11-30,2023-11-29,Prod. Sold Negotiated,4563,62.78,210.69,62.78,961378.47,60355340.3466,978557.02,61786090.242800005,494,2023,234,62.961593939085056
2023-12-01,2023-11-30,Prod. Sold Negotiated,6037,61.93,216.48,61.92999999999999,1306889.76,80935682.8368,961378.47,60355340.3466,495,2023,235,62.290262374922015
2023-12-01,2023-11-30,Prod. Sold Swine or Pork Market Formula,123595,70.62,216.43,70.62,26749665.85,1889061402.327,25265113.68,1801149954.2472005,495,2023,235,70.94543877564332
2023-12-04,2023-12-01,Prod. Sold Swine or Pork Market Formula,193756,70.47,216.69,70.47,41984987.64,2958682078.9908,26749665.85,1889061402.327,501,2023,236,70.52837593810062
2023-12-04,2023-12-01,Prod. Sold Negotiated,19247,60.87,215.45,60.87,4146766.15,252413655.5505,1306889.76,80935682.8368,501,2023,236,61.12401366871346
2023-12-05,2023-12-04,Prod. Sold Swine or Pork Market Formula,117992,69.89,214.26,69.89,25280965.92,1766886708.1488,41984987.64,2958682078.9908,502,2023,237,70.25201512864125
2023-12-05,2023-12-04,Prod. Sold Negotiated,3588,59.17,208.9,59.17,749533.2,44349879.444000006,4146766.15,252413655.5505,502,2023,237,60.60976132811406
2023-12-06,2023-12-05,Prod. Sold Swine or Pork Market Formula,121272,69.54,215.36,69.54,26117137.92,1816185770.9568,25280965.92,1766886708.1488,503,2023,238,69.71215300586856
2023-12-06,2023-12-05,Prod. Sold Negotiated,2649,57.37,208.41,57.37,552078.09,31672720.0233,749533.2,44349879.444000006,503,2023,238,58.40653046832438
2023-12-07,2023-12-06,Prod. Sold Swine or Pork Market Formula,120415,69.27,216.1,69.27,26021681.5,1802521877.505,26117137.92,1816185770.9568,504,2023,239,69.40524715973325
2023-12-07,2023-12-06,Prod. Sold Negotiated,2631,53.46,199.17,53.46,524016.27,28013909.7942,552078.09,31672720.0233,504,2023,239,55.465981456774855
2023-12-08,2023-12-07,Prod. Sold Negotiated,3566,56.29,217.6,56.290000000000006,775961.6,43678878.464,524016.27,28013909.7942,505,2023,240,55.149237469865554
2023-12-08,2023-12-07,Prod. Sold Swine or Pork Market Formula,120705,68.93,215.8,68.93,26048139.0,1795498221.2700002,26021681.5,1802521877.505,505,2023,240,69.0999136203091
2023-12-11,2023-12-08,Prod. Sold Swine or Pork Market Formula,190448,68.51,216.74,68.51,41277699.52,2827935194.1152005,26048139.0,1795498221.2700002,511,2023,241,68.67249657814139
2023-12-11,2023-12-08,Prod. Sold Negotiated,16085,56.31,217.54,56.31,3499130.9,197036060.979,775961.6,43678878.464,511,2023,241,56.30636984883953
2023-12-12,2023-12-11,Prod. Sold Swine or Pork Market Formula,114373,68.71,215.31,68.71,24625650.63,1692028454.7873,41277699.52,2827935194.1152005,512,2023,242,68.5847326215555
2023-12-12,2023-12-11,Prod. Sold Negotiated,6715,55.25,216.74,55.25,1455409.1,80411352.775,3499130.9,197036060.979,512,2023,242,55.998622224061165
2023-12-13,2023-12-12,Prod. Sold Swine or Pork Market Formula,125666,68.85,214.03,68.85,26896293.98,1851809840.523,24625650.63,1692028454.7873,513,2023,243,68.78308499680482
2023-12-13,2023-12-12,Prod. Sold Negotiated,4872,53.86,213.73,53.86,1041292.56,56084017.2816,1455409.1,80411352.775,513,2023,243,54.67027648653864
2023-12-14,2023-12-13,Prod. Sold Swine or Pork Market Formula,121514,67.62,215.52,67.62,26188697.28,1770879710.0736003,26896293.98,1851809840.523,514,2023,244,68.24319764607982
2023-12-14,2023-12-13,Prod. Sold Negotiated,4076,53.89,211.98,53.89,864030.48,46562602.5672,1041292.56,56084017.2816,514,2023,244,53.8736044722369
2023-12-15,2023-12-14,Prod. Sold Negotiated,5572,53.66,217.67,53.66,1212857.24,65081919.4984,864030.48,46562602.5672,515,2023,245,53.75568500429094
2023-12-15,2023-12-14,Prod. Sold Swine or Pork Market Formula,123967,67.74,215.38,67.74,26700012.46,1808658844.0404,26188697.28,1770879710.0736003,515,2023,245,67.68058006540434
2023-12-18,2023-12-15,Prod. Sold Negotiated,18455,52.6,212.83,52.6,3927777.65,206601104.39,1212857.24,65081919.4984,521,2023,246,52.85009141903871
2023-12-18,2023-12-15,Prod. Sold Swine or Pork Market Formula,203304,67.49,217.59,67.49,44236917.36,2985549552.6263995,26700012.46,1808658844.0404,521,2023,246,67.58409771654817
2023-12-19,2023-12-18,Prod. Sold Negotiated,5977,47.56,208.13,47.56,1243993.01,59164307.5556,3927777.65,206601104.39,522,2023,247,51.38770247511324
2023-12-19,2023-12-18,Prod. Sold Swine or Pork Market Formula,124928,67.4,214.76,67.4,26829537.28,1808310812.672,44236917.36,2985549552.6263995,522,2023,247,67.45602252965294
2023-12-20,2023-12-19,Prod. Sold Negotiated,3629,48.4,212.46,48.4,771017.34,37317239.256000005,1243993.01,59164307.5556,523,2023,248,47.881415006925394
2023-12-20,2023-12-19,Prod. Sold Swine or Pork Market Formula,118212,67.12,213.77,67.12,25270179.24,1696134430.5888002,26829537.28,1808310812.672,523,2023,248,67.26419023634259
2023-12-21,2023-12-20,Prod. Sold Negotiated,2196,48.27,210.31,48.27,461840.76,22293053.485200003,771017.34,37317239.256000005,524,2023,249,48.35130072244324
2023-12-21,2023-12-20,Prod. Sold Swine or Pork Market Formula,122292,67.13,214.93,67.13,26284219.56,1764459659.0628,25270179.24,1696134430.5888002,524,2023,249,67.12509834663419
2023-12-22,2023-12-21,Prod. Sold Swine or Pork Market Formula,118529,66.39,214.77,66.39,25456473.33,1690055264.3787005,26284219.56,1764459659.0628,525,2023,250,66.76591925016835
2023-12-22,2023-12-21,Prod. Sold Negotiated,4463,47.09,213.35,47.09,952181.05,44838205.6445,461840.76,22293053.485200003,525,2023,250,47.47540572213664
2023-12-26,2023-12-22,Prod. Sold Negotiated,5168,47.11,209.82,47.11,1084349.76,51083717.1936,952181.05,44838205.6445,532,2023,251,47.10064898949405
2023-12-26,2023-12-22,Prod. Sold Swine or Pork Market Formula,148725,66.13,216.22,66.13,32157319.5,2126563538.535,25456473.33,1690055264.3787005,532,2023,251,66.2448801830376
2023-12-27,2023-12-26,Prod. Sold Negotiated,3007,47.83,215.34,47.83,647527.38,30971234.5854,1084349.76,51083717.1936,533,2023,252,47.37919906893626
2023-12-27,2023-12-26,Prod. Sold Swine or Pork Market Formula,107704,66.5,216.44,66.5,23311453.76,1550211675.04,32157319.5,2126563538.535,533,2023,252,66.2854971812838
2023-12-28,2023-12-27,Prod. Sold Swine or Pork Market Formula,129180,65.67,215.88,65.67,27887378.4,1831364139.528,23311453.76,1550211675.04,534,2023,253,66.04790913980878
2023-12-28,2023-12-27,Prod. Sold Negotiated,3427,47.5,211.3,47.50000000000001,724125.1000000002,34395942.25000001,647527.38,30971234.5854,534,2023,253,47.655785841177504
2023-12-29,2023-12-28,Prod. Sold Negotiated,3451,47.87,216.48,47.86999999999999,747072.48,35762359.617599994,724125.1000000002,34395942.25000001,535,2023,254,47.687885584749246
2023-12-29,2023-12-28,Prod. Sold Swine or Pork Market Formula,121445,65.99,217.01,65.99,26354779.45,1739151895.9055,27887378.4,1831364139.528,535,2023,254,65.82547923899565
2024-01-02,2023-12-29,Prod. Sold Swine or Pork Market Formula,199795,65.36,217.2,65.36,43395474.0,2836328180.64,26354779.45,1739151895.9055,12,2024,1,65.59804230425344
2024-01-02,2023-12-29,Prod. Sold Negotiated,6465,46.45,212.34,46.45,1372778.1,63765542.745000005,747072.48,35762359.617599994,12,2024,1,46.9504328756039
2024-01-03,2024-01-02,Prod. Sold Negotiated,3019,44.06,218.12,44.06,658504.28,29013698.576800004,1372778.1,63765542.745000005,13,2024,2,45.67520608424714
2024-01-03,2024-01-02,Prod. Sold Swine or Pork Market Formula,138997,66.25,216.58,66.25,30103970.26,1994388029.725,43395474.0,2836328180.64,13,2024,2,65.72452702195437
2024-01-04,2024-01-03,Prod. Sold Negotiated,2199,43.65,216.83,43.65,476809.17,20812720.2705,658504.28,29013698.576800004,14,2024,3,43.887808117925495
2024-01-04,2024-01-03,Prod. Sold Swine or Pork Market Formula,120074,66.36,217.2,66.36,26080072.8,1730673631.008,30103970.26,1994388029.725,14,2024,3,66.3010609036259
2024-01-05,2024-01-04,Prod. Sold Swine or Pork Market Formula,128565,66.32,216.99,66.32,27897319.35,1850150219.292,26080072.8,1730673631.008,15,2024,4,66.33932666382067
2024-01-05,2024-01-04,Prod. Sold Negotiated,3477,45.26,217.64,45.26,756734.2799999998,34249793.51279999,476809.17,20812720.2705,15,2024,4,44.63767675415082
2024-01-08,2024-01-05,Prod. Sold Negotiated,7604,45.57,217.62,45.57,1654782.48,75408437.6136,756734.2799999998,34249793.51279999,21,2024,5,45.47272195877254
2024-01-08,2024-01-05,Prod. Sold Swine or Pork Market Formula,240088,66.37,218.19,66.37,52384800.72,3476779223.7864003,27897319.35,1850150219.292,21,2024,5,66.35262544678338
2024-01-09,2024-01-08,Prod. Sold Negotiated,3887,43.28,219.3,43.28,852419.1000000002,36892698.648,1654782.48,75408437.6136,22,2024,6,44.791426887023576
2024-01-09,2024-01-08,Prod. Sold Swine or Pork Market Formula,122565,66.76,216.08,66.76,26483845.200000003,1768061505.5520003,52384800.72,3476779223.7864003,22,2024,6,66.50096078305285
2024-01-10,2024-01-09,Prod. Sold Negotiated,2821,42.46,218.89,42.46,617488.69,26218569.7774,852419.1000000002,36892698.648,23,2024,7,42.93552891872218
2024-01-10,2024-01-09,Prod. Sold Swine or Pork Market Formula,110261,67.59,215.17,67.59,23724859.37,1603563244.8183,26483845.200000003,1768061505.5520003,23,2024,7,67.15219560523906
2024-01-11,2024-01-10,Prod. Sold Swine or Pork Market Formula,130156,67.06,216.45,67.06,28172266.2,1889232171.372,23724859.37,1603563244.8183,24,2024,8,67.30229040294611
2024-01-11,2024-01-10,Prod. Sold Negotiated,2753,45.24,215.5,45.24,593271.5,26839602.66,617488.69,26218569.7774,24,2024,8,43.8221977197648
2024-01-12,2024-01-11,Prod. Sold Negotiated,4635,44.51,217.11,44.51,1006304.85,44790628.8735,593271.5,26839602.66,25,2024,9,44.78075181187819
2024-01-12,2024-01-11,Prod. Sold Swine or Pork Market Formula,124261,67.16,216.59,67.16,26913689.99,1807523419.7284,28172266.2,1889232171.372,25,2024,9,67.10885762515798
2024-01-15,2024-01-12,Prod. Sold Negotiated,4293,44.18,215.22,44.18,923939.46,40819645.3428,1006304.85,44790628.8735,31,2024,10,44.352040709447806
2024-01-15,2024-01-12,Prod. Sold Swine or Pork Market Formula,89589,67.93,215.4,67.93,19297470.6,1310877177.8580005,26913689.99,1807523419.7284,31,2024,10,67.48154683354166
2024-01-16,2024-01-15,Prod. Sold Swine or Pork Market Formula,110297,67.41,216.46,67.41,23874888.62,1609406241.8742,19297470.6,1310877177.8580005,32,2024,11,67.64243308666236
2024-01-16,2024-01-15,Prod. Sold Negotiated,2660,44.26,219.27,44.26,583258.2000000001,25815007.932000004,923939.46,40819645.3428,32,2024,11,44.21095855124934
2024-01-17,2024-01-16,Prod. Sold Negotiated,2155,45.81,212.16,45.81,457204.8,20944551.888,583258.2000000001,25815007.932000004,33,2024,12,44.9411077760574
2024-01-17,2024-01-16,Prod. Sold Swine or Pork Market Formula,118735,68.19,216.47,68.19,25702565.45,1752657938.0354998,23874888.62,1609406241.8742,33,2024,12,67.8143773813535
2024-01-18,2024-01-17,Prod. Sold Negotiated,2672,47.89,218.5,47.89,583832.0,27959714.48,457204.8,20944551.888,34,2024,13,46.976501088145966
2024-01-18,2024-01-17,Prod. Sold Swine or Pork Market Formula,121971,68.38,216.4,68.38,26394524.4,1804857578.472,25702565.45,1752657938.0354998,34,2024,13,68.28626179985176
2024-01-19,2024-01-18,Prod. Sold Negotiated,3655,45.8,225.69,45.8,824896.95,37780280.31,583832.0,27959714.48,35,2024,14,46.66617718759879
2024-01-19,2024-01-18,Prod. Sold Swine or Pork Market Formula,127643,68.85,216.18,68.85,27593863.74,1899837518.499,26394524.4,1804857578.472,35,2024,14,68.62022046970858
2024-01-22,2024-01-19,Prod. Sold Swine or Pork Market Formula,220528,69.61,218.47,69.61,48178752.16,3353722937.8576,27593863.74,1899837518.499,41,2024,15,69.33323330541897
2024-01-22,2024-01-19,Prod. Sold Negotiated,10654,46.12,221.02,46.12,2354747.08,108600935.3296,824896.95,37780280.31,41,2024,15,46.036982208854354
2024-01-23,2024-01-22,Prod. Sold Swine or Pork Market Formula,122432,69.75,215.61,69.75,26397563.520000003,1841230055.52,48178752.16,3353722937.8576,42,2024,16,69.65955539649688
2024-01-23,2024-01-22,Prod. Sold Negotiated,2673,44.83,222.0,44.83,593406.0,26602390.98,2354747.08,108600935.3296,42,2024,16,45.860348035116274
2024-01-24,2024-01-23,Prod. Sold Swine or Pork Market Formula,121231,69.93,214.86,69.93,26047692.66,1821515147.7138,26397563.520000003,1841230055.52,43,2024,17,69.83939959531722
2024-01-24,2024-01-23,Prod. Sold Negotiated,1389,36.1,200.11,36.1,277952.79000000004,10034095.719000002,593406.0,26602390.98,43,2024,17,42.04523684095733
2024-01-25,2024-01-24,Prod. Sold Swine or Pork Market Formula,125175,70.38,215.26,70.38,26945170.5,1896401099.79,26047692.66,1821515147.7138,44,2024,18,70.15881056055399
2024-01-25,2024-01-24,Prod. Sold Negotiated,3073,43.64,206.5,43.64,634574.5,27692831.18,277952.79000000004,10034095.719000002,44,2024,18,41.34334097449294
2024-01-26,2024-01-25,Prod. Sold Negotiated,5704,46.62,217.54,46.62,1240848.16,57848341.21919999,634574.5,27692831.18,45,2024,19,45.6116768895178
2024-01-26,2024-01-25,Prod. Sold Swine or Pork Market Formula,125004,71.12,214.96,71.12,26870859.84,1911055551.8208,26945170.5,1896401099.79,45,2024,19,70.7494890937881
2024-01-29,2024-01-26,Prod. Sold Negotiated,8722,47.28,218.26,47.28,1903663.72,90005220.6816,1240848.16,57848341.21919999,51,2024,20,47.0195590104751
2024-01-29,2024-01-26,Prod. Sold Swine or Pork Market Formula,205888,71.94,217.71,71.94,44823876.48,3224629673.9712,26870859.84,1911055551.8208,51,2024,20,71.63266774382913
2024-01-30,2024-01-29,Prod. Sold Swine or Pork Market Formula,121473,72.71,214.94,72.71,26109406.62,1898414955.3402,44823876.48,3224629673.9712,52,2024,21,72.22342468047131
2024-01-30,2024-01-29,Prod. Sold Negotiated,2416,58.11,205.21,58.11,495787.36,28810203.489600003,1903663.72,90005220.6816,52,2024,21,49.51775227324076
2024-01-31,2024-01-30,Prod. Sold Swine or Pork Market Formula,127450,72.55,214.39,72.55,27324005.5,1982356599.025,26109406.62,1898414955.3402,53,2024,22,72.62818151402753
2024-01-31,2024-01-30,Prod. Sold Negotiated,1946,57.51,212.47,57.51,413466.62,23778465.3162,495787.36,28810203.489600003,53,2024,22,57.83716097211915
2024-02-01,2024-01-31,Prod. Sold Swine or Pork Market Formula,126764,73.62,215.32,73.62,27294824.48,2009444978.2176,27324005.5,1982356599.025,54,2024,23,73.08471416733559
2024-02-01,2024-01-31,Prod. Sold Negotiated,3498,53.13,207.22,53.13,724855.5599999998,38511575.9028,413466.62,23778465.3162,54,2024,23,54.72092375376539
2024-02-02,2024-02-01,Prod. Sold Swine or Pork Market Formula,121731,73.8,215.48,73.8,26230595.88,1935817975.944,27294824.48,2009444978.2176,55,2024,24,73.7082105591445
2024-02-02,2024-02-01,Prod. Sold Negotiated,4010,53.21,210.6,53.21,844506.0,44936164.26,724855.5599999998,38511575.9028,55,2024,24,53.17304965899636
2024-02-05,2024-02-02,Prod. Sold Swine or Pork Market Formula,203909,74.34,217.67,74.34,44384872.03,3299571386.7102,26230595.88,1935817975.944,61,2024,25,74.1394133269321
2024-02-05,2024-02-02,Prod. Sold Negotiated,5355,53.5,218.08,53.5,1167818.4,62478284.400000006,844506.0,44936164.26,61,2024,25,53.37829659074848
2024-02-06,2024-02-05,Prod. Sold Negotiated,3475,58.66,220.52,58.66,766307.0,44951568.62,1167818.4,62478284.400000006,62,2024,26,55.54440938524462
2024-02-06,2024-02-05,Prod. Sold Swine or Pork Market Formula,118850,74.41,214.94,74.41,25545619.0,1900849509.79,44384872.03,3299571386.7102,62,2024,26,74.36557101063731
2024-02-07,2024-02-06,Prod. Sold Swine or Pork Market Formula,135490,74.32,214.65,74.32,29082928.5,2161443246.12,25545619.0,1900849509.79,63,2024,27,74.36208615852361
2024-02-07,2024-02-06,Prod. Sold Negotiated,2234,60.34,221.49,60.34,494808.66,29856754.544400003,766307.0,44951568.62,63,2024,27,59.319161229351465
2024-02-08,2024-02-07,Prod. Sold Swine or Pork Market Formula,130736,74.15,214.94,74.15,28100395.84,2083644351.5360005,29082928.5,2161443246.12,64,2024,28,74.23646048305278
2024-02-08,2024-02-07,Prod. Sold Negotiated,2422,61.32,213.72,61.32,517629.84,31741061.7888,494808.66,29856754.544400003,64,2024,28,60.841044995029335
2024-02-09,2024-02-08,Prod. Sold Negotiated,5522,61.84,216.38,61.84000000000001,1194850.36,73889546.2624,517629.84,31741061.7888,65,2024,29,61.68282007067878
2024-02-09,2024-02-08,Prod. Sold Swine or Pork Market Formula,130029,73.78,215.64,73.78,28039453.56,2068750883.6568,28100395.84,2083644351.5360005,65,2024,29,73.96520082565095
2024-02-12,2024-02-09,Prod. Sold Negotiated,3690,63.27,218.72,63.27,807076.8,51063749.13600001,1194850.36,73889546.2624,71,2024,30,62.41650440388651
2024-02-12,2024-02-09,Prod. Sold Swine or Pork Market Formula,163433,74.27,215.57,74.27,35231251.81,2616625071.9287,28039453.56,2068750883.6568,71,2024,30,74.05284844203878
2024-02-13,2024-02-12,Prod. Sold Negotiated,2048,65.7,214.89,65.7,440094.72,28914223.104,807076.8,51063749.13600001,72,2024,31,64.12748443774599
2024-02-13,2024-02-12,Prod. Sold Swine or Pork Market Formula,127570,74.36,213.98,74.36,27297428.6,2029836790.696,35231251.81,2616625071.9287,72,2024,31,74.30929026740833
2024-02-14,2024-02-13,Prod. Sold Negotiated,1370,68.76,218.43,68.76,299249.10000000003,20576368.116000004,440094.72,28914223.104,73,2024,32,66.93853371223148
2024-02-14,2024-02-13,Prod. Sold Swine or Pork Market Formula,132863,75.02,213.88,75.02,28416738.44,2131823717.7688,27297428.6,2029836790.696,73,2024,32,74.69662977240483
2024-02-15,2024-02-14,Prod. Sold Negotiated,2753,67.56,210.0,67.56,578130.0,39058462.8,299249.10000000003,20576368.116000004,74,2024,33,67.96928592896731
2024-02-15,2024-02-14,Prod. Sold Swine or Pork Market Formula,131100,75.45,214.52,75.45,28123572.0,2121923507.4,28416738.44,2131823717.7688,74,2024,33,75.2338852062518
2024-02-16,2024-02-15,Prod. Sold Negotiated,5445,67.29,215.37,67.29,1172689.65,78910286.54850002,578130.0,39058462.8,75,2024,34,67.3791554421382
2024-02-16,2024-02-15,Prod. Sold Swine or Pork Market Formula,132636,75.61,214.98,75.61,28514087.28,2155950139.2408,28123572.0,2121923507.4,75,2024,34,75.53055159804973
2024-02-19,2024-02-16,Prod. Sold Swine or Pork Market Formula,152955,76.38,215.46,76.38,32955684.3,2517155166.834,28514087.28,2155950139.2408,81,2024,35,76.02281879302211
2024-02-19,2024-02-16,Prod. Sold Negotiated,4512,69.06,217.34,69.06,980638.08,67722865.8048,1172689.65,78910286.54850002,81,2024,35,68.09606838309746
2024-02-20,2024-02-19,Prod. Sold Swine or Pork Market Formula,130668,77.88,212.8,77.88,27806150.4,2165542993.152,32955684.3,2517155166.834,82,2024,36,77.06643788993422
2024-02-20,2024-02-19,Prod. Sold Negotiated,4705,67.67,202.27,67.67,951680.3500000002,64400209.28450001,980638.08,67722865.8048,82,2024,36,68.37541527216091
2024-02-21,2024-02-20,Prod. Sold Negotiated,1626,69.49,204.03,69.49,331752.78,23053500.6822,951680.3500000002,64400209.28450001,83,2024,37,68.14044917688857
2024-02-21,2024-02-20,Prod. Sold Swine or Pork Market Formula,121544,78.55,214.28,78.55,26044448.32,2045791415.536,27806150.4,2165542993.152,83,2024,37,78.20404060101785
2024-02-22,2024-02-21,Prod. Sold Swine or Pork Market Formula,132905,79.31,214.05,79.31,28448315.25,2256235882.4775,26044448.32,2045791415.536,84,2024,38,78.94676313281904
2024-02-22,2024-02-21,Prod. Sold Negotiated,2695,67.82,208.66,67.82,562338.7,38137810.634,331752.78,23053500.6822,84,2024,38,68.43965375466948
2024-02-23,2024-02-22,Prod. Sold Swine or Pork Market Formula,132207,79.63,214.73,79.63,28388809.11,2260600869.4293,28448315.25,2256235882.4775,85,2024,39,79.46983248655684
2024-02-23,2024-02-22,Prod. Sold Negotiated,5905,67.25,212.67,67.25,1255816.35,84453649.5375,562338.7,38137810.634,85,2024,39,67.4262957779646
2024-02-26,2024-02-23,Prod. Sold Swine or Pork Market Formula,152641,80.14,215.19,80.14,32846816.79,2632343897.5506,28388809.11,2260600869.4293,91,2024,40,79.90356422534582
2024-02-26,2024-02-23,Prod. Sold Negotiated,4922,68.31,214.33,68.31,1054932.26,72062422.6806,1255816.35,84453649.5375,91,2024,40,67.73392464275896
2024-02-27,2024-02-26,Prod. Sold Swine or Pork Market Formula,133398,79.93,212.69,79.93,28372420.62,2267807580.1566005,32846816.79,2632343897.5506,92,2024,41,80.0426742477974
2024-02-27,2024-02-26,Prod. Sold Negotiated,2227,71.08,212.41,71.08,473037.07,33623474.9356,1054932.26,72062422.6806,92,2024,41,69.16755169176072
2024-02-28,2024-02-27,Prod. Sold Swine or Pork Market Formula,131984,80.1,212.95,80.1,28105992.8,2251290023.28,28372420.62,2267807580.1566005,93,2024,42,80.01459902618844
2024-02-28,2024-02-27,Prod. Sold Negotiated,1325,72.97,208.24,72.97,275918.0,20133736.46,473037.07,33623474.9356,93,2024,42,71.77628344995381
2024-02-29,2024-02-28,Prod. Sold Swine or Pork Market Formula,125833,80.38,213.94,80.38,26920712.02,2163886832.1676,28105992.8,2251290023.28,94,2024,43,80.23698438585876
2024-02-29,2024-02-28,Prod. Sold Negotiated,1755,72.41,206.34,72.41,362126.7,26221594.347,275918.0,20133736.46,94,2024,43,72.65216811141917
2024-03-01,2024-02-29,Prod. Sold Swine or Pork Market Formula,126501,80.56,214.48,80.56000000000002,27131934.48,2185748641.7088003,26920712.02,2163886832.1676,95,2024,44,80.47035169455394
2024-03-01,2024-02-29,Prod. Sold Negotiated,5487,72.6,207.29,72.6,1137400.23,82575256.698,362126.7,26221594.347,95,2024,44,72.5541161471505
2024-03-04,2024-03-01,Prod. Sold Negotiated,7212,73.7,208.62,73.7,1504567.44,110886620.328,1137400.23,82575256.698,101,2024,45,73.22643619859285
2024-03-04,2024-03-01,Prod. Sold Swine or Pork Market Formula,144160,80.89,215.48,80.89,31063596.8,2512734345.152,27131934.48,2185748641.7088003,101,2024,45,80.73614732125526
2024-03-05,2024-03-04,Prod. Sold Swine or Pork Market Formula,126344,81.49,213.66,81.49000000000001,26994659.04,2199794765.1696,31063596.8,2512734345.152,102,2024,46,81.16897488806131
2024-03-05,2024-03-04,Prod. Sold Negotiated,3716,72.2,205.34,72.2,763043.44,55091736.36800001,1504567.44,110886620.328,102,2024,46,73.19525504128822
2024-03-06,2024-03-05,Prod. Sold Negotiated,2025,72.92,225.64,72.92,456921.0,33318679.32,763043.44,55091736.36800001,103,2024,47,72.46966615518728
2024-03-06,2024-03-05,Prod. Sold Swine or Pork Market Formula,125381,81.54,213.23,81.54,26734990.63,2179971135.9702,26994659.04,2199794765.1696,103,2024,47,81.51487917825092
2024-03-07,2024-03-06,Prod. Sold Swine or Pork Market Formula,126349,81.75,214.16,81.75,27058901.84,2212065225.42,26734990.63,2179971135.9702,104,2024,48,81.64563224049216
2024-03-07,2024-03-06,Prod. Sold Negotiated,3712,75.0,207.2,75.0,769126.3999999998,57684479.99999999,456921.0,33318679.32,104,2024,48,74.22482957836702
2024-03-08,2024-03-07,Prod. Sold Swine or Pork Market Formula,132243,81.75,214.86,81.75000000000001,28413730.98,2322822507.615,27058901.84,2212065225.42,105,2024,49,81.75
2024-03-08,2024-03-07,Prod. Sold Negotiated,6627,74.26,211.46,74.26,1401345.4200000002,104063910.88920002,769126.3999999998,57684479.99999999,105,2024,49,74.52222572012015
2024-03-11,2024-03-08,Prod. Sold Swine or Pork Market Formula,146521,81.67,215.41,81.67,31562088.61,2577675776.7787,28413730.98,2322822507.615,111,2024,50,81.7079002486992
2024-03-11,2024-03-08,Prod. Sold Negotiated,7314,76.23,210.83,76.23,1542010.62,117547469.56260002,1401345.4200000002,104063910.88920002,111,2024,50,75.29207389120347
2024-03-12,2024-03-11,Prod. Sold Swine or Pork Market Formula,113478,81.88,214.46,81.88,24336491.880000003,1992671955.1344,31562088.61,2577675776.7787,112,2024,51,81.76142742534785
2024-03-12,2024-03-11,Prod. Sold Negotiated,1822,,,,,,1542010.62,117547469.56260002,112,2024,51,76.23
2024-03-13,2024-03-12,Prod. Sold Negotiated,5275,76.29,208.74,76.29,1101103.5,84003186.015,,,113,2024,52,76.29
2024-03-13,2024-03-12,Prod. Sold Swine or Pork Market Formula,126212,82.38,213.01,82.38,26884418.12,2214738364.7256,24336491.880000003,1992671955.1344,113,2024,52,82.14243596726416
2024-03-14,2024-03-13,Prod. Sold Negotiated,3630,76.57,213.49,76.57,774968.7,59339353.359,1101103.5,84003186.015,114,2024,53,76.40566251874526
2024-03-14,2024-03-13,Prod. Sold Swine or Pork Market Formula,129455,82.4,214.48,82.4,27765508.4,2287877892.16,26884418.12,2214738364.7256,114,2024,53,82.3901612244217
2024-03-15,2024-03-14,Prod. Sold Negotiated,7341,76.98,212.47,76.98,1559742.27,120068959.9446,774968.7,59339353.359,115,2024,54,76.84390727970921
2024-03-15,2024-03-14,Prod. Sold Swine or Pork Market Formula,129464,82.75,213.22,82.75,27604314.08,2284256990.12,27765508.4,2287877892.16,115,2024,54,82.57449053464981
2024-03-18,2024-03-15,Prod. Sold Negotiated,11887,76.5,211.8,76.5,2517666.6,192601494.9,1559742.27,120068959.9446,121,2024,55,76.6836157014099
2024-03-18,2024-03-15,Prod. Sold Swine or Pork Market Formula,140468,83.14,214.25,83.14,30095269.0,2502120664.66,27604314.08,2284256990.12,121,2024,55,82.95341836601708
2024-03-19,2024-03-18,Prod. Sold Negotiated,5208,77.89,212.33,77.89,1105814.64,86131902.30960001,2517666.6,192601494.9,122,2024,56,76.92420044365953
2024-03-19,2024-03-18,Prod. Sold Swine or Pork Market Formula,120384,83.28,213.1,83.28,25653830.4,2136450995.712,30095269.0,2502120664.66,122,2024,56,83.20442321570489
2024-03-20,2024-03-19,Prod. Sold Negotiated,5536,79.82,211.73,79.82,1172137.28,93559997.6896,1105814.64,86131902.30960001,123,2024,57,78.88309600458993
2024-03-20,2024-03-19,Prod. Sold Swine or Pork Market Formula,131768,83.5,213.91,83.5,28186492.88,2353572155.48,25653830.4,2136450995.712,123,2024,57,83.3951744279348
2024-03-21,2024-03-20,Prod. Sold Swine or Pork Market Formula,123980,83.89,213.99,83.89,26530480.200000003,2225641983.978,28186492.88,2353572155.48,124,2024,58,83.68909831256332
2024-03-21,2024-03-20,Prod. Sold Negotiated,4659,79.84,211.94,79.84,987428.46,78836288.2464,1172137.28,93559997.6896,124,2024,58,79.82914469461808
2024-03-22,2024-03-21,Prod. Sold Swine or Pork Market Formula,127185,83.75,213.82,83.75,27194696.7,2277555848.625,26530480.200000003,2225641983.978,125,2024,59,83.81913457418509
2024-03-22,2024-03-21,Prod. Sold Negotiated,9653,79.45,213.35,79.45,2059467.55,163624696.8475,987428.46,78836288.2464,125,2024,59,79.57638997134661
2024-03-25,2024-03-22,Prod. Sold Negotiated,11981,79.53,216.14,79.53,2589573.34,205948767.7302,2059467.55,163624696.8475,131,2024,60,79.49456099055736
2024-03-25,2024-03-22,Prod. Sold Swine or Pork Market Formula,154889,83.81,213.92,83.81,33133854.88,2776948377.4928,27194696.7,2277555848.625,131,2024,60,83.78295340664965
2024-03-26,2024-03-25,Prod. Sold Negotiated,5956,81.71,209.28,81.71,1246471.68,101849200.9728,2589573.34,205948767.7302,132,2024,61,80.23836193220691
2024-03-26,2024-03-25,Prod. Sold Swine or Pork Market Formula,120375,84.06,212.69,84.06,25602558.75,2152151088.525,33133854.88,2776948377.4928,132,2024,61,83.9189722591478
2024-03-27,2024-03-26,Prod. Sold Negotiated,3944,81.24,208.23,81.24,821259.12,66719090.9088,1246471.68,101849200.9728,133,2024,62,81.52332589987053
2024-03-27,2024-03-26,Prod. Sold Swine or Pork Market Formula,127018,84.64,213.08,84.64,27064995.44,2290781214.0416,25602558.75,2152151088.525,133,2024,62,84.35805252202468
2024-03-28,2024-03-27,Prod. Sold Negotiated,3341,80.33,209.37,80.33,699505.17,56191250.3061,821259.12,66719090.9088,134,2024,63,80.82142776702102
2024-03-28,2024-03-27,Prod. Sold Swine or Pork Market Formula,129950,84.85,213.71,84.85,27771614.5,2356421490.325,27064995.44,2290781214.0416,134,2024,63,84.74635301947697
2024-03-29,2024-03-28,Prod. Sold Swine or Pork Market Formula,127029,84.65,213.73,84.65,27149908.17,2298239726.5905,27771614.5,2356421490.325,135,2024,64,84.7511319903378
2024-03-29,2024-03-28,Prod. Sold Negotiated,8200,81.48,213.51,81.48,1750782.0,142653717.36,699505.17,56191250.3061,135,2024,64,81.15169931943122
2024-04-01,2024-03-29,Prod. Sold Negotiated,2870,,,,,,1750782.0,142653717.36,141,2024,65,81.48
2024-04-01,2024-03-29,Prod. Sold Swine or Pork Market Formula,125533,85.13,214.45,85.13,26920551.85,2291746578.9904995,27149908.17,2298239726.5905,141,2024,65,84.88898196692278
2024-04-02,2024-04-01,Prod. Sold Swine or Pork Market Formula,100589,84.8,213.48,84.8,21473739.72,1820973128.256,26920551.85,2291746578.9904995,142,2024,66,84.98357086801549
2024-04-02,2024-04-01,Prod. Sold Negotiated,7071,82.79,206.05,82.79,1456979.55,120623336.9445,,,142,2024,66,82.79
2024-04-03,2024-04-02,Prod. Sold Negotiated,2221,,,,,,1456979.55,120623336.9445,143,2024,67,82.79
2024-04-03,2024-04-02,Prod. Sold Swine or Pork Market Formula,128750,85.54,213.38,85.54,27472675.0,2350012619.5,21473739.72,1820973128.256,143,2024,67,85.2153476739062
2024-04-04,2024-04-03,Prod. Sold Negotiated,2324,80.85,204.13,80.85,474398.12,38355088.002,,,144,2024,68,80.85
2024-04-04,2024-04-03,Prod. Sold Swine or Pork Market Formula,133066,86.29,214.12,86.29,28492091.92,2458582611.7768,27472675.0,2350012619.5,144,2024,68,85.92183075023874
2024-04-05,2024-04-04,Prod. Sold Negotiated,5210,80.89,216.99,80.89,1130517.9,91447592.93100001,474398.12,38355088.002,145,2024,69,80.87817637523489
2024-04-05,2024-04-04,Prod. Sold Swine or Pork Market Formula,131716,86.64,214.61,86.64,28267570.76,2449102330.6464,28492091.92,2458582611.7768,145,2024,69,86.46430776186565
2024-04-08,2024-04-05,Prod. Sold Swine or Pork Market Formula,160962,87.73,214.61,87.73,34544054.82,3030549929.3586,28267570.76,2449102330.6464,151,2024,70,87.2394594059
2024-04-08,2024-04-05,Prod. Sold Negotiated,4679,81.97,215.46,81.97,1008137.34,82637017.7598,1130517.9,91447592.93100001,151,2024,70,81.39909950647305
2024-04-09,2024-04-08,Prod. Sold Negotiated,3854,86.44,212.54,86.44,819129.1599999998,70805524.5904,1008137.34,82637017.7598,152,2024,71,83.97381681883842
2024-04-09,2024-04-08,Prod. Sold Swine or Pork Market Formula,121327,88.35,214.03,88.35,25967617.81,2294239033.5135,34544054.82,3030549929.3586,152,2024,71,87.99606309729106
2024-04-10,2024-04-09,Prod. Sold Swine or Pork Market Formula,125242,89.31,213.44,89.31,26731652.48,2387403882.9888,25967617.81,2294239033.5135,153,2024,72,88.83695904591434
2024-04-10,2024-04-09,Prod. Sold Negotiated,3354,86.94,205.28,86.94,688509.12,59858982.8928,819129.1599999998,70805524.5904,153,2024,72,86.6683402886268
2024-04-11,2024-04-10,Prod. Sold Negotiated,3344,85.78,212.87,85.78,711837.28,61061401.878400005,688509.12,59858982.8928,154,2024,73,86.35033786725914
2024-04-11,2024-04-10,Prod. Sold Swine or Pork Market Formula,132023,90.52,213.43,90.52,28177668.89,2550642587.9228,26731652.48,2387403882.9888,154,2024,73,89.93093244837527
2024-04-12,2024-04-11,Prod. Sold Swine or Pork Market Formula,136838,90.89,214.95,90.89,29413328.1,2673377391.009,28177668.89,2550642587.9228,155,2024,74,90.70896931752874
2024-04-12,2024-04-11,Prod. Sold Negotiated,4392,85.09,208.06,85.09,913799.52,77755201.1568,711837.28,61061401.878400005,155,2024,74,85.39213865926263
2024-04-15,2024-04-12,Prod. Sold Negotiated,4980,86.35,213.07,86.35,1061088.6,91625000.60999998,913799.52,77755201.1568,161,2024,75,85.76698601376972
2024-04-15,2024-04-12,Prod. Sold Swine or Pork Market Formula,149080,90.88,215.06,90.88,32061144.8,2913716839.424,29413328.1,2673377391.009,161,2024,75,90.8847846409595
2024-04-16,2024-04-15,Prod. Sold Swine or Pork Market Formula,121744,91.3,212.6,91.3,25882774.4,2363097302.72,32061144.8,2913716839.424,162,2024,76,91.06760838752514
2024-04-16,2024-04-15,Prod. Sold Negotiated,5240,90.68,217.92,90.68,1141900.8,103547564.544,1061088.6,91625000.60999998,162,2024,76,88.59441863587723
2024-04-17,2024-04-16,Prod. Sold Swine or Pork Market Formula,127583,91.51,212.68,91.51000000000002,27134352.44,2483064591.7844005,25882774.4,2363097302.72,163,2024,77,91.40747874040018
2024-04-17,2024-04-16,Prod. Sold Negotiated,3772,88.94,210.51,88.94,794043.72,70622248.4568,1141900.8,103547564.544,163,2024,77,89.96632455190401
2024-04-18,2024-04-17,Prod. Sold Negotiated,4155,90.51,210.75,90.51,875666.25,79256552.28750001,794043.72,70622248.4568,164,2024,78,89.76337414113902
2024-04-18,2024-04-17,Prod. Sold Swine or Pork Market Formula,123608,91.52,213.8,91.52,26427390.4,2418634769.408,27134352.44,2483064591.7844005,164,2024,78,91.51493400494432
2024-04-19,2024-04-18,Prod. Sold Swine or Pork Market Formula,129542,91.28,213.14,91.28,27610581.88,2520293914.0064,26427390.4,2418634769.408,165,2024,79,91.39737253320936
2024-04-19,2024-04-18,Prod. Sold Negotiated,5548,90.03,211.9,90.03,1175621.2,105841176.636,875666.25,79256552.28750001,165,2024,79,90.2349053632147
2024-04-22,2024-04-19,Prod. Sold Swine or Pork Market Formula,153873,91.36,215.15,91.36,33105775.95,3024543690.792,27610581.88,2520293914.0064,171,2024,80,91.32362023959696
2024-04-22,2024-04-19,Prod. Sold Negotiated,4286,91.72,214.39,91.72,918875.54,84279264.5288,1175621.2,105841176.636,171,2024,80,90.77141899242106
2024-04-23,2024-04-22,Prod. Sold Swine or Pork Market Formula,125891,91.6,212.36,91.6,26734212.76,2448853888.816,33105775.95,3024543690.792,172,2024,81,91.46722279867888
2024-04-23,2024-04-22,Prod. Sold Negotiated,3492,89.85,201.51,89.85,703672.9199999999,63225011.86199999,918875.54,84279264.5288,172,2024,81,90.90901136524451
2024-04-24,2024-04-23,Prod. Sold Swine or Pork Market Formula,126240,91.78,212.74,91.78,26856297.6,2464870993.728,26734212.76,2448853888.816,173,2024,82,91.69020502950106
2024-04-24,2024-04-23,Prod. Sold Negotiated,3144,89.9,214.7,89.9,675016.7999999999,60684010.32,703672.9199999999,63225011.86199999,173,2024,82,89.87448037401772
2024-04-25,2024-04-24,Prod. Sold Swine or Pork Market Formula,131914,91.22,213.49,91.22,28162319.86,2568966817.6292,26856297.6,2464870993.728,174,2024,83,91.49335340926976
2024-04-25,2024-04-24,Prod. Sold Negotiated,3591,88.07,213.19,88.07,765565.29,67423335.0903,675016.7999999999,60684010.32,174,2024,83,88.92748722865214
2024-04-26,2024-04-25,Prod. Sold Negotiated,6537,88.37,217.63,88.37,1422647.31,125719342.7847,765565.29,67423335.0903,175,2024,84,88.26504237979435
2024-04-26,2024-04-25,Prod. Sold Swine or Pork Market Formula,127862,90.73,213.35,90.73,27279357.7,2475056124.121,28162319.86,2568966817.6292,175,2024,84,90.97890186117594
2024-04-29,2024-04-26,Prod. Sold Negotiated,4228,89.29,212.54,89.29,898619.12,80237701.2248,1422647.31,125719342.7847,181,2024,85,88.72615454551676
2024-04-29,2024-04-26,Prod. Sold Swine or Pork Market Formula,120076,90.12,214.79,90.12,25791124.04,2324296098.4848,27279357.7,2475056124.121,181,2024,85,90.4335529893722
2024-04-30,2024-04-29,Prod. Sold Swine or Pork Market Formula,122415,90.39,212.74,90.39,26042567.1,2353987640.169,25791124.04,2324296098.4848,182,2024,86,90.25565487933336
2024-04-30,2024-04-29,Prod. Sold Negotiated,3041,92.1,211.74,92.1,643901.3400000001,59303313.414000005,898619.12,80237701.2248,182,2024,86,90.46299109627373
2024-05-01,2024-04-30,Prod. Sold Swine or Pork Market Formula,128324,90.72,213.06,90.72,27340711.44,2480349341.8368,26042567.1,2353987640.169,183,2024,87,90.55901237657103
2024-05-01,2024-04-30,Prod. Sold Negotiated,3203,92.33,215.37,92.33,689830.11,63692014.0563,643901.3400000001,59303313.414000005,183,2024,87,92.21896017395404
2024-05-02,2024-05-01,Prod. Sold Swine or Pork Market Formula,123838,91.11,214.09,91.11,26512477.42,2415551817.7362003,27340711.44,2480349341.8368,184,2024,88,90.91200100147609
2024-05-02,2024-05-01,Prod. Sold Negotiated,3474,90.15,209.66,90.15,728358.84,65661549.426,689830.11,63692014.0563,184,2024,88,91.21038736220585
2024-05-03,2024-05-02,Prod. Sold Negotiated,3738,92.01,204.33,92.01,763785.54,70275907.5354,728358.84,65661549.426,185,2024,89,91.10208018971998
2024-05-03,2024-05-02,Prod. Sold Swine or Pork Market Formula,132979,90.81,214.57,90.81,28533304.03,2591109338.9643,26512477.42,2415551817.7362003,185,2024,89,90.95449323847325
2024-05-06,2024-05-03,Prod. Sold Swine or Pork Market Formula,123150,90.72,214.86,90.72,26460009.0,2400452016.48,28533304.03,2591109338.9643,191,2024,90,90.76669653856457
2024-05-06,2024-05-03,Prod. Sold Negotiated,4076,91.61,217.11,91.61,884940.3600000001,81069386.3796,763785.54,70275907.5354,191,2024,90,91.79530321868542
2024-05-07,2024-05-06,Prod. Sold Negotiated,5852,94.55,212.58,94.55,1244018.16,117621917.028,884940.3600000001,81069386.3796,192,2024,91,93.32793548631469
2024-05-07,2024-05-06,Prod. Sold Swine or Pork Market Formula,136566,91.15,212.59,91.15,29032565.94,2646318385.431,26460009.0,2400452016.48,192,2024,91,90.94496709456531
2024-05-08,2024-05-07,Prod. Sold Swine or Pork Market Formula,125391,91.22,213.5,91.22,26770978.5,2442048658.77,29032565.94,2646318385.431,193,2024,92,91.18358153167162
2024-05-08,2024-05-07,Prod. Sold Negotiated,3967,93.08,215.05,93.08,853103.3500000002,79406859.818,1244018.16,117621917.028,193,2024,92,93.95200798164528
2024-05-09,2024-05-08,Prod. Sold Negotiated,2874,91.31,207.02,91.31,594975.48,54327211.0788,853103.3500000002,79406859.818,194,2024,93,92.35275602834413
2024-05-09,2024-05-08,Prod. Sold Swine or Pork Market Formula,122285,91.29,213.99,91.29,26167767.15,2388855463.1235003,26770978.5,2442048658.77,194,2024,93,91.25460119196269
2024-05-10,2024-05-09,Prod. Sold Negotiated,6687,92.76,209.45,92.76,1400592.15,129918927.834,594975.48,54327211.0788,195,2024,94,92.32768468628647
2024-05-10,2024-05-09,Prod. Sold Swine or Pork Market Formula,133150,91.28,214.17,91.28,28516735.5,2603007616.44,26167767.15,2388855463.1235003,195,2024,94,91.28478522540792
2024-05-13,2024-05-10,Prod. Sold Swine or Pork Market Formula,131454,91.01,215.06,91.01,28270497.24,2572897953.8124003,28516735.5,2603007616.44,201,2024,95,91.14558538096499
2024-05-13,2024-05-10,Prod. Sold Negotiated,4814,93.04,211.35,93.04,1017438.9,94662515.256,1400592.15,129918927.834,201,2024,95,92.87781606030246
2024-05-14,2024-05-13,Prod. Sold Negotiated,5671,93.74,212.9,93.74,1207355.9,113177542.066,1017438.9,94662515.256,202,2024,96,93.41987733969891
2024-05-14,2024-05-13,Prod. Sold Swine or Pork Market Formula,120812,91.41,212.56,91.41,25679798.72,2347390400.9952,28270497.24,2572897953.8124003,202,2024,96,91.20039598032263
2024-05-15,2024-05-14,Prod. Sold Negotiated,4751,94.54,211.97,94.54,1007069.47,95208347.6938,1207355.9,113177542.066,203,2024,97,94.1038215073376
2024-05-15,2024-05-14,Prod. Sold Swine or Pork Market Formula,123451,91.91,213.72,91.91,26383947.72,2424948634.9452,25679798.72,2347390400.9952,203,2024,97,91.66338118675732
2024-05-16,2024-05-15,Prod. Sold Negotiated,4481,91.2,207.41,91.2,929404.21,84761663.95199998,1007069.47,95208347.6938,204,2024,98,92.93697792257109
2024-05-16,2024-05-15,Prod. Sold Swine or Pork Market Formula,128051,92.28,213.91,92.27999999999999,27391389.41,2527677414.7548,26383947.72,2424948634.9452,204,2024,98,92.09846583996676
2024-05-17,2024-05-16,Prod. Sold Swine or Pork Market Formula,125079,92.35,214.31,92.35,26805680.49,2475504593.2515,27391389.41,2527677414.7548,205,2024,99,92.31462175423437
2024-05-17,2024-05-16,Prod. Sold Negotiated,5730,91.83,208.35,91.83,1193845.5,109630832.265,929404.21,84761663.95199998,205,2024,99,91.55423184633331
2024-05-20,2024-05-17,Prod. Sold Swine or Pork Market Formula,135010,92.07,214.02,92.07,28894840.200000003,2660347937.214,26805680.49,2475504593.2515,211,2024,100,92.20474901929502
2024-05-20,2024-05-17,Prod. Sold Negotiated,4164,93.7,206.8,93.7,861115.2,80686494.24000001,1193845.5,109630832.265,211,2024,100,92.61360886609656
2024-05-21,2024-05-20,Prod. Sold Negotiated,4749,90.6,220.19,90.6,1045682.31,94738817.28599998,861115.2,80686494.24000001,212,2024,101,91.99996885143824
2024-05-21,2024-05-20,Prod. Sold Swine or Pork Market Formula,122063,91.94,213.73,91.94,26088524.99,2398578987.5806,28894840.200000003,2660347937.214,212,2024,101,92.00831755773807
2024-05-22,2024-05-21,Prod. Sold Swine or Pork Market Formula,118799,91.78,213.61,91.78,25376654.39,2329069339.9142003,26088524.99,2398578987.5806,213,2024,102,91.86110656658904
2024-05-22,2024-05-21,Prod. Sold Negotiated,4244,90.92,213.01,90.92,904014.44,82192992.8848,1045682.31,94738817.28599998,213,2024,102,90.7483741616741
2024-05-23,2024-05-22,Prod. Sold Negotiated,3037,89.62,217.36,89.62,660122.3200000001,59160162.31840001,904014.44,82192992.8848,214,2024,103,90.37135295202704
2024-05-23,2024-05-22,Prod. Sold Swine or Pork Market Formula,125845,91.85,213.6,91.85,26880492.0,2468973190.2,25376654.39,2329069339.9142003,214,2024,103,91.81600721757667
2024-05-24,2024-05-23,Prod. Sold Swine or Pork Market Formula,129526,91.53,214.47,91.53,27779441.22,2542652254.8666,26880492.0,2468973190.2,215,2024,104,91.6873686049959
2024-05-24,2024-05-23,Prod. Sold Negotiated,5148,90.21,210.16,90.21,1081903.68,97598530.97279999,660122.3200000001,59160162.31840001,215,2024,104,89.98642574289934
2024-05-28,2024-05-24,Prod. Sold Swine or Pork Market Formula,116415,91.03,214.54,91.03,24975674.1,2273535613.323,27779441.22,2542652254.8666,222,2024,105,91.29328670737898
2024-05-28,2024-05-24,Prod. Sold Negotiated,3891,90.28,212.19,90.28,825631.29,74537992.8612,1081903.68,97598530.97279999,222,2024,105,90.24029784051613
2024-05-29,2024-05-28,Prod. Sold Swine or Pork Market Formula,125920,90.63,214.47,90.63,27006062.4,2447559435.312,24975674.1,2273535613.323,223,2024,106,90.82218807051588
2024-05-29,2024-05-28,Prod. Sold Negotiated,3312,88.87,215.2,88.87,712742.3999999999,63341417.08799999,825631.29,74537992.8612,223,2024,106,89.62673428794795
2024-05-30,2024-05-29,Prod. Sold Negotiated,4631,88.64,216.91,88.64,1004510.21,89039785.01439999,712742.3999999999,63341417.08799999,224,2024,107,88.73546105858006
2024-05-30,2024-05-29,Prod. Sold Swine or Pork Market Formula,132054,91.49,216.01,91.49000000000001,28524984.54,2609750835.5646,27006062.4,2447559435.312,224,2024,107,91.07176164607353
2024-05-31,2024-05-30,Prod. Sold Negotiated,4739,89.19,209.74,89.19,993957.86,88651101.5334,1004510.21,89039785.01439999,225,2024,108,88.9135479396476
2024-05-31,2024-05-30,Prod. Sold Swine or Pork Market Formula,132332,91.68,215.98,91.68,28581065.36,2620312072.2048,28524984.54,2609750835.5646,225,2024,108,91.5850932944567
2024-06-03,2024-05-31,Prod. Sold Negotiated,4658,89.79,211.85,89.79,986797.3,88604529.567,993957.86,88651101.5334,231,2024,109,89.4889154802959
2024-06-03,2024-05-31,Prod. Sold Swine or Pork Market Formula,183120,91.88,216.31,91.88,39610687.2,3639429939.936,28581065.36,2620312072.2048,231,2024,109,91.79617442201724
2024-06-04,2024-06-03,Prod. Sold Swine or Pork Market Formula,125424,92.12,213.81,92.12,26816905.44,2470373329.1328,39610687.2,3639429939.936,232,2024,110,91.97688831176644
2024-06-04,2024-06-03,Prod. Sold Negotiated,1494,88.81,212.0,88.81,316728.0,28128613.68,986797.3,88604529.567,232,2024,110,89.55188153770396
2024-06-05,2024-06-04,Prod. Sold Negotiated,2385,89.0,216.0,89.0,515160.0,45849240.0,316728.0,28128613.68,233,2024,111,88.92766055045873
2024-06-05,2024-06-04,Prod. Sold Swine or Pork Market Formula,129750,92.09,215.11,92.09,27910522.5,2570280017.025,26816905.44,2470373329.1328,233,2024,111,92.10470025531042
2024-06-06,2024-06-05,Prod. Sold Swine or Pork Market Formula,128794,91.85,215.11,91.85000000000002,27704877.340000004,2544692983.6790004,27910522.5,2570280017.025,234,2024,112,91.97044371557647
2024-06-06,2024-06-05,Prod. Sold Negotiated,1635,87.53,206.85,87.53,338199.75,29602624.1175,515160.0,45849240.0,234,2024,112,88.41741612198139
2024-06-07,2024-06-06,Prod. Sold Swine or Pork Market Formula,124649,91.89,214.82,91.89,26777098.18,2460547551.7602,27704877.340000004,2544692983.6790004,235,2024,113,91.86965941794469
2024-06-07,2024-06-06,Prod. Sold Negotiated,5584,87.61,212.55,87.61,1186879.2,103982486.712,338199.75,29602624.1175,235,2024,113,87.59225929221564
2024-06-10,2024-06-07,Prod. Sold Swine or Pork Market Formula,136211,91.44,214.86,91.44,29266295.46,2676110056.8624,26777098.18,2460547551.7602,241,2024,114,91.65500650475242
2024-06-10,2024-06-07,Prod. Sold Negotiated,5070,88.62,213.66,88.62,1083256.2,95998164.444,1186879.2,103982486.712,241,2024,114,88.09194868112273
2024-06-11,2024-06-10,Prod. Sold Swine or Pork Market Formula,114340,91.39,212.6,91.39,24308684.0,2221570630.76,29266295.46,2676110056.8624,242,2024,115,91.41731339867508
2024-06-11,2024-06-10,Prod. Sold Negotiated,3334,88.29,214.91,88.29,716509.94,63260662.6026,1083256.2,95998164.444,242,2024,115,88.4886227755124
2024-06-12,2024-06-11,Prod. Sold Negotiated,3873,88.65,213.5,88.65,826885.5,73303399.575,716509.94,63260662.6026,243,2024,116,88.48287265744416
2024-06-12,2024-06-11,Prod. Sold Swine or Pork Market Formula,127190,91.54,213.65,91.54,27174143.5,2487521095.99,24308684.0,2221570630.76,243,2024,116,91.4691743912084
2024-06-13,2024-06-12,Prod. Sold Negotiated,2447,87.41,211.02,87.41,516365.94,45135546.8154,826885.5,73303399.575,244,2024,117,88.1733254575182
2024-06-13,2024-06-12,Prod. Sold Swine or Pork Market Formula,119073,91.81,213.81,91.81,25458998.13,2337390618.3153,27174143.5,2487521095.99,244,2024,117,91.67060078274298
2024-06-14,2024-06-13,Prod. Sold Negotiated,5956,88.96,214.46,88.96,1277323.76,113630721.6896,516365.94,45135546.8154,245,2024,118,88.51378725372622
2024-06-14,2024-06-13,Prod. Sold Swine or Pork Market Formula,125309,91.29,214.53,91.29,26882539.77,2454107055.6033,25458998.13,2337390618.3153,245,2024,118,91.54292873611955
2024-06-17,2024-06-14,Prod. Sold Negotiated,5027,88.19,212.97,88.19,1070600.19,94416230.7561,1277323.76,113630721.6896,251,2024,119,88.60889742433947
2024-06-17,2024-06-14,Prod. Sold Swine or Pork Market Formula,138458,90.39,213.98,90.39,29627242.84,2678006480.3076,26882539.77,2454107055.6033,251,2024,119,90.8181433174142
2024-06-18,2024-06-17,Prod. Sold Swine or Pork Market Formula,110497,91.01,212.77,91.01,23510446.69,2139685753.2569003,29627242.84,2678006480.3076,252,2024,120,90.66431521913597
2024-06-18,2024-06-17,Prod. Sold Negotiated,4336,89.34,215.72,89.34,935361.92,83565233.93280001,1070600.19,94416230.7561,252,2024,120,88.72623455928587
2024-06-19,2024-06-18,Prod. Sold Negotiated,3196,90.44,217.24,90.44,694299.04,62792405.1776,935361.92,83565233.93280001,253,2024,121,89.80864284212835
2024-06-19,2024-06-18,Prod. Sold Swine or Pork Market Formula,123097,90.52,213.77,90.52,26314445.69,2381983623.8588,23510446.69,2139685753.2569003,253,2024,121,90.75121211763468
2024-06-20,2024-06-19,Prod. Sold Swine or Pork Market Formula,120829,90.62,213.49,90.62,25795783.21,2337613874.4902,26314445.69,2381983623.8588,254,2024,122,90.56950234100775
2024-06-20,2024-06-19,Prod. Sold Negotiated,1460,87.1,213.35,87.1,311491.0,27130866.1,694299.04,62792405.1776,254,2024,122,89.40560922396885
2024-06-21,2024-06-20,Prod. Sold Negotiated,6795,88.6,211.05,88.6,1434084.75,127059908.85,311491.0,27130866.1,255,2024,123,88.33233100883761
2024-06-21,2024-06-20,Prod. Sold Swine or Pork Market Formula,124018,90.15,214.36,90.15,26584498.48,2396592537.972,25795783.21,2337613874.4902,255,2024,123,90.38146149118579
2024-06-24,2024-06-21,Prod. Sold Negotiated,6663,89.86,212.62,89.86,1416687.06,127303499.2116,1434084.75,127059908.85,261,2024,124,89.22615523604463
2024-06-24,2024-06-21,Prod. Sold Swine or Pork Market Formula,133152,89.74,214.13,89.74,28511837.76,2558652320.5824,26584498.48,2396592537.972,261,2024,124,89.93782884163697
2024-06-25,2024-06-24,Prod. Sold Swine or Pork Market Formula,113126,90.04,212.22,90.04000000000002,24007599.72,2161644278.7888,28511837.76,2558652320.5824,262,2024,125,89.87713551137601
2024-06-25,2024-06-24,Prod. Sold Negotiated,5994,88.9,213.36,88.9,1278879.84,113692417.776,1416687.06,127303499.2116,262,2024,125,89.40453935222307
2024-06-26,2024-06-25,Prod. Sold Negotiated,3814,89.09,205.56,89.09000000000003,784005.84,69847080.2856,1278879.84,113692417.776,263,2024,126,88.9722100652713
2024-06-26,2024-06-25,Prod. Sold Swine or Pork Market Formula,125093,89.89,211.7,89.89000000000001,26482188.1,2380483888.309,24007599.72,2161644278.7888,263,2024,126,89.96132412540213
2024-06-27,2024-06-26,Prod. Sold Negotiated,5315,88.8,211.97,88.8,1126620.55,100043904.84,784005.84,69847080.2856,264,2024,127,88.9189985100122
2024-06-27,2024-06-26,Prod. Sold Swine or Pork Market Formula,114831,89.67,211.82,89.67,24323502.42,2181088462.0014,26482188.1,2380483888.309,264,2024,127,89.78467379583604
2024-06-28,2024-06-27,Prod. Sold Negotiated,5969,88.15,205.66,88.15,1227584.54,108211577.201,1126620.55,100043904.84,265,2024,128,88.46106183595076
2024-06-28,2024-06-27,Prod. Sold Swine or Pork Market Formula,125116,89.37,212.67,89.37,26608419.72,2377994470.3764,24323502.42,2181088462.0014,265,2024,128,89.5132706722896
2024-07-01,2024-06-28,Prod. Sold Negotiated,8280,88.99,212.24,88.99,1757347.2000000002,156386327.328,1227584.54,108211577.201,271,2024,129,88.64454117433186
2024-07-01,2024-06-28,Prod. Sold Swine or Pork Market Formula,137133,89.04,213.63,89.04,29295722.79,2608491157.2216,26608419.72,2377994470.3764,271,2024,129,89.19706847674176
2024-07-02,2024-07-01,Prod. Sold Negotiated,2923,88.93,209.8,88.93,613245.4,54535913.422000006,1757347.2000000002,156386327.328,272,2024,130,88.97447868098466
2024-07-02,2024-07-01,Prod. Sold Swine or Pork Market Formula,120079,89.65,211.17,89.65,25357082.43,2273262439.8495,29295722.79,2608491157.2216,272,2024,130,89.32301969533012
2024-07-03,2024-07-02,Prod. Sold Negotiated,2229,88.62,214.74,88.62,478655.46,42418446.865200005,613245.4,54535913.422000006,273,2024,131,88.79410561797705
2024-07-03,2024-07-02,Prod. Sold Swine or Pork Market Formula,118141,89.27,211.76,89.27,25017538.16,2233315631.5432,25357082.43,2273262439.8495,273,2024,131,89.46128067289726
2024-07-05,2024-07-03,Prod. Sold Swine or Pork Market Formula,123005,89.14,212.48,89.14,26136102.4,2329772167.936,25017538.16,2233315631.5432,275,2024,132,89.20357866077948
2024-07-05,2024-07-03,Prod. Sold Negotiated,5545,89.35,213.15,89.35,1181916.75,105604261.6125,478655.46,42418446.865200005,275,2024,132,89.13957946923608
2024-07-08,2024-07-05,Prod. Sold Negotiated,8715,89.62,213.4,89.62,1859781.0,166673573.22,1181916.75,105604261.6125,281,2024,133,89.51508572227466
2024-07-08,2024-07-05,Prod. Sold Swine or Pork Market Formula,139616,88.35,214.03,88.35,29882012.48,2640075802.608,26136102.4,2329772167.936,281,2024,133,88.71858649992473
2024-07-09,2024-07-08,Prod. Sold Negotiated,3248,90.34,214.73,90.34,697443.0399999999,63007004.2336,1859781.0,166673573.22,282,2024,134,89.81636878933766
2024-07-09,2024-07-08,Prod. Sold Swine or Pork Market Formula,112571,88.39,211.51,88.39,23809892.21,2104556372.4419,29882012.48,2640075802.608,282,2024,134,88.36773816171913
2024-07-10,2024-07-09,Prod. Sold Negotiated,3788,90.8,213.71,90.8,809533.48,73505639.984,697443.0399999999,63007004.2336,283,2024,135,90.58710763297094
2024-07-10,2024-07-09,Prod. Sold Swine or Pork Market Formula,125755,88.82,211.52,88.82,26599697.6,2362585140.832,23809892.21,2104556372.4419,283,2024,135,88.61689869152097
2024-07-11,2024-07-10,Prod. Sold Swine or Pork Market Formula,124713,88.31,213.02,88.31,26566363.26,2346075539.4906,26599697.6,2362585140.832,284,2024,136,88.56515988125811
2024-07-11,2024-07-10,Prod. Sold Negotiated,4398,91.46,212.09,91.46,932771.82,85311310.6572,809533.48,73505639.984,284,2024,136,91.15334186333473
2024-07-12,2024-07-11,Prod. Sold Swine or Pork Market Formula,124385,88.29,213.08,88.29,26503955.8,2340034257.5820003,26566363.26,2346075539.4906,285,2024,137,88.3000117593904
2024-07-12,2024-07-11,Prod. Sold Negotiated,6279,89.62,207.83,89.62,1304964.57,116950924.76340002,932771.82,85311310.6572,285,2024,137,90.3869804881709
2024-07-15,2024-07-12,Prod. Sold Swine or Pork Market Formula,133563,88.3,213.26,88.3,28483645.38,2515105887.054,26503955.8,2340034257.5820003,291,2024,138,88.29518001236073
2024-07-15,2024-07-12,Prod. Sold Negotiated,8147,91.38,214.4,91.38,1746716.8,159614981.184,1304964.57,116950924.76340002,291,2024,138,90.62738615709411
2024-07-16,2024-07-15,Prod. Sold Swine or Pork Market Formula,118474,88.75,211.01,88.75,24999198.74,2218678888.175,28483645.38,2515105887.054,292,2024,139,88.51034108447486
2024-07-16,2024-07-15,Prod. Sold Negotiated,4124,89.96,209.07,89.96,862204.6799999998,77563933.0128,1746716.8,159614981.184,292,2024,139,90.9107138773682
2024-07-17,2024-07-16,Prod. Sold Swine or Pork Market Formula,125135,88.82,211.45,88.82,26459795.75,2350159058.515,24999198.74,2218678888.175,293,2024,140,88.78599342973676
2024-07-17,2024-07-16,Prod. Sold Negotiated,4689,88.61,209.15,88.61,980704.35,86900212.4535,862204.6799999998,77563933.0128,293,2024,140,89.24159727314378
2024-07-18,2024-07-17,Prod. Sold Swine or Pork Market Formula,120641,89.76,212.58,89.76,25645863.78,2301972732.8928003,26459795.75,2350159058.515,294,2024,141,89.28265822504984
2024-07-18,2024-07-17,Prod. Sold Negotiated,5773,89.13,210.9,89.13,1217525.7,108518065.641,980704.35,86900212.4535,294,2024,141,88.89801051282144
2024-07-19,2024-07-18,Prod. Sold Negotiated,8409,88.09,213.17,88.09,1792546.5299999998,157905423.8277,1217525.7,108518065.641,295,2024,142,88.51066323704134
2024-07-19,2024-07-18,Prod. Sold Swine or Pork Market Formula,125319,89.8,212.8,89.8,26667883.200000003,2394775911.36,25645863.78,2301972732.8928003,295,2024,142,89.7803907269041
2024-07-22,2024-07-19,Prod. Sold Negotiated,9658,88.46,210.49,88.46,2032912.42,179831432.6732,1792546.5299999998,157905423.8277,301,2024,143,88.28662414503232
2024-07-22,2024-07-19,Prod. Sold Swine or Pork Market Formula,133561,90.01,213.85,90.01000000000003,28562019.85,2570867406.6985,26667883.200000003,2394775911.36,301,2024,143,89.90860102656835
2024-07-23,2024-07-22,Prod. Sold Negotiated,5463,86.27,210.59,86.27,1150453.17,99249594.9759,2032912.42,179831432.6732,302,2024,144,87.6685444253671
2024-07-23,2024-07-22,Prod. Sold Swine or Pork Market Formula,107704,90.51,212.16,90.51,22850480.64,2068197002.7264,28562019.85,2570867406.6985,302,2024,144,90.23222689445386
2024-07-24,2024-07-23,Prod. Sold Negotiated,3010,84.78,209.13,84.78,629481.2999999999,53367424.61399999,1150453.17,99249594.9759,303,2024,145,85.74305524287081
2024-07-24,2024-07-23,Prod. Sold Swine or Pork Market Formula,121653,91.35,211.33,91.35,25708928.49,2348510617.5615,22850480.64,2068197002.7264,303,2024,145,90.95472328470441
2024-07-25,2024-07-24,Prod. Sold Swine or Pork Market Formula,118152,91.79,212.56,91.79,25114389.12,2305249777.3248,25708928.49,2348510617.5615,304,2024,146,91.5674264045019
2024-07-25,2024-07-24,Prod. Sold Negotiated,3302,84.59,211.37,84.59,697943.74,59039060.9666,629481.2999999999,53367424.61399999,304,2024,146,84.68010033967718
2024-07-26,2024-07-25,Prod. Sold Negotiated,5676,85.65,211.6,85.65,1201041.6,102869213.04,697943.74,59039060.9666,305,2024,147,85.26041280897934
2024-07-26,2024-07-25,Prod. Sold Swine or Pork Market Formula,129902,92.35,213.19,92.35,27693807.38,2557523111.543,25114389.12,2305249777.3248,305,2024,147,92.08367661008457
2024-07-29,2024-07-26,Prod. Sold Negotiated,9341,85.58,209.06,85.58,1952829.46,167123145.1868,1201041.6,102869213.04,311,2024,148,85.60665705426777
2024-07-29,2024-07-26,Prod. Sold Swine or Pork Market Formula,142125,92.94,212.34,92.94,30178822.5,2804819763.15,27693807.38,2557523111.543,311,2024,148,92.6576671184966
2024-07-30,2024-07-29,Prod. Sold Negotiated,3183,83.33,208.99,83.33,665215.17,55432380.116100006,1952829.46,167123145.1868,312,2024,149,85.00830075723347
2024-07-30,2024-07-29,Prod. Sold Swine or Pork Market Formula,115820,92.98,211.33,92.98,24476240.6,2275800850.9880004,30178822.5,2804819763.15,312,2024,149,92.95791324661376
2024-07-31,2024-07-30,Prod. Sold Negotiated,3180,83.09,201.19,83.09,639784.2,53159669.178,665215.17,55432380.116100006,313,2024,150,83.21233848112891
2024-07-31,2024-07-30,Prod. Sold Swine or Pork Market Formula,133611,93.63,210.94,93.63,28183904.34,2638858963.3542,24476240.6,2275800850.9880004,313,2024,150,93.32788240408136
2024-08-01,2024-07-31,Prod. Sold Negotiated,1911,85.29,217.9,85.29,416406.9,35515344.501,639784.2,53159669.178,314,2024,151,83.95735741287724
2024-08-01,2024-07-31,Prod. Sold Swine or Pork Market Formula,125419,93.8,211.27,93.8,26497272.130000003,2485444125.794,28183904.34,2638858963.3542,314,2024,151,93.71237818849
2024-08-02,2024-08-01,Prod. Sold Negotiated,5277,85.02,212.27,85.02,1120148.79,95235050.1258,416406.9,35515344.501,315,2024,152,85.09317005412282
2024-08-02,2024-08-01,Prod. Sold Swine or Pork Market Formula,132826,93.95,210.68,93.95,27983781.68,2629076288.836,26497272.130000003,2485444125.794,315,2024,152,93.87704636673583
2024-08-05,2024-08-02,Prod. Sold Negotiated,6827,86.51,211.89,86.51,1446573.0299999998,125143032.8253,1120148.79,95235050.1258,321,2024,153,85.85974577919005
2024-08-05,2024-08-02,Prod. Sold Swine or Pork Market Formula,130363,93.95,212.74,93.95,27733424.62,2605555243.0490003,27983781.68,2629076288.836,321,2024,153,93.95
2024-08-06,2024-08-05,Prod. Sold Swine or Pork Market Formula,105181,93.44,211.39,93.44,22234211.59,2077564730.9696,27733424.62,2605555243.0490003,322,2024,154,93.72306415169923
2024-08-06,2024-08-05,Prod. Sold Negotiated,4670,83.78,214.2,83.78,1000314.0,83806306.92,1446573.0299999998,125143032.8253,322,2024,154,85.39394634222243
2024-08-07,2024-08-06,Prod. Sold Negotiated,3491,84.75,212.71,84.75,742570.61,62932859.1975,1000314.0,83806306.92,323,2024,155,84.19327663780336
2024-08-07,2024-08-06,Prod. Sold Swine or Pork Market Formula,130966,93.39,210.98,93.39,27631206.68,2580478391.8452,22234211.59,2077564730.9696,323,2024,155,93.41229421948255
2024-08-08,2024-08-07,Prod. Sold Negotiated,3798,84.74,206.57,84.74,784552.86,66483009.3564,742570.61,62932859.1975,324,2024,156,84.74486254467689
2024-08-08,2024-08-07,Prod. Sold Swine or Pork Market Formula,125534,92.64,211.93,92.64,26604420.62,2464633526.2368,27631206.68,2580478391.8452,324,2024,156,93.02209948039085
2024-08-09,2024-08-08,Prod. Sold Negotiated,5023,84.24,208.02,84.24,1044884.46,88021066.9104,784552.86,66483009.3564,325,2024,157,84.45442463522062
2024-08-09,2024-08-08,Prod. Sold Swine or Pork Market Formula,127332,91.68,212.38,91.68,27042770.16,2479281168.2688003,26604420.62,2464633526.2368,325,2024,157,92.15607793481558
2024-08-12,2024-08-09,Prod. Sold Negotiated,5451,85.56,214.66,85.56,1170111.66,100114753.6296,1044884.46,88021066.9104,331,2024,158,84.93731381344361
2024-08-12,2024-08-09,Prod. Sold Swine or Pork Market Formula,142807,90.68,213.12,90.68,30435027.84,2759848324.5312004,27042770.16,2479281168.2688003,331,2024,158,91.1504907129532
2024-08-13,2024-08-12,Prod. Sold Swine or Pork Market Formula,119592,90.39,209.45,90.39,25048544.4,2264137928.316,30435027.84,2759848324.5312004,332,2024,159,90.54907696129264
2024-08-13,2024-08-12,Prod. Sold Negotiated,5729,85.29,211.56,85.29,1212027.24,103373803.2996,1170111.66,100114753.6296,332,2024,159,85.42262457038083
2024-08-14,2024-08-13,Prod. Sold Negotiated,3815,84.62,206.19,84.62,786614.85,66563348.607,1212027.24,103373803.2996,333,2024,160,85.02630498820326
2024-08-14,2024-08-13,Prod. Sold Swine or Pork Market Formula,135712,90.36,211.23,90.36,28666445.76,2590300038.8736,25048544.4,2264137928.316,333,2024,160,90.3739896950509
2024-08-15,2024-08-14,Prod. Sold Swine or Pork Market Formula,128230,90.32,211.47,90.31999999999998,27116798.1,2449189204.392,28666445.76,2590300038.8736,334,2024,161,90.34055559610837
2024-08-15,2024-08-14,Prod. Sold Negotiated,3086,84.94,208.45,84.94,643276.7,54639922.898,786614.85,66563348.607,334,2024,161,84.76396094864678
2024-08-16,2024-08-15,Prod. Sold Negotiated,7147,85.37,209.67,85.37,1498511.49,127927925.9013,643276.7,54639922.898,335,2024,162,85.24085138376827
2024-08-16,2024-08-15,Prod. Sold Swine or Pork Market Formula,130103,90.24,211.45,90.24,27510279.35,2482527608.544,27116798.1,2449189204.392,335,2024,162,90.27971187823444
2024-08-19,2024-08-16,Prod. Sold Swine or Pork Market Formula,162493,90.16,212.67,90.16,34557386.309999995,3115693949.7095995,27510279.35,2482527608.544,341,2024,163,90.19545843596012
2024-08-19,2024-08-16,Prod. Sold Negotiated,9068,85.5,212.45,85.5,1926496.6,164715459.29999998,1498511.49,127927925.9013,341,2024,163,85.443122325968
2024-08-20,2024-08-19,Prod. Sold Negotiated,5784,85.3,207.98,85.3,1202956.3199999998,102612174.096,1926496.6,164715459.29999998,342,2024,164,85.42312034398651
2024-08-20,2024-08-19,Prod. Sold Swine or Pork Market Formula,124259,89.63,211.11,89.63000000000001,26232317.49,2351202616.6287003,34557386.309999995,3115693949.7095995,342,2024,164,89.93129139639434
2024-08-21,2024-08-20,Prod. Sold Negotiated,4433,85.46,210.78,85.46,934387.74,79852776.2604,1202956.3199999998,102612174.096,343,2024,165,85.36994757708781
2024-08-21,2024-08-20,Prod. Sold Swine or Pork Market Formula,135367,89.12,212.31,89.12,28739767.77,2561288103.6624,26232317.49,2351202616.6287003,343,2024,165,89.3633686453156
2024-08-22,2024-08-21,Prod. Sold Negotiated,5153,85.3,211.63,85.3,1090529.39,93022156.967,934387.74,79852776.2604,344,2024,166,85.37383118853857
2024-08-22,2024-08-21,Prod. Sold Swine or Pork Market Formula,139335,88.79,212.29,88.79,29579427.15,2626357336.6485,28739767.77,2561288103.6624,344,2024,166,88.95262438768418
2024-08-23,2024-08-22,Prod. Sold Swine or Pork Market Formula,130407,87.87,212.19,87.87,27671061.33,2431456159.0671,29579427.15,2626357336.6485,345,2024,167,88.34533346353032
2024-08-23,2024-08-22,Prod. Sold Negotiated,7291,85.48,210.63,85.48,1535703.33,131271920.6484,1090529.39,93022156.967,345,2024,167,85.4052559422076
2024-08-26,2024-08-23,Prod. Sold Negotiated,8654,85.91,210.19,85.91,1818984.26,156268937.7766,1535703.33,131271920.6484,351,2024,168,85.71315531202714
2024-08-26,2024-08-23,Prod. Sold Swine or Pork Market Formula,163244,88.05,213.21,88.05,34805253.24,3064602547.782,27671061.33,2431456159.0671,351,2024,168,87.97027713104269
2024-08-27,2024-08-26,Prod. Sold Negotiated,5602,83.98,208.58,83.98,1168465.16,98127704.13680002,1818984.26,156268937.7766,352,2024,169,85.15512939241664
2024-08-27,2024-08-26,Prod. Sold Swine or Pork Market Formula,119662,87.83,210.03,87.83,25132609.86,2207397124.0038,34805253.24,3064602547.782,352,2024,169,87.95775156331523
2024-08-28,2024-08-27,Prod. Sold Negotiated,3845,82.74,218.09,82.73999999999998,838556.05,69382127.57699999,1168465.16,98127704.13680002,353,2024,170,83.46191404414705
2024-08-28,2024-08-27,Prod. Sold Swine or Pork Market Formula,133266,87.4,209.9,87.4,27972533.4,2444799419.1600003,25132609.86,2207397124.0038,353,2024,170,87.60350236486302
2024-08-29,2024-08-28,Prod. Sold Negotiated,2918,84.93,211.98,84.93,618557.64,52534100.365200005,838556.05,69382127.57699999,354,2024,171,83.66967435615818
2024-08-29,2024-08-28,Prod. Sold Swine or Pork Market Formula,132699,86.86,211.89,86.86,28117591.11,2442293963.8146,27972533.4,2444799419.1600003,354,2024,171,87.12930173837118
2024-08-30,2024-08-29,Prod. Sold Swine or Pork Market Formula,136627,86.29,212.08,86.29,28975854.16,2500326455.4664,28117591.11,2442293963.8146,355,2024,172,86.57071570837786
2024-08-30,2024-08-29,Prod. Sold Negotiated,7412,83.29,215.5,83.29,1597286.0,133037950.94,618557.64,52534100.365200005,355,2024,172,83.74780961764972
2024-09-03,2024-08-30,Prod. Sold Negotiated,6727,84.27,213.42,84.27,1435676.34,120984445.1718,1597286.0,133037950.94,362,2024,173,83.75389063083455
2024-09-03,2024-08-30,Prod. Sold Swine or Pork Market Formula,143839,86.26,211.86,86.25999999999999,30473730.540000003,2628663996.3804,28975854.16,2500326455.4664,362,2024,173,86.27462206387456
2024-09-04,2024-09-03,Prod. Sold Negotiated,3081,82.19,208.62,82.19,642758.22,52828298.1018,1435676.34,120984445.1718,363,2024,174,83.62675766592332
2024-09-04,2024-09-03,Prod. Sold Swine or Pork Market Formula,129342,86.49,211.83,86.49,27398515.860000003,2369697636.7314,30473730.540000003,2628663996.3804,363,2024,174,86.36888913148876
2024-09-05,2024-09-04,Prod. Sold Negotiated,3972,82.2,212.2,82.2,842858.3999999998,69282960.47999999,642758.22,52828298.1018,364,2024,175,82.1956734583381
2024-09-05,2024-09-04,Prod. Sold Swine or Pork Market Formula,134955,86.6,213.4,86.6,28799397.0,2494027780.2,27398515.860000003,2369697636.7314,364,2024,175,86.54637102000376
2024-09-06,2024-09-05,Prod. Sold Negotiated,6603,81.42,214.77,81.42,1418126.31,115463844.1602,842858.3999999998,69282960.47999999,365,2024,176,81.71077133918342
2024-09-06,2024-09-05,Prod. Sold Swine or Pork Market Formula,125150,86.23,213.72,86.23,26747058.0,2306398811.34,28799397.0,2494027780.2,365,2024,176,86.42183540857827
2024-09-09,2024-09-06,Prod. Sold Negotiated,9574,81.77,217.27,81.77,2080142.98,170093291.47460002,1418126.31,115463844.1602,371,2024,177,81.62811720958166
2024-09-09,2024-09-06,Prod. Sold Swine or Pork Market Formula,229560,85.77,214.52,85.77,49245211.2,4223761764.624,26747058.0,2306398811.34,371,2024,177,85.93190655720016
2024-09-10,2024-09-09,Prod. Sold Negotiated,4986,80.91,210.83,80.91,1051198.38,85052460.92580001,2080142.98,170093291.47460002,372,2024,178,81.48129605403354
2024-09-10,2024-09-09,Prod. Sold Swine or Pork Market Formula,127627,85.64,212.84,85.64000000000001,27164130.68,2326336151.4352,49245211.2,4223761764.624,372,2024,178,85.72378396277844
2024-09-11,2024-09-10,Prod. Sold Negotiated,4980,78.05,209.92,78.05,1045401.6,81593594.88,1051198.38,85052460.92580001,373,2024,179,79.48395373246164
2024-09-11,2024-09-10,Prod. Sold Swine or Pork Market Formula,131738,85.74,212.63,85.74,28011450.94,2401701803.5956,27164130.68,2326336151.4352,373,2024,179,85.69076783989867
2024-09-12,2024-09-11,Prod. Sold Negotiated,3604,80.09,212.03,80.09,764156.12,61201263.650800005,1045401.6,81593594.88,374,2024,180,78.91146933450676
2024-09-12,2024-09-11,Prod. Sold Swine or Pork Market Formula,125228,85.37,213.14,85.37,26691095.92,2278618858.6904,28011450.94,2401701803.5956,374,2024,180,85.55946534380428
2024-09-13,2024-09-12,Prod. Sold Swine or Pork Market Formula,126792,84.7,213.14,84.7,27024446.88,2288970650.736,26691095.92,2278618858.6904,375,2024,181,85.03292103801286
2024-09-13,2024-09-12,Prod. Sold Negotiated,5345,80.49,213.93,80.49,1143455.85,92036761.3665,764156.12,61201263.650800005,375,2024,181,80.32976696896067
2024-09-16,2024-09-13,Prod. Sold Swine or Pork Market Formula,166447,84.48,214.02,84.48,35622986.940000005,3009429936.6912007,27024446.88,2288970650.736,381,2024,182,84.57490218435254
2024-09-16,2024-09-13,Prod. Sold Negotiated,9285,80.61,212.86,80.61,1976405.1,159318015.111,1143455.85,92036761.3665,381,2024,182,80.56601896873
2024-09-17,2024-09-16,Prod. Sold Negotiated,7069,79.0,209.15,79.0,1478481.35,116800026.65,1976405.1,159318015.111,382,2024,183,79.92101788497276
2024-09-17,2024-09-16,Prod. Sold Swine or Pork Market Formula,119577,84.44,211.77,84.44,25322821.290000003,2138259029.7276,35622986.940000005,3009429936.6912007,382,2024,183,84.46338010634337
2024-09-18,2024-09-17,Prod. Sold Swine or Pork Market Formula,128378,84.48,212.69,84.47999999999999,27304716.82,2306702476.9536,25322821.290000003,2138259029.7276,383,2024,184,84.46075317812733
2024-09-18,2024-09-17,Prod. Sold Negotiated,4001,78.59,214.88,78.59,859734.88,67566564.2192,1478481.35,116800026.65,383,2024,184,78.84924777431726
2024-09-19,2024-09-18,Prod. Sold Swine or Pork Market Formula,126789,84.54,212.75,84.54,26974359.75,2280412373.2650003,27304716.82,2306702476.9536,384,2024,185,84.50981741192507
2024-09-19,2024-09-18,Prod. Sold Negotiated,2782,80.5,216.34,80.5,601857.88,48449559.34,859734.88,67566564.2192,384,2024,185,79.37650399910301
2024-09-20,2024-09-19,Prod. Sold Swine or Pork Market Formula,123594,84.45,213.47,84.45,26383611.18,2228095964.151,26974359.75,2280412373.2650003,385,2024,186,84.49549821395355
2024-09-20,2024-09-19,Prod. Sold Negotiated,4130,78.77,209.69,78.77,866019.7,68216371.769,601857.88,48449559.34,385,2024,186,79.47933308512006
2024-09-23,2024-09-20,Prod. Sold Negotiated,10668,80.13,212.72,80.13,2269296.96,181838765.4048,866019.7,68216371.769,391,2024,187,79.75434837698337
2024-09-23,2024-09-20,Prod. Sold Swine or Pork Market Formula,168233,84.56,214.23,84.56,36040555.59,3047589380.6904,26383611.18,2228095964.151,391,2024,187,84.51350843463409
2024-09-24,2024-09-23,Prod. Sold Negotiated,3904,78.07,208.27,78.07,813086.08,63477630.2656,2269296.96,181838765.4048,392,2024,188,79.5866031206816
2024-09-24,2024-09-23,Prod. Sold Swine or Pork Market Formula,115614,84.27,212.47,84.27,24564506.58,2070050969.4966,36040555.59,3047589380.6904,392,2024,188,84.44245689958673
2024-09-25,2024-09-24,Prod. Sold Negotiated,4109,78.2,207.86,78.2,854096.7400000001,66790365.06800001,813086.08,63477630.2656,393,2024,189,78.13659892056707
2024-09-25,2024-09-24,Prod. Sold Swine or Pork Market Formula,130407,84.21,214.07,84.21,27916226.49,2350825432.7229,24564506.58,2070050969.4966,393,2024,189,84.2380840283392
2024-09-26,2024-09-25,Prod. Sold Swine or Pork Market Formula,128056,84.24,213.68,84.24,27363006.08,2305059632.1792,27916226.49,2350825432.7229,394,2024,190,84.22484988383945
2024-09-26,2024-09-25,Prod. Sold Negotiated,4224,80.38,213.44,80.38,901570.56,72468241.61279999,854096.7400000001,66790365.06800001,394,2024,190,79.31947395773673
2024-09-27,2024-09-26,Prod. Sold Negotiated,4394,78.36,213.54,78.36,938294.76,73524777.3936,901570.56,72468241.61279999,395,2024,191,79.34984013199401
2024-09-27,2024-09-26,Prod. Sold Swine or Pork Market Formula,127188,84.14,214.38,84.14,27266563.44,2294208647.8416,27363006.08,2305059632.1792,395,2024,191,84.19008826963203
2024-09-30,2024-09-27,Prod. Sold Negotiated,11631,79.63,208.69,79.63,2427273.39,193283780.0457,938294.76,73524777.3936,401,2024,192,79.27593367535879
2024-09-30,2024-09-27,Prod. Sold Swine or Pork Market Formula,163430,84.36,215.15,84.36,35161964.5,2966263325.22,27266563.44,2294208647.8416,401,2024,192,84.26391181476255
2024-10-01,2024-09-30,Prod. Sold Swine or Pork Market Formula,120237,84.56,213.98,84.56,25728313.26,2175586169.2656,35161964.5,2966263325.22,402,2024,193,84.4445071305518
2024-10-01,2024-09-30,Prod. Sold Negotiated,6130,77.91,211.4,77.91,1295882.0,100962166.62,2427273.39,193283780.0457,402,2024,193,79.0313365528641
2024-10-02,2024-10-01,Prod. Sold Swine or Pork Market Formula,126551,84.81,214.19,84.81000000000002,27105958.69,2298856356.4989004,25728313.26,2175586169.2656,403,2024,194,84.68825935557345
2024-10-02,2024-10-01,Prod. Sold Negotiated,2867,77.37,214.84,77.37,615946.28,47655763.68360001,1295882.0,100962166.62,403,2024,194,77.73602465154454
2024-10-03,2024-10-02,Prod. Sold Swine or Pork Market Formula,125142,85.25,214.42,85.25000000000001,26832947.64,2287508786.31,27105958.69,2298856356.4989004,404,2024,195,85.02888647295458
2024-10-03,2024-10-02,Prod. Sold Negotiated,1899,78.45,210.02,78.45,398827.98,31288055.031000003,615946.28,47655763.68360001,404,2024,195,77.79446309034287
2024-10-04,2024-10-03,Prod. Sold Negotiated,4510,76.65,211.02,76.65,951700.2,72947820.33000001,398827.98,31288055.031000003,405,2024,196,77.18156266905886
2024-10-04,2024-10-03,Prod. Sold Swine or Pork Market Formula,121737,84.79,214.08,84.79,26061456.96,2209750935.6384,26832947.64,2287508786.31,405,2024,196,85.02335466213756
2024-10-07,2024-10-04,Prod. Sold Swine or Pork Market Formula,166673,84.44,215.34,84.44,35891363.82,3030666760.9608,26061456.96,2209750935.6384,411,2024,197,84.58723316583746
2024-10-07,2024-10-04,Prod. Sold Negotiated,9898,78.09,213.68,78.09,2115004.64,165160712.33760002,951700.2,72947820.33000001,411,2024,197,77.64312025137704
2024-10-08,2024-10-07,Prod. Sold Swine or Pork Market Formula,115006,84.57,213.13,84.57,24511228.78,2072914617.9246,35891363.82,3030666760.9608,412,2024,198,84.49275369159237
2024-10-08,2024-10-07,Prod. Sold Negotiated,2650,78.08,216.2,78.08,572930.0,44734374.4,2115004.64,165160712.33760002,412,2024,198,78.08786851215996
2024-10-09,2024-10-08,Prod. Sold Negotiated,3197,76.75,207.5,76.75,663377.5,50914223.125,572930.0,44734374.4,413,2024,199,77.36634900702293
2024-10-09,2024-10-08,Prod. Sold Swine or Pork Market Formula,121437,84.71,213.9,84.71,25975374.3,2200373956.953,24511228.78,2072914617.9246,413,2024,199,84.64203004718374
2024-10-10,2024-10-09,Prod. Sold Swine or Pork Market Formula,123368,84.55,214.71,84.55,26488343.28,2239589424.324,25975374.3,2200373956.953,414,2024,200,84.62921779240412
2024-10-10,2024-10-09,Prod. Sold Negotiated,2319,77.33,202.81,77.33,470316.39,36369566.4387,663377.5,50914223.125,414,2024,200,76.99061478023842
2024-10-11,2024-10-10,Prod. Sold Negotiated,4964,76.52,214.24,76.52,1063487.36,81378052.7872,470316.39,36369566.4387,415,2024,201,76.76837354576814
2024-10-11,2024-10-10,Prod. Sold Swine or Pork Market Formula,127903,84.46,213.97,84.46,27367404.91,2311451018.6986,26488343.28,2239589424.324,415,2024,201,84.5042654865139
2024-10-14,2024-10-11,Prod. Sold Swine or Pork Market Formula,178043,84.43,215.73,84.43,38409216.39,3242890139.8077,27367404.91,2311451018.6986,421,2024,202,84.44248197507068
2024-10-14,2024-10-11,Prod. Sold Negotiated,9195,78.82,210.76,78.82,1937938.2,152748288.924,1063487.36,81378052.7872,421,2024,202,78.00504694549213
2024-10-15,2024-10-14,Prod. Sold Swine or Pork Market Formula,118828,84.1,214.01,84.1,25430380.28,2138694981.548,38409216.39,3242890139.8077,422,2024,203,84.2985451360888
2024-10-15,2024-10-14,Prod. Sold Negotiated,2334,76.08,210.04,76.08,490233.36,37296954.0288,1937938.2,152748288.924,422,2024,203,78.2668103372399
2024-10-16,2024-10-15,Prod. Sold Swine or Pork Market Formula,128113,83.95,214.99,83.95,27543013.87,2312236014.3865004,25430380.28,2138694981.548,423,2024,204,84.02200892265273
2024-10-16,2024-10-15,Prod. Sold Negotiated,3220,75.86,215.31,75.86,693298.2,52593601.452,490233.36,37296954.0288,423,2024,204,75.9511267116527
2024-10-17,2024-10-16,Prod. Sold Swine or Pork Market Formula,134230,84.03,215.29,84.03,28898376.7,2428330594.101,27543013.87,2312236014.3865004,424,2024,205,83.9909605453135
2024-10-17,2024-10-16,Prod. Sold Negotiated,1401,74.15,212.45,74.15,297642.45,22070187.667500004,693298.2,52593601.452,424,2024,205,75.3463783320424
2024-10-18,2024-10-17,Prod. Sold Swine or Pork Market Formula,133394,84.16,215.4,84.16,28733067.6,2418174969.216,28898376.7,2428330594.101,425,2024,206,84.09481355505433
2024-10-18,2024-10-17,Prod. Sold Negotiated,3467,77.01,210.05,77.01,728243.3500000002,56082020.38350001,297642.45,22070187.667500004,425,2024,206,76.18022205882956
2024-10-21,2024-10-18,Prod. Sold Swine or Pork Market Formula,176333,84.69,215.43,84.69,37987418.19,3217154446.5111,28733067.6,2418174969.216,431,2024,207,84.46175637066057
2024-10-21,2024-10-18,Prod. Sold Negotiated,6817,77.37,212.94,77.37,1451611.98,112311218.8926,728243.3500000002,56082020.38350001,431,2024,207,77.24973164898057
2024-10-22,2024-10-21,Prod. Sold Swine or Pork Market Formula,131805,84.41,214.41,84.41,28260310.05,2385452771.3205,37987418.19,3217154446.5111,432,2024,208,84.5705561032171
2024-10-22,2024-10-21,Prod. Sold Negotiated,2500,74.89,219.11,74.89,547775.0,41022869.75,1451611.98,112311218.8926,432,2024,208,76.69055074200794
2024-10-23,2024-10-22,Prod. Sold Negotiated,2270,78.22,209.6,78.22,475792.0,37216450.24,547775.0,41022869.75,433,2024,209,76.43790781648882
2024-10-23,2024-10-22,Prod. Sold Swine or Pork Market Formula,132952,85.21,214.04,85.21,28457046.08,2424824896.4767995,28260310.05,2385452771.3205,433,2024,209,84.81138748378572
2024-10-24,2024-10-23,Prod. Sold Negotiated,2069,74.34,204.86,74.34,423855.34,31509405.975600004,475792.0,37216450.24,434,2024,210,76.39199624110486
2024-10-24,2024-10-23,Prod. Sold Swine or Pork Market Formula,128330,85.48,214.7,85.48,27552451.0,2355183511.48,28457046.08,2424824896.4767995,434,2024,210,85.34281964948505
2024-10-25,2024-10-24,Prod. Sold Negotiated,5062,77.56,215.35,77.56,1090101.7,84548287.852,423855.34,31509405.975600004,435,2024,211,76.6585119400746
2024-10-25,2024-10-24,Prod. Sold Swine or Pork Market Formula,131311,85.84,215.75,85.84,28330348.25,2431877093.78,27552451.0,2355183511.48,435,2024,211,85.66250562797282
2024-10-28,2024-10-25,Prod. Sold Negotiated,7713,78.22,215.83,78.22,1664696.79,130212582.9138,1090101.7,84548287.852,441,2024,212,77.95883130667752
2024-10-28,2024-10-25,Prod. Sold Swine or Pork Market Formula,164856,85.9,216.4,85.9,35674838.4,3064468618.56,28330348.25,2431877093.78,441,2024,212,85.87344245077676
2024-10-29,2024-10-28,Prod. Sold Negotiated,4821,76.34,214.1,76.34,1032176.1,78796323.474,1664696.79,130212582.9138,442,2024,213,77.50046624844822
2024-10-29,2024-10-28,Prod. Sold Swine or Pork Market Formula,124661,86.34,214.61,86.34,26753497.21,2309896949.1114,35674838.4,3064468618.56,442,2024,213,86.08856082990803
2024-10-30,2024-10-29,Prod. Sold Swine or Pork Market Formula,129251,87.71,214.32,87.71,27701074.32,2429661228.6072,26753497.21,2309896949.1114,443,2024,214,87.03691984992467
2024-10-30,2024-10-29,Prod. Sold Negotiated,1629,77.97,213.25,77.97,347384.25,27085549.9725,1032176.1,78796323.474,443,2024,214,76.75044694239001
2024-10-31,2024-10-30,Prod. Sold Negotiated,3307,79.27,207.04,79.27,684681.28,54274685.0656,347384.25,27085549.9725,444,2024,215,78.83243134580803
2024-10-31,2024-10-30,Prod. Sold Swine or Pork Market Formula,127261,88.49,215.09,88.49,27372568.49,2422198585.6801,27701074.32,2429661228.6072,444,2024,215,88.09767370983353
2024-11-01,2024-10-31,Prod. Sold Swine or Pork Market Formula,127620,89.21,216.1,89.21,27578682.0,2460294221.22,27372568.49,2422198585.6801,445,2024,216,88.85135030345877
2024-11-01,2024-10-31,Prod. Sold Negotiated,4800,79.02,204.58,79.02,981984.0,77596375.68,684681.28,54274685.0656,445,2024,216,79.1227022774483
2024-11-04,2024-11-01,Prod. Sold Swine or Pork Market Formula,197088,90.04,217.28,90.04,42823280.64,3855808188.8256,27578682.0,2460294221.22,451,2024,217,89.71486267141373
2024-11-04,2024-11-01,Prod. Sold Negotiated,6986,80.44,211.75,80.44,1479285.5,118993725.62,981984.0,77596375.68,451,2024,217,79.87345607622407
2024-11-05,2024-11-04,Prod. Sold Negotiated,3003,82.3,211.99,82.3,636605.97,52392671.33099999,1479285.5,118993725.62,452,2024,218,80.99961618116451
2024-11-05,2024-11-04,Prod. Sold Swine or Pork Market Formula,125982,90.07,214.95,90.07,27079830.9,2439080369.163,42823280.64,3855808188.8256,452,2024,218,90.05162172768999
2024-11-06,2024-11-05,Prod. Sold Swine or Pork Market Formula,127951,90.67,214.77,90.67,27480036.27,2491614888.6009,27079830.9,2439080369.163,453,2024,219,90.37220054808098
2024-11-06,2024-11-05,Prod. Sold Negotiated,1617,83.4,217.51,83.4,351713.67,29332920.078,636605.97,52392671.33099999,453,2024,219,82.69145740036089
2024-11-07,2024-11-06,Prod. Sold Swine or Pork Market Formula,130654,90.81,215.75,90.81,28188600.5,2559806811.405,27480036.27,2491614888.6009,454,2024,220,90.74089097737932
2024-11-07,2024-11-06,Prod. Sold Negotiated,2832,83.25,219.22,83.25,620831.04,51684184.080000006,351713.67,29332920.078,454,2024,220,83.30424640117575
2024-11-08,2024-11-07,Prod. Sold Swine or Pork Market Formula,136753,90.52,215.75,90.52,29504459.75,2670743696.57,28188600.5,2559806811.405,455,2024,221,90.66169285022458
2024-11-08,2024-11-07,Prod. Sold Negotiated,4998,82.39,216.67,82.39,1082916.66,89221503.61739999,620831.04,51684184.080000006,455,2024,221,82.70337661931987
2024-11-11,2024-11-08,Prod. Sold Swine or Pork Market Formula,165923,90.24,217.17,90.24,36033497.91,3251662851.3984,29504459.75,2670743696.57,461,2024,222,90.36605288637244
2024-11-11,2024-11-08,Prod. Sold Negotiated,9725,83.04,213.67,83.04,2077940.75,172552199.88,1082916.66,89221503.61739999,461,2024,222,82.81730857875047
2024-11-12,2024-11-11,Prod. Sold Negotiated,2970,83.23,210.65,83.23,625630.5,52071226.515,2077940.75,172552199.88,462,2024,223,83.08396769458174
2024-11-12,2024-11-11,Prod. Sold Swine or Pork Market Formula,125843,90.08,214.82,90.08,27033593.26,2435186080.8608,36033497.91,3251662851.3984,462,2024,223,90.17141629269152
2024-11-13,2024-11-12,Prod. Sold Swine or Pork Market Formula,129685,90.04,215.62,90.04,27962679.7,2517759680.188,27033593.26,2435186080.8608,463,2024,224,90.05966212748974
2024-11-13,2024-11-12,Prod. Sold Negotiated,1707,83.26,211.8,83.26,361542.6,30102036.87600001,625630.5,52071226.515,463,2024,224,83.24098720984192
2024-11-14,2024-11-13,Prod. Sold Negotiated,2005,83.31,227.68,83.31,456498.4,38030881.704,361542.6,30102036.87600001,464,2024,225,83.28790192667604
2024-11-14,2024-11-13,Prod. Sold Swine or Pork Market Formula,134735,89.71,215.29,89.71,29007098.15,2602226775.0364995,27962679.7,2517759680.188,464,2024,225,89.8719750795816
2024-11-15,2024-11-14,Prod. Sold Negotiated,3352,82.91,213.94,82.91,717126.88,59456989.6208,456498.4,38030881.704,465,2024,226,83.06558574198401
2024-11-15,2024-11-14,Prod. Sold Swine or Pork Market Formula,135079,89.08,216.44,89.08,29236498.76,2604387309.5408,29007098.15,2602226775.0364995,465,2024,226,89.39375932813246
2024-11-18,2024-11-15,Prod. Sold Negotiated,8874,83.57,215.03,83.57,1908176.22,159466286.7054,717126.88,59456989.6208,471,2024,227,83.38971462997928
2024-11-18,2024-11-15,Prod. Sold Swine or Pork Market Formula,178800,88.39,216.88,88.39,38778144.0,3427600148.16,29236498.76,2604387309.5408,471,2024,227,88.68660060430787
2024-11-19,2024-11-18,Prod. Sold Negotiated,6243,85.47,214.48,85.47,1338998.64,114444213.7608,1908176.22,159466286.7054,472,2024,228,84.3534802638254
2024-11-19,2024-11-18,Prod. Sold Swine or Pork Market Formula,131083,88.1,215.4,88.1,28235278.2,2487528009.42,38778144.0,3427600148.16,472,2024,228,88.26781207989107
2024-11-20,2024-11-19,Prod. Sold Swine or Pork Market Formula,136173,87.71,216.71,87.71,29510050.83,2588326558.2993,28235278.2,2487528009.42,473,2024,229,87.90069522475626
2024-11-20,2024-11-19,Prod. Sold Negotiated,3458,86.73,214.3,86.73,741049.4,64271214.462000005,1338998.64,114444213.7608,473,2024,229,85.91889455726222
2024-11-21,2024-11-20,Prod. Sold Swine or Pork Market Formula,129898,87.19,216.41,87.19,28111226.18,2451017810.6342,29510050.83,2588326558.2993,474,2024,230,87.45631180751056
2024-11-21,2024-11-20,Prod. Sold Negotiated,2597,86.18,215.23,86.18,558952.31,48170510.0758,741049.4,64271214.462000005,474,2024,230,86.4935204876
2024-11-22,2024-11-21,Prod. Sold Swine or Pork Market Formula,132238,86.88,216.05,86.88,28570019.9,2482163328.912,28111226.18,2451017810.6342,475,2024,231,87.03374538702802
2024-11-22,2024-11-21,Prod. Sold Negotiated,4165,86.07,210.94,86.07,878565.1,75618098.15699999,558952.31,48170510.0758,475,2024,231,86.1127714848337
2024-11-25,2024-11-22,Prod. Sold Swine or Pork Market Formula,168843,86.18,216.78,86.18,36601785.54,3154341877.8372,28570019.9,2482163328.912,481,2024,232,86.48686604115046
2024-11-25,2024-11-22,Prod. Sold Negotiated,10065,85.83,212.04,85.83,2134182.6,183176892.558,878565.1,75618098.15699999,481,2024,232,85.89998781345014
2024-11-26,2024-11-25,Prod. Sold Swine or Pork Market Formula,128822,85.44,215.1,85.44,27709612.2,2367509266.368,36601785.54,3154341877.8372,482,2024,233,85.8611589586204
2024-11-26,2024-11-25,Prod. Sold Negotiated,5160,88.11,211.99,88.11,1093868.4,96380744.724,2134182.6,183176892.558,482,2024,233,86.60260859633257
2024-11-27,2024-11-26,Prod. Sold Negotiated,3175,85.71,212.93,85.71,676052.75,57944481.20249999,1093868.4,96380744.724,483,2024,234,87.19327746690861
2024-11-27,2024-11-26,Prod. Sold Swine or Pork Market Formula,129015,85.47,215.47,85.46999999999998,27798862.05,2375968739.4135,27709612.2,2367509266.368,483,2024,234,85.45502411789853
2024-11-29,2024-11-27,Prod. Sold Swine or Pork Market Formula,129122,84.91,216.01,84.91,27891643.22,2368279425.8102,27798862.05,2375968739.4135,485,2024,235,85.189533516037
2024-11-29,2024-11-27,Prod. Sold Negotiated,3243,86.06,210.42,86.06,682392.06,58726660.6836,676052.75,57944481.20249999,485,2024,235,85.8858166538985
2024-12-02,2024-11-29,Prod. Sold Swine or Pork Market Formula,228679,83.99,218.03,83.99,49858882.37,4187647530.2563,27891643.22,2368279425.8102,491,2024,236,84.32003393311723
2024-12-02,2024-11-29,Prod. Sold Negotiated,8228,85.34,212.62,85.34,1749437.36,149296984.30240002,682392.06,58726660.6836,491,2024,236,85.54203813604657
2024-12-03,2024-12-02,Prod. Sold Swine or Pork Market Formula,119527,84.01,215.78,84.01,25791536.06,2166746944.4006,49858882.37,4187647530.2563,492,2024,237,83.99681861028537
2024-12-03,2024-12-02,Prod. Sold Negotiated,3646,87.12,222.49,87.12,811198.54,70671616.8048,1749437.36,149296984.30240002,492,2024,237,85.90389641385563
2024-12-04,2024-12-03,Prod. Sold Negotiated,2785,84.44,215.8,84.44,601003.0,50748693.32,811198.54,70671616.8048,493,2024,238,85.97944888574473
2024-12-04,2024-12-03,Prod. Sold Swine or Pork Market Formula,122105,84.03,216.8,84.03,26472364.0,2224472746.92,25791536.06,2166746944.4006,493,2024,238,84.02013026734309
2024-12-05,2024-12-04,Prod. Sold Swine or Pork Market Formula,125911,83.78,216.21,83.78,27223217.31,2280761146.2318,26472364.0,2224472746.92,494,2024,239,83.90325205982577
2024-12-05,2024-12-04,Prod. Sold Negotiated,1975,85.99,213.49,85.99,421642.75,36257060.0725,601003.0,50748693.32,494,2024,239,85.07907395351715
2024-12-06,2024-12-05,Prod. Sold Negotiated,4751,86.97,211.1,86.97,1002936.1,87225352.617,421642.75,36257060.0725,495,2024,240,86.67994241912265
2024-12-06,2024-12-05,Prod. Sold Swine or Pork Market Formula,125787,83.52,217.03,83.52,27299552.61,2280058633.9872,27223217.31,2280761146.2318,495,2024,240,83.64981799184056
2024-12-09,2024-12-06,Prod. Sold Swine or Pork Market Formula,153697,83.18,217.82,83.18,33478280.54,2784723375.3172,27299552.61,2280058633.9872,501,2024,241,83.33271765060285
2024-12-09,2024-12-06,Prod. Sold Negotiated,5839,87.12,209.4,87.12,1222686.6,106520456.592,1002936.1,87225352.617,501,2024,241,87.0524052477538
2024-12-10,2024-12-09,Prod. Sold Negotiated,3466,84.81,215.32,84.81,746299.12,63293628.3672,1222686.6,106520456.592,502,2024,242,86.2444471964987
2024-12-10,2024-12-09,Prod. Sold Swine or Pork Market Formula,117279,83.29,215.79,83.29,25307635.41,2107872953.2989,33478280.54,2784723375.3172,502,2024,242,83.22735555872715
2024-12-11,2024-12-10,Prod. Sold Swine or Pork Market Formula,122122,83.81,217.12,83.81,26515128.64,2222232931.3184,25307635.41,2107872953.2989,503,2024,243,83.55605811452854
2024-12-11,2024-12-10,Prod. Sold Negotiated,2570,87.25,212.1,87.25,545097.0,47559713.25,746299.12,63293628.3672,503,2024,243,85.83992153948857
2024-12-12,2024-12-11,Prod. Sold Swine or Pork Market Formula,128702,83.96,217.2,83.96,27954074.4,2347024086.624,26515128.64,2222232931.3184,504,2024,244,83.8869813201952
2024-12-12,2024-12-11,Prod. Sold Negotiated,3426,83.65,221.67,83.65,759441.4199999998,63527274.783,545097.0,47559713.25,504,2024,244,85.15424791628598
2024-12-13,2024-12-12,Prod. Sold Negotiated,4931,85.6,215.1,85.6,1060658.1,90792333.35999998,759441.4199999998,63527274.783,505,2024,245,84.78635725534393
2024-12-13,2024-12-12,Prod. Sold Swine or Pork Market Formula,121694,83.78,217.63,83.78,26484265.22,2218851740.1316,27954074.4,2347024086.624,505,2024,245,83.87242995703254
2024-12-16,2024-12-13,Prod. Sold Swine or Pork Market Formula,160896,83.72,217.29,83.72,34961091.84,2926942608.8447995,26484265.22,2218851740.1316,511,2024,246,83.74586128536365
2024-12-16,2024-12-13,Prod. Sold Negotiated,8933,85.9,218.06,85.9,1947929.98,167327185.282,1060658.1,90792333.35999998,511,2024,246,85.79423695715765
2024-12-17,2024-12-16,Prod. Sold Swine or Pork Market Formula,116515,84.25,216.03,84.25,25170735.45,2120634461.6625,34961091.84,2926942608.8447995,512,2024,247,83.94185405615833
2024-12-17,2024-12-16,Prod. Sold Negotiated,5353,82.57,215.56,82.57,1153892.68,95276918.5876,1947929.98,167327185.282,512,2024,247,84.66122427179637
2024-12-18,2024-12-17,Prod. Sold Swine or Pork Market Formula,120906,84.25,216.74,84.25,26205166.44,2207785272.57,25170735.45,2120634461.6625,513,2024,248,84.25
2024-12-18,2024-12-17,Prod. Sold Negotiated,4617,81.23,205.58,81.23,949162.86,77100499.11780001,1153892.68,95276918.5876,513,2024,248,81.96522365995146
2024-12-19,2024-12-18,Prod. Sold Negotiated,3145,81.77,206.69,81.77,650040.05,53153774.8885,949162.86,77100499.11780001,514,2024,249,81.44949786659654
2024-12-19,2024-12-18,Prod. Sold Swine or Pork Market Formula,122946,84.34,217.01,84.34,26680511.46,2250234336.5364,26205166.44,2207785272.57,514,2024,249,84.2954044672726
2024-12-20,2024-12-19,Prod. Sold Swine or Pork Market Formula,125741,84.61,217.63,84.61000000000001,27365013.83,2315353820.1563,26680511.46,2250234336.5364,515,2024,250,84.47670981444723
2024-12-20,2024-12-19,Prod. Sold Negotiated,6414,80.4,211.18,80.4,1354508.52,108902485.00800002,650040.05,53153774.8885,515,2024,250,80.84426704437497
2024-12-23,2024-12-20,Prod. Sold Swine or Pork Market Formula,165164,85.19,217.16,85.19,35867014.24,3055510943.1056,27365013.83,2315353820.1563,521,2024,251,84.93899258325497
2024-12-23,2024-12-20,Prod. Sold Negotiated,5573,79.68,210.6,79.68,1173673.8,93518328.384,1354508.52,108902485.00800002,521,2024,251,80.0657499226559
2024-12-26,2024-12-23,Prod. Sold Swine or Pork Market Formula,178494,85.28,215.82,85.28,38522575.08,3285205202.8224,35867014.24,3055510943.1056,524,2024,252,85.23660641077457
2024-12-26,2024-12-23,Prod. Sold Negotiated,2275,77.01,218.04,77.01,496041.0,38200117.41,1173673.8,93518328.384,524,2024,252,78.88679299842106
2024-12-27,2024-12-26,Prod. Sold Swine or Pork Market Formula,120127,84.59,218.88,84.59,26293397.76,2224158516.5184,38522575.08,3285205202.8224,525,2024,253,85.00009300085358
2024-12-27,2024-12-26,Prod. Sold Negotiated,3839,77.76,214.19,77.76,822275.41,63940135.88160001,496041.0,38200117.41,525,2024,253,77.47779858979379
2024-12-30,2024-12-27,Prod. Sold Negotiated,3943,77.23,219.78,77.23,866592.54,66926941.8642,822275.41,63940135.88160001,531,2024,254,77.4880462062176
2024-12-30,2024-12-27,Prod. Sold Swine or Pork Market Formula,228680,84.45,219.49,84.45,50192973.2,4238796586.74,26293397.76,2224158516.5184,531,2024,254,84.49812721064154
2024-12-31,2024-12-30,Prod. Sold Negotiated,1483,76.99,220.6,76.99,327149.8,25187263.102,866592.54,66926941.8642,532,2024,255,77.16422705271557
2024-12-31,2024-12-30,Prod. Sold Swine or Pork Market Formula,118316,84.24,218.07,84.24,25801170.12,2173490570.9088,50192973.2,4238796586.74,532,2024,255,84.3787017987375
2025-01-02,2024-12-31,Prod. Sold Negotiated,2338,77.92,216.26,77.92,505615.88,39397589.3696,327149.8,25187263.102,14,2025,1,77.55465195395661
2025-01-02,2024-12-31,Prod. Sold Swine or Pork Market Formula,100570,83.94,218.92,83.94,22016784.4,1848088882.536,25801170.12,2173490570.9088,14,2025,1,84.10187122836388
2025-01-03,2025-01-02,Prod. Sold Swine or Pork Market Formula,128148,82.68,220.65,82.68,28275856.2,2337847790.616,22016784.4,1848088882.536,15,2025,2,83.2315945874594
2025-01-03,2025-01-02,Prod. Sold Negotiated,2672,77.74,212.3,77.74,567265.6,44099227.744,505615.88,39397589.3696,15,2025,2,77.82482843640845
2025-01-06,2025-01-03,Prod. Sold Negotiated,7844,77.26,215.58,77.26,1691009.52,130647395.5152,567265.6,44099227.744,21,2025,3,77.38057321341786
2025-01-06,2025-01-03,Prod. Sold Swine or Pork Market Formula,229929,81.85,220.4,81.85,50676351.6,4147859378.46,28275856.2,2337847790.616,21,2025,3,82.14725528012403
2025-01-07,2025-01-06,Prod. Sold Negotiated,2397,80.66,206.93,80.66,496011.21,40008264.1986,1691009.52,130647395.5152,22,2025,4,78.03111208452057
2025-01-07,2025-01-06,Prod. Sold Swine or Pork Market Formula,107025,81.36,218.83,81.36,23420280.75,1905474041.82,50676351.6,4147859378.46,22,2025,4,81.69512200887495
2025-01-08,2025-01-07,Prod. Sold Negotiated,2089,77.74,220.64,77.74000000000001,460916.96,35831684.4704,496011.21,40008264.1986,23,2025,5,79.25354383600182
2025-01-08,2025-01-07,Prod. Sold Swine or Pork Market Formula,124455,80.85,218.45,80.85,27187194.75,2198084695.5375,23420280.75,1905474041.82,23,2025,5,81.08601934426665
2025-01-09,2025-01-08,Prod. Sold Negotiated,1853,77.94,216.65,77.94,401452.45,31289203.953,460916.96,35831684.4704,24,2025,6,77.83310452002233
2025-01-09,2025-01-08,Prod. Sold Swine or Pork Market Formula,118614,80.4,219.51,80.4,26036959.14,2093371514.856,27187194.75,2198084695.5375,24,2025,6,80.62986251059594
2025-01-10,2025-01-09,Prod. Sold Swine or Pork Market Formula,120213,80.55,219.3,80.55,26362710.9,2123516362.995,26036959.14,2093371514.856,25,2025,7,80.47546625068404
2025-01-10,2025-01-09,Prod. Sold Negotiated,3841,78.94,215.24,78.94,826736.84,65262606.14960001,401452.45,31289203.953,25,2025,7,78.61313470873857
2025-01-13,2025-01-10,Prod. Sold Negotiated,4357,77.46,212.28,77.46,924903.96,71643060.74159999,826736.84,65262606.14960001,31,2025,8,78.15852821605891
2025-01-13,2025-01-10,Prod. Sold Swine or Pork Market Formula,157075,81.06,220.02,81.06,34559641.5,2801404539.99,26362710.9,2123516362.995,31,2025,8,80.83930953042122
2025-01-14,2025-01-13,Prod. Sold Negotiated,5517,78.39,216.6,78.39,1194982.2,93674654.658,924903.96,71643060.74159999,32,2025,9,77.98424204043106
2025-01-14,2025-01-13,Prod. Sold Swine or Pork Market Formula,114579,81.15,217.98,81.15,24975930.42,2026796753.583,34559641.5,2801404539.99,32,2025,9,81.0977561458689
2025-01-15,2025-01-14,Prod. Sold Negotiated,1189,77.54,220.22,77.54,261841.58,20303196.1132,1194982.2,93674654.658,33,2025,10,78.2372256246394
2025-01-15,2025-01-14,Prod. Sold Swine or Pork Market Formula,126780,81.2,218.89,81.2,27750874.2,2253370985.04,24975930.42,2026796753.583,33,2025,10,81.1763157177834
2025-01-16,2025-01-15,Prod. Sold Negotiated,2200,77.71,211.7,77.71,465740.0,36192655.4,261841.58,20303196.1132,34,2025,11,77.64882051192117
2025-01-16,2025-01-15,Prod. Sold Swine or Pork Market Formula,121034,81.28,219.55,81.28000000000002,26573014.700000003,2159854634.8160005,27750874.2,2253370985.04,34,2025,11,81.23913271341662
2025-01-17,2025-01-16,Prod. Sold Swine or Pork Market Formula,124745,81.46,220.15,81.46,27462611.75,2237104353.155,26573014.700000003,2159854634.8160005,35,2025,12,81.37148168421022
2025-01-17,2025-01-16,Prod. Sold Negotiated,3349,77.12,222.04,77.12,743611.96,57347354.3552,465740.0,36192655.4,35,2025,12,77.34721805486633
2025-01-20,2025-01-17,Prod. Sold Swine or Pork Market Formula,181752,81.54,218.95,81.54,39794600.4,3244851716.616,27462611.75,2237104353.155,41,2025,13,81.50733422528575
2025-01-20,2025-01-17,Prod. Sold Negotiated,6671,78.84,216.83,78.84,1446472.9300000002,114039925.80120002,743611.96,57347354.3552,41,2025,13,78.2559986322722
2025-01-21,2025-01-20,Prod. Sold Swine or Pork Market Formula,112796,81.61,218.55,81.61,24651565.8,2011814284.938,39794600.4,3244851716.616,42,2025,14,81.56677598541152
2025-01-21,2025-01-20,Prod. Sold Negotiated,4091,77.77,226.22,77.77,925466.02,71973492.37539999,1446472.9300000002,114039925.80120002,42,2025,14,78.42251512274377
2025-01-22,2025-01-21,Prod. Sold Swine or Pork Market Formula,122937,82.04,216.61,82.04000000000002,26629383.57,2184674628.0828004,24651565.8,2011814284.938,43,2025,15,81.83329217917715
2025-01-22,2025-01-21,Prod. Sold Negotiated,2285,77.0,223.73,77.0,511223.05,39364174.85,925466.02,71973492.37539999,43,2025,15,77.49600769594494
2025-01-23,2025-01-22,Prod. Sold Swine or Pork Market Formula,127035,81.96,217.5,81.96,27630112.5,2264564020.5,26629383.57,2184674628.0828004,44,2025,16,81.99926226448643
2025-01-23,2025-01-22,Prod. Sold Negotiated,2464,79.23,208.63,79.23,514064.32,40729316.0736,511223.05,39364174.85,44,2025,16,78.11808988108378
2025-01-24,2025-01-23,Prod. Sold Negotiated,4277,77.52,218.38,77.52,934011.26,72404552.8752,514064.32,40729316.0736,45,2025,17,78.12704703493445
2025-01-24,2025-01-23,Prod. Sold Swine or Pork Market Formula,127809,82.07,217.99,82.07,27861083.91,2286559156.4937,27630112.5,2264564020.5,45,2025,17,82.01522892689961
2025-01-27,2025-01-24,Prod. Sold Swine or Pork Market Formula,159907,82.23,219.42,82.23,35086793.94,2885187065.6862,27861083.91,2286559156.4937,51,2025,18,82.15918310230852
2025-01-27,2025-01-24,Prod. Sold Negotiated,10869,77.94,219.33,77.94,2383897.77,185800992.1938,934011.26,72404552.8752,51,2025,18,77.82176748498738
2025-01-28,2025-01-27,Prod. Sold Swine or Pork Market Formula,114802,82.44,217.31,82.44,24947622.62,2056682008.7928,35086793.94,2885187065.6862,52,2025,19,82.317266622221
2025-01-28,2025-01-27,Prod. Sold Negotiated,2787,77.79,216.36,77.79,602995.3200000001,46907005.94280001,2383897.77,185800992.1938,52,2025,19,77.90971793255581
2025-01-29,2025-01-28,Prod. Sold Negotiated,2338,79.57,220.89,79.57,516440.82,41093196.04739999,602995.3200000001,46907005.94280001,53,2025,20,78.61118544037714
2025-01-29,2025-01-28,Prod. Sold Swine or Pork Market Formula,129600,82.87,218.49,82.87,28316304.0,2346572112.48,24947622.62,2056682008.7928,53,2025,20,82.66859769252211
2025-01-30,2025-01-29,Prod. Sold Swine or Pork Market Formula,124364,83.34,218.0,83.34000000000003,27111352.0,2259460075.6800003,28316304.0,2346572112.48,54,2025,21,83.09989129181288
2025-01-30,2025-01-29,Prod. Sold Negotiated,1787,81.81,210.64,81.81,376413.68,30794403.1608,516440.82,41093196.04739999,54,2025,21,80.5143494356583
2025-01-31,2025-01-30,Prod. Sold Negotiated,5003,80.41,215.62,80.41,1078746.86,86742035.0126,376413.68,30794403.1608,55,2025,22,80.77214502628004
2025-01-31,2025-01-30,Prod. Sold Swine or Pork Market Formula,124603,83.76,218.74,83.76,27255660.220000003,2282934100.0272,27111352.0,2259460075.6800003,55,2025,22,83.55055741018245
2025-02-03,2025-01-31,Prod. Sold Negotiated,8391,81.9,219.94,81.9,1845516.54,151147804.62600002,1078746.86,86742035.0126,61,2025,23,81.35034608667603
2025-02-03,2025-01-31,Prod. Sold Swine or Pork Market Formula,162995,83.98,218.84,83.98,35669825.8,2995551970.684,27255660.220000003,2282934100.0272,61,2025,23,83.8847087972194
2025-02-04,2025-02-03,Prod. Sold Negotiated,3091,81.13,221.57,81.13,684872.87,55563735.9431,1845516.54,151147804.62600002,62,2025,24,81.69159250832465
2025-02-04,2025-02-03,Prod. Sold Swine or Pork Market Formula,120248,84.45,217.39,84.45,26140712.72,2207583189.204,35669825.8,2995551970.684,62,2025,24,84.17877087746818
2025-02-05,2025-02-04,Prod. Sold Negotiated,1628,83.65,216.41,83.65,352315.48,29471189.902,684872.87,55563735.9431,63,2025,25,81.98600171810646
2025-02-05,2025-02-04,Prod. Sold Swine or Pork Market Formula,126302,84.85,217.96,84.85,27528783.92,2335817315.612,26140712.72,2207583189.204,63,2025,25,84.655172663382
2025-02-06,2025-02-05,Prod. Sold Swine or Pork Market Formula,123300,85.3,217.62,85.29999999999998,26832546.0,2288816173.8,27528783.92,2335817315.612,64,2025,26,85.07211829103095
2025-02-06,2025-02-05,Prod. Sold Negotiated,1811,83.34,221.7,83.34,401498.7,33460901.658,352315.48,29471189.902,64,2025,26,83.48488689878451
2025-02-07,2025-02-06,Prod. Sold Swine or Pork Market Formula,127029,85.62,217.93,85.62,27683429.970000003,2370255274.0314,26832546.0,2288816173.8,65,2025,27,85.4624972759412
2025-02-07,2025-02-06,Prod. Sold Negotiated,4470,82.24,217.92,82.24,974102.4,80110181.37599999,401498.7,33460901.658,65,2025,27,82.5610586048528
2025-02-10,2025-02-07,Prod. Sold Negotiated,7541,82.87,218.07,82.87,1644465.87,136276886.6469,974102.4,80110181.37599999,71,2025,28,82.63564120209094
2025-02-10,2025-02-07,Prod. Sold Swine or Pork Market Formula,150954,86.11,218.34,86.11,32959296.36,2838125009.5596,27683429.970000003,2370255274.0314,71,2025,28,85.88631479476227
2025-02-11,2025-02-10,Prod. Sold Swine or Pork Market Formula,118245,86.52,217.1,86.52,25670989.5,2221054011.54,32959296.36,2838125009.5596,72,2025,29,86.28951653382916
2025-02-11,2025-02-10,Prod. Sold Negotiated,3883,85.4,215.84,85.4,838106.72,71574313.888,1644465.87,136276886.6469,72,2025,29,83.72411802665557
2025-02-12,2025-02-11,Prod. Sold Swine or Pork Market Formula,132624,87.67,216.12,87.67,28662698.88,2512858810.8096,25670989.5,2221054011.54,73,2025,30,87.12666052121236
2025-02-12,2025-02-11,Prod. Sold Negotiated,2920,85.63,210.88,85.63,615769.6,52728350.848,838106.72,71574313.888,73,2025,30,85.4974133810777
2025-02-13,2025-02-12,Prod. Sold Swine or Pork Market Formula,130061,88.58,216.4,88.58,28145200.4,2493101851.432,28662698.88,2512858810.8096,74,2025,31,88.12085512206252
2025-02-13,2025-02-12,Prod. Sold Negotiated,2559,84.37,211.47,84.37,541151.73,45656971.4601,615769.6,52728350.848,74,2025,31,85.04063306370192
2025-02-14,2025-02-13,Prod. Sold Negotiated,4453,85.36,214.73,85.36,956192.69,81620608.0184,541151.73,45656971.4601,75,2025,32,85.0022064252258
2025-02-14,2025-02-13,Prod. Sold Swine or Pork Market Formula,129794,89.15,217.75,89.15,28262643.5,2519614668.025,28145200.4,2493101851.432,75,2025,32,88.86559337994835
2025-02-17,2025-02-14,Prod. Sold Swine or Pork Market Formula,148262,90.05,217.1,90.05,32187680.2,2898500602.01,28262643.5,2519614668.025,81,2025,33,89.62921847902362
2025-02-17,2025-02-14,Prod. Sold Negotiated,6572,86.35,211.99,86.35,1393198.28,120302671.478,956192.69,81620608.0184,81,2025,33,85.94707397568656
2025-02-18,2025-02-17,Prod. Sold Swine or Pork Market Formula,115839,90.62,216.7,90.62000000000002,25102311.3,2274771450.006,32187680.2,2898500602.01,82,2025,34,90.29975247973285
2025-02-18,2025-02-17,Prod. Sold Negotiated,3056,89.12,215.23,89.12,657742.88,58618045.46560001,1393198.28,120302671.478,82,2025,34,87.23834717111043
2025-02-19,2025-02-18,Prod. Sold Swine or Pork Market Formula,122379,91.4,216.22,91.4,26460787.38,2418515966.532,25102311.3,2274771450.006,83,2025,35,91.0202748997784
2025-02-19,2025-02-18,Prod. Sold Negotiated,3834,90.02,204.7,90.02000000000001,784819.7999999998,70649478.396,657742.88,58618045.46560001,83,2025,35,89.6096409908511
2025-02-20,2025-02-19,Prod. Sold Swine or Pork Market Formula,123417,91.12,216.85,91.12,26762976.45,2438642414.124,26460787.38,2418515966.532,84,2025,36,91.25920512066877
2025-02-20,2025-02-19,Prod. Sold Negotiated,3623,89.9,205.5,89.9,744526.5,66932932.35,784819.7999999998,70649478.396,84,2025,36,89.96158080481838
2025-02-21,2025-02-20,Prod. Sold Negotiated,6992,89.22,206.82,89.22,1446085.44,129019742.9568,744526.5,66932932.35,85,2025,37,89.45111259952323
2025-02-21,2025-02-20,Prod. Sold Swine or Pork Market Formula,130679,90.05,217.34,90.05,28401773.86,2557579736.093,26762976.45,2438642414.124,85,2025,37,90.56910657875865
2025-02-24,2025-02-21,Prod. Sold Swine or Pork Market Formula,144545,89.42,218.08,89.42,31522373.6,2818730647.3120003,28401773.86,2557579736.093,91,2025,38,89.71859611342397
2025-02-24,2025-02-21,Prod. Sold Negotiated,6218,88.51,213.59,88.51,1328102.62,117550362.89620002,1446085.44,129019742.9568,91,2025,38,88.88009771514913
2025-02-25,2025-02-24,Prod. Sold Negotiated,4167,92.11,209.05,92.11,871111.3500000002,80238066.4485,1328102.62,117550362.89620002,92,2025,39,89.9359644140038
2025-02-25,2025-02-24,Prod. Sold Swine or Pork Market Formula,126480,89.5,216.57,89.5,27391773.6,2451563737.2,31522373.6,2818730647.3120003,92,2025,39,89.45719551232
2025-02-26,2025-02-25,Prod. Sold Swine or Pork Market Formula,118631,89.32,216.29,89.32,25658698.99,2291834993.7868,27391773.6,2451563737.2,93,2025,40,89.41294015693516
2025-02-26,2025-02-25,Prod. Sold Negotiated,2949,92.55,209.09,92.55,616606.41,57066923.2455,871111.3500000002,80238066.4485,93,2025,40,92.29236444283625
2025-02-27,2025-02-26,Prod. Sold Swine or Pork Market Formula,127558,89.31,216.42,89.31000000000002,27606102.36,2465501001.7716,25658698.99,2291834993.7868,94,2025,41,89.3148171960356
2025-02-27,2025-02-26,Prod. Sold Negotiated,3388,91.97,213.93,91.97,724794.84,66659381.4348,616606.41,57066923.2455,94,2025,41,92.23661054460774
2025-02-28,2025-02-27,Prod. Sold Swine or Pork Market Formula,125254,89.39,217.18,89.39000000000001,27202663.720000003,2431646109.9308004,27606102.36,2465501001.7716,95,2025,42,89.34970556633995
2025-02-28,2025-02-27,Prod. Sold Negotiated,5610,91.89,212.48,91.89,1192012.8,109534056.192,724794.84,66659381.4348,95,2025,42,91.92025008143229
2025-03-03,2025-02-28,Prod. Sold Negotiated,6424,91.15,208.48,91.15,1339275.52,122074963.648,1192012.8,109534056.192,101,2025,43,91.49847451593344
2025-03-03,2025-02-28,Prod. Sold Swine or Pork Market Formula,150548,90.28,217.93,90.28,32808925.64,2961989806.7792,27202663.720000003,2431646109.9308004,101,2025,43,89.8765717460745
2025-03-04,2025-03-03,Prod. Sold Swine or Pork Market Formula,120239,90.05,216.48,90.04999999999998,26029338.72,2343941951.736,32808925.64,2961989806.7792,102,2025,44,90.17825077318783
2025-03-04,2025-03-03,Prod. Sold Negotiated,5435,91.15,213.64,91.15,1161133.4,105837309.41,1339275.52,122074963.648,102,2025,44,91.15
2025-03-05,2025-03-04,Prod. Sold Swine or Pork Market Formula,120438,90.29,216.32,90.29,26053148.16,2352338747.3664,26029338.72,2343941951.736,103,2025,45,90.17005485784131
2025-03-05,2025-03-04,Prod. Sold Negotiated,2192,91.36,215.4,91.36,472156.8,43136245.248,1161133.4,105837309.41,103,2025,45,91.21070747745868
2025-03-06,2025-03-05,Prod. Sold Negotiated,2637,90.95,219.13,90.95,577845.81,52555076.41949999,472156.8,43136245.248,104,2025,46,91.1343655302914
2025-03-06,2025-03-05,Prod. Sold Swine or Pork Market Formula,90988,89.99,216.54,89.99,19702541.52,1773031711.3848,26053148.16,2352338747.3664,104,2025,46,90.16081907195941
2025-03-07,2025-03-06,Prod. Sold Negotiated,3812,90.28,218.09,90.27999999999999,831359.08,75055097.74239999,577845.81,52555076.41949999,105,2025,47,90.55473413940538
2025-03-07,2025-03-06,Prod. Sold Swine or Pork Market Formula,130187,89.81,216.37,89.81,28168561.19,2529818480.4739003,19702541.52,1773031711.3848,105,2025,47,89.88408347150646
2025-03-10,2025-03-07,Prod. Sold Negotiated,5585,91.13,216.52,91.13,1209264.2,110200246.546,831359.08,75055097.74239999,111,2025,48,90.78370618627856
2025-03-10,2025-03-07,Prod. Sold Swine or Pork Market Formula,150251,89.55,217.74,89.55,32715652.74,2929686702.867,28168561.19,2529818480.4739003,111,2025,48,89.67029104814952
2025-03-11,2025-03-10,Prod. Sold Swine or Pork Market Formula,119396,89.85,215.79,89.85,25764462.84,2314936986.174,32715652.74,2929686702.867,112,2025,49,89.68217037578229
2025-03-11,2025-03-10,Prod. Sold Negotiated,4931,88.98,215.79,88.98,1064060.49,94680102.40020001,1209264.2,110200246.546,112,2025,49,90.12366330574628
2025-03-12,2025-03-11,Prod. Sold Negotiated,4937,89.93,215.44,89.93,1063627.28,95652001.2904,1064060.49,94680102.40020001,113,2025,50,89.45490328714915
2025-03-12,2025-03-11,Prod. Sold Swine or Pork Market Formula,128804,89.72,216.79,89.72,27923419.16,2505289167.0352,25764462.84,2314936986.174,113,2025,50,89.78238614831555
2025-03-13,2025-03-12,Prod. Sold Swine or Pork Market Formula,126344,89.74,216.36,89.74,27335787.840000004,2453113600.7616,27923419.16,2505289167.0352,114,2025,51,89.72989365911097
2025-03-13,2025-03-12,Prod. Sold Negotiated,2726,90.84,211.19,90.84,575703.94,52296945.9096,1063627.28,95652001.2904,114,2025,51,90.24957579957517
2025-03-14,2025-03-13,Prod. Sold Swine or Pork Market Formula,127335,89.34,217.24,89.34,27662255.4,2471345897.4360003,27335787.840000004,2453113600.7616,115,2025,52,89.5388128029989
2025-03-14,2025-03-13,Prod. Sold Negotiated,3694,89.3,215.74,89.3,796943.56,71167059.908,575703.94,52296945.9096,115,2025,52,89.94589347782298
2025-03-17,2025-03-14,Prod. Sold Negotiated,8865,90.41,219.16,90.41,1942853.4,175653375.894,796943.56,71167059.908,121,2025,53,90.0871266759855
2025-03-17,2025-03-14,Prod. Sold Swine or Pork Market Formula,126947,89.14,217.36,89.14,27593199.92,2459657840.8688,27662255.4,2471345897.4360003,121,2025,53,89.24012497495423
2025-03-18,2025-03-17,Prod. Sold Swine or Pork Market Formula,114236,89.38,216.15,89.38,24692111.4,2206980916.932,27593199.92,2459657840.8688,122,2025,54,89.25334171273705
2025-03-18,2025-03-17,Prod. Sold Negotiated,5346,90.72,217.31,90.72,1161739.26,105392985.6672,1942853.4,175653375.894,122,2025,54,90.52600206856121
2025-03-19,2025-03-18,Prod. Sold Negotiated,4656,90.35,210.21,90.35,978737.76,88428956.616,1161739.26,105392985.6672,123,2025,55,90.5508166974855
2025-03-19,2025-03-18,Prod. Sold Swine or Pork Market Formula,120590,89.34,216.39,89.34,26094470.1,2331279958.734,24692111.4,2206980916.932,123,2025,55,89.35944774440075
2025-03-20,2025-03-19,Prod. Sold Negotiated,3060,90.94,207.94,90.94,636296.4,57864794.616,978737.76,88428956.616,124,2025,56,90.5824501148632
2025-03-20,2025-03-19,Prod. Sold Swine or Pork Market Formula,95796,88.91,217.64,88.91,20849041.44,1853688274.4304,26094470.1,2331279958.734,124,2025,56,89.14902391991785
2025-03-21,2025-03-20,Prod. Sold Swine or Pork Market Formula,127733,88.79,217.52,88.79,27784482.16,2466984170.9864,20849041.44,1853688274.4304,125,2025,57,88.84144362957076
2025-03-21,2025-03-20,Prod. Sold Negotiated,3627,89.31,216.12,89.31,783867.24,70007183.2044,636296.4,57864794.616,125,2025,57,90.04031241104018
2025-03-24,2025-03-21,Prod. Sold Swine or Pork Market Formula,143354,88.64,218.72,88.64,31354386.88,2779252853.0432,27784482.16,2466984170.9864,131,2025,58,88.71047264162561
2025-03-24,2025-03-21,Prod. Sold Negotiated,8832,91.2,212.31,91.2,1875121.92,171011119.104,783867.24,70007183.2044,131,2025,58,90.6428299649029
2025-03-25,2025-03-24,Prod. Sold Swine or Pork Market Formula,115260,88.91,216.4,88.91,24942264.0,2217616692.24,31354386.88,2779252853.0432,132,2025,59,88.75962365744198
2025-03-25,2025-03-24,Prod. Sold Negotiated,5472,91.9,214.02,91.9,1171117.44,107625692.736,1875121.92,171011119.104,132,2025,59,91.46911286708608
2025-03-26,2025-03-25,Prod. Sold Swine or Pork Market Formula,124812,89.12,216.59,89.12,27033031.08,2409183729.8496003,24942264.0,2217616692.24,133,2025,60,89.0192237478991
2025-03-26,2025-03-25,Prod. Sold Negotiated,6460,90.83,214.19,90.83,1383667.4,125678509.942,1171117.44,107625692.736,133,2025,60,91.32048970433064
2025-03-27,2025-03-26,Prod. Sold Swine or Pork Market Formula,124539,88.97,217.55,88.96999999999998,27093459.450000003,2410505087.2665,27033031.08,2409183729.8496003,134,2025,61,89.044916267844
2025-03-27,2025-03-26,Prod. Sold Negotiated,5575,91.04,215.46,91.04,1201189.5,109356292.08,1383667.4,125678509.942,134,2025,61,90.9275875279595
2025-03-28,2025-03-27,Prod. Sold Swine or Pork Market Formula,125602,88.47,217.53,88.47,27322203.06,2417195304.7182,27093459.450000003,2410505087.2665,135,2025,62,88.71894909112811
2025-03-28,2025-03-27,Prod. Sold Negotiated,4880,89.23,213.71,89.23,1042904.8,93058395.304,1201189.5,109356292.08,135,2025,62,90.19883317024602
2025-03-31,2025-03-28,Prod. Sold Negotiated,14004,91.29,219.66,91.29,3076118.64,280818870.6456,1042904.8,93058395.304,141,2025,63,90.76842397128966
2025-03-31,2025-03-28,Prod. Sold Swine or Pork Market Formula,132121,88.21,218.32,88.21,28844656.72,2544387169.2712,27322203.06,2417195304.7182,141,2025,63,88.33647623213089
2025-04-01,2025-03-31,Prod. Sold Negotiated,5862,90.19,212.94,90.19,1248254.28,112580053.5132,3076118.64,280818870.6456,142,2025,64,90.9724788857479
2025-04-01,2025-03-31,Prod. Sold Swine or Pork Market Formula,112882,88.75,215.71,88.75,24349776.220000003,2161042639.525,28844656.72,2544387169.2712,142,2025,64,88.4571852491337
2025-04-02,2025-04-01,Prod. Sold Negotiated,5676,90.48,213.89,90.48,1214039.64,109846306.6272,1248254.28,112580053.5132,143,2025,65,90.3329851622263
2025-04-02,2025-04-01,Prod. Sold Swine or Pork Market Formula,117978,88.69,216.72,88.69000000000001,25568192.16,2267642962.6704,24349776.220000003,2161042639.525,143,2025,65,88.71926774908142
2025-04-03,2025-04-02,Prod. Sold Swine or Pork Market Formula,118260,88.52,216.51,88.52,25604472.6,2266507914.552,25568192.16,2267642962.6704,144,2025,66,88.60493973662668
2025-04-03,2025-04-02,Prod. Sold Negotiated,5957,91.77,217.29,91.77,1294396.53,118786769.5581,1214039.64,109846306.6272,144,2025,66,91.14566235317042
2025-04-04,2025-04-03,Prod. Sold Swine or Pork Market Formula,126478,87.95,217.19,87.95,27469756.82,2415965112.319,25604472.6,2266507914.552,145,2025,67,88.22498372640527
2025-04-04,2025-04-03,Prod. Sold Negotiated,7725,90.13,216.24,90.13,1670454.0,150558019.01999998,1294396.53,118786769.5581,145,2025,67,90.8459923536516
2025-04-07,2025-04-04,Prod. Sold Swine or Pork Market Formula,151219,87.92,218.53,87.92,33045888.07,2905394479.1144,27469756.82,2415965112.319,151,2025,68,87.93361784553562
2025-04-07,2025-04-04,Prod. Sold Negotiated,17899,91.41,217.47,91.41,3892495.53,355813016.39729995,1670454.0,150558019.01999998,151,2025,68,91.02563895044
2025-04-08,2025-04-07,Prod. Sold Swine or Pork Market Formula,116989,87.92,216.18,87.92,25290682.02,2223556763.1984,33045888.07,2905394479.1144,152,2025,69,87.91999999999999
2025-04-08,2025-04-07,Prod. Sold Negotiated,9642,88.74,207.24,88.74,1998208.08,177320985.0192,3892495.53,355813016.39729995,152,2025,69,90.50429909789672
2025-04-09,2025-04-08,Prod. Sold Swine or Pork Market Formula,122495,87.98,216.5,87.98,26520167.5,2333244336.65,25290682.02,2223556763.1984,153,2025,70,87.95071190811852
2025-04-09,2025-04-08,Prod. Sold Negotiated,5013,89.03,206.11,89.03,1033229.43,91988416.1529,1998208.08,177320985.0192,153,2025,70,88.83884305175731
2025-04-10,2025-04-09,Prod. Sold Swine or Pork Market Formula,119484,87.24,216.35,87.24,25850363.4,2255185703.016,26520167.5,2333244336.65,154,2025,71,87.61473219409353
2025-04-10,2025-04-09,Prod. Sold Negotiated,4835,89.32,206.51,89.32,998475.85,89183862.92199999,1033229.43,91988416.1529,154,2025,71,89.17251968499093
2025-04-11,2025-04-10,Prod. Sold Negotiated,6622,87.0,211.94,87.0,1403466.68,122101601.16,998475.85,89183862.92199999,155,2025,72,87.96441273805166
2025-04-11,2025-04-10,Prod. Sold Swine or Pork Market Formula,130249,86.41,216.76,86.41,28232773.24,2439593935.6684,25850363.4,2255185703.016,155,2025,72,86.80671888420262
2025-04-14,2025-04-11,Prod. Sold Swine or Pork Market Formula,139907,85.53,216.82,85.53,30334635.74,2594521394.8422,28232773.24,2439593935.6684,161,2025,73,85.95420931511043
2025-04-14,2025-04-11,Prod. Sold Negotiated,6683,86.8,209.95,86.8,1403095.85,121788719.78,1403466.68,122101601.16,161,2025,73,86.90001321296056
2025-04-15,2025-04-14,Prod. Sold Swine or Pork Market Formula,118284,85.15,216.16,85.15000000000002,25568269.44,2177138142.8160005,30334635.74,2594521394.8422,162,2025,74,85.35619968754905
2025-04-15,2025-04-14,Prod. Sold Negotiated,5176,84.31,196.42,84.31,1016669.92,85715440.9552,1403095.85,121788719.78,162,2025,74,85.75382101351077
2025-04-16,2025-04-15,Prod. Sold Swine or Pork Market Formula,126262,85.05,216.18,85.05,27295319.16,2321466894.558,25568269.44,2177138142.8160005,163,2025,75,85.09836650351808
2025-04-16,2025-04-15,Prod. Sold Negotiated,6029,85.21,205.38,85.21,1238236.02,105510091.2642,1016669.92,85715440.9552,163,2025,75,84.80421680888382
2025-04-17,2025-04-16,Prod. Sold Swine or Pork Market Formula,119492,85.3,215.91,85.3,25799517.72,2200698861.516,27295319.16,2321466894.558,164,2025,76,85.17147846775718
2025-04-17,2025-04-16,Prod. Sold Negotiated,4796,87.08,209.41,87.08,1004330.36,87457087.7488,1238236.02,105510091.2642,164,2025,76,86.04747700400289
2025-04-18,2025-04-17,Prod. Sold Swine or Pork Market Formula,117598,85.46,215.77,85.46,25374120.46,2168472334.5116,25799517.72,2200698861.516,165,2025,77,85.3793349743733
2025-04-18,2025-04-17,Prod. Sold Negotiated,6391,87.18,207.81,87.18,1328113.71,115784953.2378,1004330.36,87457087.7488,165,2025,77,87.1369408598938
2025-04-21,2025-04-18,Prod. Sold Swine or Pork Market Formula,109960,85.89,215.86,85.89,23735965.6,2038682085.384,25374120.46,2168472334.5116,171,2025,78,85.6678282900081
2025-04-21,2025-04-18,Prod. Sold Negotiated,4067,85.9,209.57,85.9,852321.19,73214390.221,1328113.71,115784953.2378,171,2025,78,86.67965434730476
2025-04-22,2025-04-21,Prod. Sold Swine or Pork Market Formula,85537,86.27,215.92,86.27,18469149.04,1593333487.6808,23735965.6,2038682085.384,172,2025,79,86.05628971855815
2025-04-22,2025-04-21,Prod. Sold Negotiated,4518,87.49,214.36,87.49,968478.48,84732182.2152,852321.19,73214390.221,172,2025,79,86.74571675213453
2025-04-23,2025-04-22,Prod. Sold Swine or Pork Market Formula,118295,87.04,215.26,87.04,25464181.7,2216402375.168,18469149.04,1593333487.6808,173,2025,80,86.71629941729296
2025-04-23,2025-04-22,Prod. Sold Negotiated,3905,87.83,210.9,87.83,823564.5,72333670.035,968478.48,84732182.2152,173,2025,80,87.6462529097377
2025-04-24,2025-04-23,Prod. Sold Swine or Pork Market Formula,123985,87.47,217.81,87.47000000000001,27005172.85,2362142469.1895003,25464181.7,2216402375.168,174,2025,81,87.26131441152825
2025-04-24,2025-04-23,Prod. Sold Negotiated,4127,,,,,,823564.5,72333670.035,174,2025,81,87.83
2025-04-25,2025-04-24,Prod. Sold Negotiated,5350,87.94,217.06,87.94,1161271.0,102122171.74,,,175,2025,82,87.94
2025-04-25,2025-04-24,Prod. Sold Swine or Pork Market Formula,124091,87.6,217.19,87.6,26951324.29,2360936007.804,27005172.85,2362142469.1895003,175,2025,82,87.53493513002908
2025-04-28,2025-04-25,Prod. Sold Swine or Pork Market Formula,160020,88.68,217.21,88.68,34757944.2,3082334491.6560006,26951324.29,2360936007.804,181,2025,83,88.20831347793539
2025-04-28,2025-04-25,Prod. Sold Negotiated,7242,87.14,212.93,87.14,1542039.06,134373283.6884,1161271.0,102122171.74,181,2025,83,87.48365898819611
2025-04-29,2025-04-28,Prod. Sold Swine or Pork Market Formula,117456,88.87,215.33,88.86999999999999,25291800.48,2247682308.6576,34757944.2,3082334491.6560006,182,2025,84,88.76002435508772
2025-04-29,2025-04-28,Prod. Sold Negotiated,4816,92.36,219.03,92.36,1054848.48,97425805.6128,1542039.06,134373283.6884,182,2025,84,89.26034944940281
2025-04-30,2025-04-29,Prod. Sold Negotiated,5157,91.03,215.29,91.03,1110250.53,101066105.7459,1054848.48,97425805.6128,183,2025,85,91.6779835203472
2025-04-30,2025-04-29,Prod. Sold Swine or Pork Market Formula,122527,89.41,214.68,89.41,26304096.36,2351849255.5476,25291800.48,2247682308.6576,183,2025,85,89.14529731828186
2025-05-01,2025-04-30,Prod. Sold Swine or Pork Market Formula,124225,89.69,216.3,89.69,26869867.5,2409958416.075,26304096.36,2351849255.5476,184,2025,86,89.55148960043317
2025-05-01,2025-04-30,Prod. Sold Negotiated,5757,89.23,218.1,89.23,1255601.7,112037339.691,1110250.53,101066105.7459,184,2025,86,90.07470658338625
2025-05-02,2025-05-01,Prod. Sold Negotiated,5443,86.53,204.07,86.53,1110753.01,96113457.9553,1255601.7,112037339.691,185,2025,87,87.96263584942429
2025-05-02,2025-05-01,Prod. Sold Swine or Pork Market Formula,121873,89.84,217.45,89.84000000000003,26501283.85,2380875341.084,26869867.5,2409958416.075,185,2025,87,89.7644820465167
2025-05-05,2025-05-02,Prod. Sold Swine or Pork Market Formula,132701,89.81,216.87,89.81000000000002,28778865.87,2584629943.7847004,26501283.85,2380875341.084,191,2025,88,89.82438198918646
2025-05-05,2025-05-02,Prod. Sold Negotiated,10567,92.52,213.83,92.52,2259541.6100000003,209052789.75720003,1110753.01,96113457.9553,191,2025,88,90.54586679205512
2025-05-06,2025-05-05,Prod. Sold Negotiated,5417,93.81,213.88,93.81,1158587.96,108687136.5276,2259541.6100000003,209052789.75720003,192,2025,89,92.95725038439664
2025-05-06,2025-05-05,Prod. Sold Swine or Pork Market Formula,114539,90.12,215.81,90.12,24718661.59,2227645782.4908,28778865.87,2584629943.7847004,192,2025,89,89.95323624766826
2025-05-07,2025-05-06,Prod. Sold Negotiated,4197,94.11,218.28,94.11,916121.16,86216162.36760001,1158587.96,108687136.5276,193,2025,90,93.9424698220828
2025-05-07,2025-05-06,Prod. Sold Swine or Pork Market Formula,122866,89.91,215.66,89.91,26497281.56,2382370585.0596,24718661.59,2227645782.4908,193,2025,90,90.01135357497365
2025-05-08,2025-05-07,Prod. Sold Negotiated,3377,93.86,216.04,93.85999999999999,729567.08,68477166.12879999,916121.16,86216162.36760001,194,2025,91,93.99916991349467
2025-05-08,2025-05-07,Prod. Sold Swine or Pork Market Formula,115102,89.98,215.74,89.98,24832105.48,2234392851.0904,26497281.56,2382370585.0596,194,2025,91,89.94386456538521
2025-05-09,2025-05-08,Prod. Sold Negotiated,4806,92.34,215.69,92.34,1036606.14,95720210.9676,729567.08,68477166.12879999,195,2025,92,92.96787836948403
2025-05-09,2025-05-08,Prod. Sold Swine or Pork Market Formula,123824,89.8,216.67,89.8,26828946.08,2409239357.984,24832105.48,2234392851.0904,195,2025,92,89.88652125443494
2025-05-12,2025-05-09,Prod. Sold Swine or Pork Market Formula,133447,89.78,216.76,89.78,28925971.72,2596973741.0216,26828946.08,2409239357.984,201,2025,93,89.78962388508086
2025-05-12,2025-05-09,Prod. Sold Negotiated,6018,93.5,213.66,93.5,1285805.88,120222849.78,1036606.14,95720210.9676,201,2025,93,92.98223523128338
2025-05-13,2025-05-12,Prod. Sold Swine or Pork Market Formula,109890,90.58,214.22,90.58,23540635.8,2132310790.764,28925971.72,2596973741.0216,202,2025,94,90.13894275483356
2025-05-13,2025-05-12,Prod. Sold Negotiated,4775,94.96,210.74,94.96,1006283.5,95556681.16,1285805.88,120222849.78,202,2025,94,94.14097583751294
2025-05-14,2025-05-13,Prod. Sold Negotiated,2601,95.37,212.17,95.37,551854.1699999999,52630332.1929,1006283.5,95556681.16,203,2025,95,95.10521195017382
2025-05-14,2025-05-13,Prod. Sold Swine or Pork Market Formula,119243,90.69,214.48,90.69,25575238.64,2319418392.2616,23540635.8,2132310790.764,203,2025,95,90.63727835007472
2025-05-15,2025-05-14,Prod. Sold Swine or Pork Market Formula,120168,91.0,213.95,91.0,25709943.6,2339604867.6,25575238.64,2319418392.2616,204,2025,96,90.84540712088537
2025-05-15,2025-05-14,Prod. Sold Negotiated,7585,95.1,210.53,95.1,1596870.05,151862341.755,551854.1699999999,52630332.1929,204,2025,96,95.16934376431983
2025-05-16,2025-05-15,Prod. Sold Negotiated,6931,95.61,215.26,95.61,1491967.0599999998,142646970.6066,1596870.05,151862341.755,205,2025,97,95.34633969791952
2025-05-16,2025-05-15,Prod. Sold Swine or Pork Market Formula,123830,91.04,214.18,91.04,26521909.4,2414554631.7760005,25709943.6,2339604867.6,205,2025,97,91.0203109082881
2025-05-19,2025-05-16,Prod. Sold Swine or Pork Market Formula,116569,91.46,215.82,91.46,25157921.58,2300943507.7067995,26521909.4,2414554631.7760005,211,2025,98,91.24445746170665
2025-05-19,2025-05-16,Prod. Sold Negotiated,7157,94.72,215.94,94.72,1545482.58,146388109.9776,1491967.0599999998,142646970.6066,211,2025,98,95.15715973621872
2025-05-20,2025-05-19,Prod. Sold Swine or Pork Market Formula,111925,91.95,214.07,91.95,23959784.75,2203102207.7625003,25157921.58,2300943507.7067995,212,2025,99,91.6990236720058
2025-05-20,2025-05-19,Prod. Sold Negotiated,3073,96.16,210.75,96.16,647634.75,62276557.56,1545482.58,146388109.9776,212,2025,99,95.14523672912658
2025-05-21,2025-05-20,Prod. Sold Swine or Pork Market Formula,112875,92.46,214.28,92.46,24186855.0,2236316613.3,23959784.75,2203102207.7625003,213,2025,100,92.2062026366544
2025-05-21,2025-05-20,Prod. Sold Negotiated,4204,97.02,212.67,97.02,894064.6799999998,86742155.25359999,647634.75,62276557.56,213,2025,100,96.658732508969
2025-05-22,2025-05-21,Prod. Sold Swine or Pork Market Formula,117845,92.77,214.36,92.77,25261254.200000003,2343486552.1340003,24186855.0,2236316613.3,214,2025,101,92.61836781079587
2025-05-22,2025-05-21,Prod. Sold Negotiated,3760,95.93,213.33,95.93,802120.8,76947448.34400001,894064.6799999998,86742155.25359999,214,2025,101,96.50454241454771
2025-05-23,2025-05-22,Prod. Sold Swine or Pork Market Formula,116204,92.96,215.03,92.96,24987346.12,2322823695.3152,25261254.200000003,2343486552.1340003,215,2025,102,92.86448214940445
2025-05-23,2025-05-22,Prod. Sold Negotiated,3181,95.31,208.22,95.31,662347.82,63128370.7242,802120.8,76947448.34400001,215,2025,102,95.64958726681353
2025-05-27,2025-05-23,Prod. Sold Swine or Pork Market Formula,97082,93.0,215.71,93.0,20941558.220000003,1947564914.4600005,24987346.12,2322823695.3152,222,2025,103,92.97823823887892
2025-05-27,2025-05-23,Prod. Sold Negotiated,5943,94.54,214.02,94.54,1271920.86,120247398.10440002,662347.82,63128370.7242,222,2025,103,94.80366958565446
2025-05-28,2025-05-27,Prod. Sold Swine or Pork Market Formula,115635,93.77,214.33,93.77,24784049.55,2324000326.3035,20941558.220000003,1947564914.4600005,223,2025,104,93.41735296881107
2025-05-28,2025-05-27,Prod. Sold Negotiated,4584,97.03,212.87,97.03,975796.08,94681493.6424,1271920.86,120247398.10440002,223,2025,104,95.62097785622417
2025-05-29,2025-05-28,Prod. Sold Negotiated,3734,96.9,222.06,96.9,829172.04,80346770.67600001,975796.08,94681493.6424,224,2025,105,96.97028018334196
2025-05-29,2025-05-28,Prod. Sold Swine or Pork Market Formula,113989,94.28,216.05,94.28,24627323.450000003,2321864054.866,24784049.55,2324000326.3035,224,2025,105,94.02419117496493
2025-05-30,2025-05-29,Prod. Sold Negotiated,5113,95.81,209.05,95.81,1068872.65,102408688.5965,829172.04,80346770.67600001,225,2025,106,96.2861729417446
2025-05-30,2025-05-29,Prod. Sold Swine or Pork Market Formula,115721,95.28,215.0,95.27999999999999,24880015.0,2370567829.2,24627323.450000003,2321864054.866,225,2025,106,94.782552061552
2025-06-02,2025-05-30,Prod. Sold Negotiated,10147,96.56,211.06,96.56,2141625.82,206795389.1792,1068872.65,102408688.5965,231,2025,107,96.31030217426017
2025-06-02,2025-05-30,Prod. Sold Swine or Pork Market Formula,175264,96.27,215.47,96.27,37764134.08,3635553187.8816,24880015.0,2370567829.2,231,2025,107,95.87680741598798
2025-06-03,2025-06-02,Prod. Sold Negotiated,3978,99.53,217.79,99.53,866368.62,86229668.7486,2141625.82,206795389.1792,232,2025,108,97.41542538482884
2025-06-03,2025-06-02,Prod. Sold Swine or Pork Market Formula,106360,96.31,213.92,96.31,22752531.2,2191296279.872,37764134.08,3635553187.8816,232,2025,108,96.28503885324464
2025-06-04,2025-06-03,Prod. Sold Negotiated,2912,99.37,218.82,99.37,637203.84,63318945.5808,866368.62,86229668.7486,233,2025,109,99.46219308206801
2025-06-04,2025-06-03,Prod. Sold Swine or Pork Market Formula,114867,97.0,214.25,97.0,24610254.75,2387194710.75,22752531.2,2191296279.872,233,2025,109,96.66853202967044
2025-06-05,2025-06-04,Prod. Sold Negotiated,3315,98.79,215.9,98.79,715708.5,70704842.715,637203.84,63318945.5808,234,2025,110,99.063172338128
2025-06-05,2025-06-04,Prod. Sold Swine or Pork Market Formula,120322,98.04,214.25,98.04,25778988.5,2527372032.54,24610254.75,2387194710.75,234,2025,110,97.53206093822416
2025-06-06,2025-06-05,Prod. Sold Swine or Pork Market Formula,116425,98.65,214.79,98.65,25006925.75,2466933225.2375,25778988.5,2527372032.54,235,2025,111,98.34036329822496
2025-06-06,2025-06-05,Prod. Sold Negotiated,5099,99.49,209.97,99.49,1070637.03,106517678.1147,715708.5,70704842.715,235,2025,111,99.20954140921437
2025-06-09,2025-06-06,Prod. Sold Swine or Pork Market Formula,126386,99.35,215.21,99.34999999999998,27199531.06,2702273410.811,25006925.75,2466933225.2375,241,2025,112,99.01469955835717
2025-06-09,2025-06-06,Prod. Sold Negotiated,5118,100.17,210.89,100.17,1079335.02,108116988.9534,1070637.03,106517678.1147,241,2025,112,99.83137551397472
2025-06-10,2025-06-09,Prod. Sold Swine or Pork Market Formula,113810,100.43,213.68,100.43,24318920.8,2442349215.944,27199531.06,2702273410.811,242,2025,113,99.85980636093984
2025-06-10,2025-06-09,Prod. Sold Negotiated,4454,105.46,217.31,105.46,967898.74,102074601.1204,1079335.02,108116988.9534,242,2025,113,102.67102574246331
2025-06-11,2025-06-10,Prod. Sold Swine or Pork Market Formula,119033,101.16,214.29,101.16,25507581.57,2580346951.6212,24318920.8,2442349215.944,243,2025,114,100.8037074380182
2025-06-11,2025-06-10,Prod. Sold Negotiated,4973,101.59,208.71,101.59,1037914.83,105441767.5797,967898.74,102074601.1204,243,2025,114,103.45745576948111
2025-06-12,2025-06-11,Prod. Sold Negotiated,3706,104.68,214.44,104.68,794714.64,83190728.5152,1037914.83,105441767.5797,244,2025,115,102.92996985086134
2025-06-12,2025-06-11,Prod. Sold Swine or Pork Market Formula,120144,102.26,212.89,102.26000000000002,25577456.16,2615550666.9216003,25507581.57,2580346951.6212,244,2025,115,101.71075229511824
2025-06-13,2025-06-12,Prod. Sold Negotiated,6775,102.1,208.58,102.1,1413129.5,144280521.95,794714.64,83190728.5152,245,2025,116,103.02867233427084
2025-06-13,2025-06-12,Prod. Sold Swine or Pork Market Formula,122099,103.32,214.45,103.32,26184130.55,2705344368.426,25577456.16,2615550666.9216003,245,2025,116,102.79621189277876
2025-06-16,2025-06-13,Prod. Sold Negotiated,5766,104.01,208.86,104.01,1204286.76,125257865.9076,1413129.5,144280521.95,251,2025,117,102.97880087961248
2025-06-16,2025-06-13,Prod. Sold Swine or Pork Market Formula,117059,104.17,213.91,104.17,25040090.69,2608426247.1773,26184130.55,2705344368.426,251,2025,117,103.7355080657406
2025-06-17,2025-06-16,Prod. Sold Negotiated,6901,108.53,212.7,108.53,1467842.7,159304968.231,1204286.76,125257865.9076,252,2025,118,106.49290702352422
2025-06-17,2025-06-16,Prod. Sold Swine or Pork Market Formula,112247,105.6,213.19,105.6,23929937.93,2527001445.408,25040090.69,2608426247.1773,252,2025,118,104.868790917715
2025-06-18,2025-06-17,Prod. Sold Swine or Pork Market Formula,116218,106.93,213.39,106.93,24799759.02,2651838232.0086,23929937.93,2527001445.408,253,2025,119,106.27687019540556
2025-06-18,2025-06-17,Prod. Sold Negotiated,5528,106.11,208.9,106.11,1154799.2,122535743.112,1467842.7,159304968.231,253,2025,119,107.46442788967872
2025-06-19,2025-06-18,Prod. Sold Negotiated,3597,108.06,209.33,108.06,752960.01,81364858.6806,1154799.2,122535743.112,254,2025,120,106.87963172910064
2025-06-19,2025-06-18,Prod. Sold Swine or Pork Market Formula,115547,108.31,213.53,108.31,24672750.91,2672305651.0621,24799759.02,2651838232.0086,254,2025,120,107.61822860016554
2025-06-20,2025-06-19,Prod. Sold Negotiated,4701,108.03,211.89,108.03,996094.89,107608130.9667,752960.01,81364858.6806,255,2025,121,108.04291486064848
2025-06-20,2025-06-19,Prod. Sold Swine or Pork Market Formula,118844,109.29,213.73,109.29,25400528.12,2776023718.2348,24672750.91,2672305651.0621,255,2025,121,108.80712177911668
2025-06-23,2025-06-20,Prod. Sold Swine or Pork Market Formula,113762,109.89,213.53,109.89,24291599.86,2669403908.6154,25400528.12,2776023718.2348,261,2025,122,109.58330520765514
2025-06-23,2025-06-20,Prod. Sold Negotiated,9787,109.53,210.29,109.53,2058108.23,225424594.4319,996094.89,107608130.9667,261,2025,122,109.04079143190712
2025-06-24,2025-06-23,Prod. Sold Negotiated,6849,113.45,210.04,113.45,1438563.96,163205081.262,2058108.23,225424594.4319,262,2025,123,111.1427250187556
2025-06-24,2025-06-23,Prod. Sold Swine or Pork Market Formula,108578,110.91,211.33,110.90999999999998,22945788.74,2544917429.1534,24291599.86,2669403908.6154,262,2025,123,110.38546990653924
2025-06-25,2025-06-24,Prod. Sold Swine or Pork Market Formula,115677,111.65,212.11,111.65,24536248.470000003,2739472141.6755004,22945788.74,2544917429.1534,263,2025,124,111.29239353099987
2025-06-25,2025-06-24,Prod. Sold Negotiated,6048,113.64,212.99,113.64,1288163.52,146386902.4128,1438563.96,163205081.262,263,2025,124,113.539760003739
2025-06-26,2025-06-25,Prod. Sold Swine or Pork Market Formula,114047,111.98,212.29,111.98,24211037.63,2711151993.8074,24536248.470000003,2739472141.6755004,264,2025,125,111.81389922510785
2025-06-26,2025-06-25,Prod. Sold Negotiated,6811,112.88,211.74,112.88,1442161.14,162791149.4832,1288163.52,146386902.4128,264,2025,125,113.23856698272652
2025-06-27,2025-06-26,Prod. Sold Swine or Pork Market Formula,115072,111.94,211.64,111.93999999999998,24353838.08,2726168634.6751995,24211037.63,2711151993.8074,265,2025,126,111.9599411918808
2025-06-27,2025-06-26,Prod. Sold Negotiated,7687,113.17,207.0,113.17,1591209.0,180077122.53,1442161.14,162791149.4832,265,2025,126,113.0321247288338
2025-06-30,2025-06-27,Prod. Sold Swine or Pork Market Formula,116220,111.45,212.7,111.45,24719994.0,2755043331.3,24353838.08,2726168634.6751995,271,2025,127,111.69317197482654
2025-06-30,2025-06-27,Prod. Sold Negotiated,6702,112.57,213.36,112.57,1429938.7200000002,160968201.71040002,1591209.0,180077122.53,271,2025,127,112.88601414048036
2025-07-01,2025-06-30,Prod. Sold Negotiated,2406,110.01,203.55,110.01,489741.3000000001,53876440.41300001,1429938.7200000002,160968201.71040002,272,2025,128,111.91690275726263
2025-07-01,2025-06-30,Prod. Sold Swine or Pork Market Formula,106823,110.4,210.12,110.4,22445648.76,2477999623.104,24719994.0,2755043331.3,272,2025,128,110.95031569975788
2025-07-02,2025-07-01,Prod. Sold Negotiated,2331,112.52,210.13,112.52,489813.03,55113762.13559999,489741.3000000001,53876440.41300001,273,2025,129,111.2650919001093
2025-07-02,2025-07-01,Prod. Sold Swine or Pork Market Formula,121338,110.02,211.06,110.02,25609598.28,2817568002.7656,22445648.76,2477999623.104,273,2025,129,110.19749043141324
2025-07-03,2025-07-02,Prod. Sold Negotiated,4496,110.4,208.91,110.4,939259.36,103694233.344,489813.03,55113762.13559999,274,2025,130,111.1266277277948
2025-07-03,2025-07-02,Prod. Sold Swine or Pork Market Formula,117204,108.9,212.27,108.9,24878893.08,2709311456.412,25609598.28,2817568002.7656,274,2025,130,109.46810471655972
2025-07-07,2025-07-03,Prod. Sold Negotiated,3555,108.89,197.99,108.89,703854.4500000001,76642711.06050001,939259.36,103694233.344,281,2025,131,109.75316700947208
2025-07-07,2025-07-03,Prod. Sold Swine or Pork Market Formula,120766,107.69,211.74,107.69,25570992.84,2753740218.9396,24878893.08,2709311456.412,281,2025,131,108.28670027152364
2025-07-08,2025-07-07,Prod. Sold Negotiated,4781,111.34,215.71,111.34,1031309.51,114826000.8434,703854.4500000001,76642711.06050001,282,2025,132,110.34617841180844
2025-07-08,2025-07-07,Prod. Sold Swine or Pork Market Formula,110906,106.71,211.87,106.71,23497654.22,2507434681.8162,25570992.84,2753740218.9396,282,2025,132,107.22070438018308
2025-07-09,2025-07-08,Prod. Sold Swine or Pork Market Formula,119101,107.03,212.28,107.03,25282760.28,2706013832.7684,23497654.22,2507434681.8162,283,2025,133,106.87585515667564
2025-07-09,2025-07-08,Prod. Sold Negotiated,4105,111.12,212.17,111.12,870957.85,96780836.292,1031309.51,114826000.8434,283,2025,133,111.23927245190184
2025-07-10,2025-07-09,Prod. Sold Swine or Pork Market Formula,116756,107.06,211.58,107.06,24703234.48,2644728283.4288,25282760.28,2706013832.7684,284,2025,134,107.04482609354795
2025-07-10,2025-07-09,Prod. Sold Negotiated,2710,109.08,207.44,109.08,562162.4,61320674.592,870957.85,96780836.292,284,2025,134,110.31978013289536
2025-07-11,2025-07-10,Prod. Sold Swine or Pork Market Formula,113943,106.89,212.03,106.89,24159334.29,2582391242.2581,24703234.48,2644728283.4288,285,2025,135,106.97594615402576
2025-07-11,2025-07-10,Prod. Sold Negotiated,4984,111.73,210.67,111.73,1049979.28,117314184.9544,562162.4,61320674.592,285,2025,135,110.805930869798
2025-07-14,2025-07-11,Prod. Sold Swine or Pork Market Formula,109694,107.24,213.22,107.24,23388954.68,2508231499.8832,24159334.29,2582391242.2581,291,2025,136,107.0621646417848
2025-07-14,2025-07-11,Prod. Sold Negotiated,4910,111.34,206.52,111.34,1014013.2,112900229.688,1049979.28,117314184.9544,291,2025,136,111.53839797051975
2025-07-15,2025-07-14,Prod. Sold Swine or Pork Market Formula,108448,106.69,211.14,106.69,22897710.72,2442956756.7168,23388954.68,2508231499.8832,292,2025,137,106.96791859627028
2025-07-15,2025-07-14,Prod. Sold Negotiated,4813,113.04,210.25,113.04,1011933.25,114388934.58,1014013.2,112900229.688,292,2025,137,112.18912734243295
2025-07-16,2025-07-15,Prod. Sold Swine or Pork Market Formula,115855,107.17,212.41,107.17000000000002,24608760.55,2637320868.1435003,22897710.72,2442956756.7168,293,2025,138,106.93864412675204
2025-07-16,2025-07-15,Prod. Sold Negotiated,4288,114.33,215.8,114.33,925350.4,105795311.232,1011933.25,114388934.58,293,2025,138,113.65617307099043
2025-07-17,2025-07-16,Prod. Sold Swine or Pork Market Formula,108925,107.72,212.7,107.72,23168347.5,2495694392.7,24608760.55,2637320868.1435003,294,2025,139,107.43670913425034
2025-07-17,2025-07-16,Prod. Sold Negotiated,4208,111.03,212.4,111.03,893779.2,99236304.576,925350.4,105795311.232,294,2025,139,112.70863593665896
2025-07-18,2025-07-17,Prod. Sold Negotiated,3600,109.77,204.01,109.77,734436.0,80619039.72,893779.2,99236304.576,295,2025,140,110.46165414498032
2025-07-18,2025-07-17,Prod. Sold Swine or Pork Market Formula,121916,107.95,212.89,107.95000000000002,25954697.24,2801809567.058,23168347.5,2495694392.7,295,2025,140,107.84152301219918
2025-07-21,2025-07-18,Prod. Sold Swine or Pork Market Formula,117757,108.29,213.54,108.29,25145829.78,2723041906.8762,25954697.24,2801809567.058,301,2025,141,108.11730907925578
2025-07-21,2025-07-18,Prod. Sold Negotiated,5176,111.09,206.73,111.09,1070034.48,118870130.3832,734436.0,80619039.72,301,2025,141,110.55274791926772
2025-07-22,2025-07-21,Prod. Sold Negotiated,7104,112.52,214.85,112.52,1526294.4,171738645.88799998,1070034.48,118870130.3832,302,2025,142,111.93064889036708
2025-07-22,2025-07-21,Prod. Sold Swine or Pork Market Formula,105276,108.54,211.04,108.54,22217447.04,2411481701.7216,25145829.78,2723041906.8762,302,2025,142,108.40727148400455
2025-07-23,2025-07-22,Prod. Sold Negotiated,4338,112.87,215.93,112.87,936704.34,105725818.85580002,1526294.4,171738645.88799998,303,2025,143,112.6531086831981
2025-07-23,2025-07-22,Prod. Sold Swine or Pork Market Formula,110938,109.53,211.98,109.53,23516637.24,2575777276.8972,22217447.04,2411481701.7216,303,2025,143,109.04906170385006
2025-07-24,2025-07-23,Prod. Sold Negotiated,4236,112.07,216.36,112.07,916500.96,102712262.5872,936704.34,105725818.85580002,304,2025,144,112.47436074297866
2025-07-24,2025-07-23,Prod. Sold Swine or Pork Market Formula,114847,110.17,211.41,110.17,24279804.27,2674906036.4259,23516637.24,2575777276.8972,304,2025,144,109.85510944835816
2025-07-25,2025-07-24,Prod. Sold Negotiated,5746,111.37,210.43,111.37,1209130.78,134660894.9686,916500.96,102712262.5872,305,2025,145,111.67181647174688
2025-07-25,2025-07-24,Prod. Sold Swine or Pork Market Formula,112661,110.27,211.22,110.27,23796256.42,2624013195.4334,24279804.27,2674906036.4259,305,2025,145,110.21949710121518
2025-07-28,2025-07-25,Prod. Sold Swine or Pork Market Formula,110578,110.14,212.52,110.14,23500036.56,2588294026.7184005,23796256.42,2624013195.4334,311,2025,146,110.20540709936628
2025-07-28,2025-07-25,Prod. Sold Negotiated,7161,112.25,215.53,112.25,1543410.33,173247809.54250002,1209130.78,134660894.9686,311,2025,146,111.86343535159772
2025-07-29,2025-07-28,Prod. Sold Negotiated,6376,114.08,211.96,114.08,1351456.96,154174209.9968,1543410.33,173247809.54250002,312,2025,147,113.10432801888476
2025-07-29,2025-07-28,Prod. Sold Swine or Pork Market Formula,103879,110.35,210.39,110.35,21855102.81,2411710595.0835,23500036.56,2588294026.7184005,312,2025,147,110.24119187491982
2025-07-30,2025-07-29,Prod. Sold Swine or Pork Market Formula,113331,110.33,210.93,110.33,23904907.83,2637428480.8839,21855102.81,2411710595.0835,313,2025,148,110.33955205320292
2025-07-30,2025-07-29,Prod. Sold Negotiated,4873,113.55,214.05,113.55,1043065.65,118440104.5575,1351456.96,154174209.9968,313,2025,148,113.84912943223368
2025-07-31,2025-07-30,Prod. Sold Negotiated,5609,113.55,210.59,113.55,1181199.31,134125181.6505,1043065.65,118440104.5575,314,2025,149,113.55
2025-07-31,2025-07-30,Prod. Sold Swine or Pork Market Formula,110622,110.11,211.78,110.11,23427527.16,2579605015.5876,23904907.83,2637428480.8839,314,2025,149,110.22110942683832
2025-08-01,2025-07-31,Prod. Sold Swine or Pork Market Formula,120291,110.03,212.32,110.03,25540185.12,2810186568.7536,23427527.16,2579605015.5876,315,2025,150,110.06827424409953
2025-08-01,2025-07-31,Prod. Sold Negotiated,6767,114.03,212.28,114.03,1436498.76,163803953.6028,1181199.31,134125181.6505,315,2025,150,113.81340677433435
2025-08-04,2025-08-01,Prod. Sold Swine or Pork Market Formula,115885,109.42,212.48,109.42,24623244.8,2694275446.016,25540185.12,2810186568.7536,321,2025,151,109.7305751131461
2025-08-04,2025-08-01,Prod. Sold Negotiated,6029,115.53,210.85,115.53,1271214.65,146863428.5145,1436498.76,163803953.6028,321,2025,151,114.7342185365548
2025-08-05,2025-08-04,Prod. Sold Negotiated,3633,113.54,210.86,113.54,766054.38,86977814.30520001,1271214.65,146863428.5145,322,2025,152,114.78171973178232
2025-08-05,2025-08-04,Prod. Sold Swine or Pork Market Formula,99680,109.21,210.54,109.20999999999998,20986627.2,2291949556.512,24623244.8,2694275446.016,322,2025,152,109.3233719780665
2025-08-06,2025-08-05,Prod. Sold Swine or Pork Market Formula,116930,109.62,211.21,109.62,24696785.3,2707261604.586,20986627.2,2291949556.512,323,2025,153,109.43164898414712
2025-08-06,2025-08-05,Prod. Sold Negotiated,6235,113.2,207.41,113.2,1293201.35,146390392.82000002,766054.38,86977814.30520001,323,2025,153,113.32648185720966
2025-08-07,2025-08-06,Prod. Sold Swine or Pork Market Formula,114534,110.24,211.49,110.23999999999998,24222795.66,2670320993.5584,24696785.3,2707261604.586,324,2025,154,109.92699636044468
2025-08-07,2025-08-06,Prod. Sold Negotiated,6574,113.39,210.49,113.39,1383761.26,156904689.2714,1293201.35,146390392.82000002,324,2025,154,113.29821378842492
2025-08-08,2025-08-07,Prod. Sold Swine or Pork Market Formula,109061,109.96,211.31,109.96,23045679.91,2534102962.9036,24222795.66,2670320993.5584,325,2025,155,110.10348638713248
2025-08-08,2025-08-07,Prod. Sold Negotiated,5202,112.53,209.83,112.53,1091535.66,122830507.81980002,1383761.26,156904689.2714,325,2025,155,113.01076441819352
2025-08-11,2025-08-08,Prod. Sold Swine or Pork Market Formula,133170,109.74,211.63,109.74,28182767.1,3092776861.5539994,23045679.91,2534102962.9036,331,2025,156,109.83896941789412
2025-08-11,2025-08-08,Prod. Sold Negotiated,12008,112.72,208.21,112.72,2500185.68,281820929.8496,1091535.66,122830507.81980002,331,2025,156,112.66225838928808
2025-08-12,2025-08-11,Prod. Sold Negotiated,6978,112.35,210.86,112.35,1471381.08,165309664.338,2500185.68,281820929.8496,332,2025,157,112.58292286331856
2025-08-12,2025-08-11,Prod. Sold Swine or Pork Market Formula,114433,109.51,210.48,109.51,24085857.84,2637642292.0584,28182767.1,3092776861.5539994,332,2025,157,109.63401390777815
2025-08-13,2025-08-12,Prod. Sold Swine or Pork Market Formula,120798,109.75,211.67,109.75,25569312.66,2806232064.435,24085857.84,2637642292.0584,333,2025,158,109.6335850159532
2025-08-13,2025-08-12,Prod. Sold Negotiated,5414,113.01,211.01,113.01,1142408.14,129103543.9014,1471381.08,165309664.338,333,2025,158,112.63846601961274
2025-08-14,2025-08-13,Prod. Sold Negotiated,5466,112.09,211.32,112.09,1155075.12,129472370.2008,1142408.14,129103543.9014,334,2025,159,112.54746382883329
2025-08-14,2025-08-13,Prod. Sold Swine or Pork Market Formula,120695,109.66,211.37,109.66,25511302.15,2797569393.769,25569312.66,2806232064.435,334,2025,159,109.7050511049634
2025-08-15,2025-08-14,Prod. Sold Swine or Pork Market Formula,118206,109.57,211.45,109.57,24994658.7,2738664753.759,25511302.15,2797569393.769,335,2025,160,109.61546032101674
2025-08-15,2025-08-14,Prod. Sold Negotiated,8791,113.25,211.59,113.25,1860087.69,210654930.8925,1155075.12,129472370.2008,335,2025,160,112.80561698533953
2025-08-18,2025-08-15,Prod. Sold Negotiated,7811,113.14,209.43,113.14,1635857.73,185080943.5722,1860087.69,210654930.8925,341,2025,161,113.19852770032662
2025-08-18,2025-08-15,Prod. Sold Swine or Pork Market Formula,126024,109.12,211.69,109.12,26678020.56,2911105603.5072,24994658.7,2738664753.759,341,2025,161,109.33767008361237
2025-08-19,2025-08-18,Prod. Sold Swine or Pork Market Formula,105141,108.56,208.96,108.56,21970263.36,2385091790.3616,26678020.56,2911105603.5072,342,2025,162,108.86709596125048
2025-08-19,2025-08-18,Prod. Sold Negotiated,3975,112.11,214.52,112.11,852717.0,95598102.87,1635857.73,185080943.5722,342,2025,162,112.78706765707616
2025-08-20,2025-08-19,Prod. Sold Swine or Pork Market Formula,131471,108.33,209.93,108.33,27599707.03,2989876262.5599003,21970263.36,2385091790.3616,343,2025,163,108.43193995544163
2025-08-20,2025-08-19,Prod. Sold Negotiated,4258,113.01,214.87,113.01,914916.46,103394709.1446,852717.0,95598102.87,343,2025,163,112.5758345933325
2025-08-21,2025-08-20,Prod. Sold Negotiated,3807,112.13,216.01,112.13,822350.07,92210113.3491,914916.46,103394709.1446,344,2025,164,112.59344442311912
2025-08-21,2025-08-20,Prod. Sold Swine or Pork Market Formula,121104,108.01,210.91,108.01,25542044.64,2758796241.5664,27599707.03,2989876262.5599003,344,2025,164,108.1761952414449
2025-08-22,2025-08-21,Prod. Sold Negotiated,5512,111.15,209.17,111.15,1152945.04,128149841.196,822350.07,92210113.3491,345,2025,165,111.55799122344814
2025-08-22,2025-08-21,Prod. Sold Swine or Pork Market Formula,121044,107.38,210.81,107.38,25517285.64,2740046132.0232,25542044.64,2758796241.5664,345,2025,165,107.69515274554048
2025-08-25,2025-08-22,Prod. Sold Swine or Pork Market Formula,127155,106.79,212.07,106.79,26965760.85,2879673601.1715,25517285.64,2740046132.0232,351,2025,166,107.07685831967603
2025-08-25,2025-08-22,Prod. Sold Negotiated,5069,112.61,210.96,112.61,1069356.24,120420206.1864,1152945.04,128149841.196,351,2025,166,111.8525420560438
2025-08-26,2025-08-25,Prod. Sold Swine or Pork Market Formula,112139,106.55,209.84,106.55,23531247.76,2507254448.828,26965760.85,2879673601.1715,352,2025,167,106.67816170268588
2025-08-26,2025-08-25,Prod. Sold Negotiated,4252,110.35,214.54,110.35,912224.08,100663927.228,1069356.24,120420206.1864,352,2025,167,111.56960491735202
2025-08-27,2025-08-26,Prod. Sold Swine or Pork Market Formula,122521,106.42,212.41,106.42,26024685.61,2769547042.6162,23531247.76,2507254448.828,353,2025,168,106.48172948425692
2025-08-27,2025-08-26,Prod. Sold Negotiated,4481,110.62,212.39,110.62,951719.59,105279221.0458,912224.08,100663927.228,353,2025,168,110.48786054451956
2025-08-28,2025-08-27,Prod. Sold Swine or Pork Market Formula,123678,106.17,212.11,106.17,26233340.58,2785193769.3786,26024685.61,2769547042.6162,354,2025,169,106.29450090209772
2025-08-28,2025-08-27,Prod. Sold Negotiated,3604,110.51,214.34,110.51,772481.36,85366915.0936,951719.59,105279221.0458,354,2025,169,110.57071749055702
2025-08-29,2025-08-28,Prod. Sold Negotiated,5851,109.56,211.17,109.56,1235555.67,135367479.2052,772481.36,85366915.0936,355,2025,170,109.92546003935
2025-08-29,2025-08-28,Prod. Sold Swine or Pork Market Formula,129430,105.89,211.69,105.89,27399036.7,2901283996.163,26233340.58,2785193769.3786,355,2025,170,106.02695710939778
2025-09-02,2025-08-29,Prod. Sold Swine or Pork Market Formula,127310,105.47,212.46,105.47,27048282.6,2852782365.822,27399036.7,2901283996.163,362,2025,171,105.68135283723694
2025-09-02,2025-08-29,Prod. Sold Negotiated,7681,111.18,211.43,111.18,1623993.83,180555634.01940003,1235555.67,135367479.2052,362,2025,171,110.48002953772964
2025-09-03,2025-09-02,Prod. Sold Swine or Pork Market Formula,125828,105.91,212.04,105.90999999999998,26680569.12,2825739075.4991994,27048282.6,2852782365.822,363,2025,172,105.6884943477664
2025-09-03,2025-09-02,Prod. Sold Negotiated,4156,110.25,218.12,110.25,906506.72,99942365.88,1623993.83,180555634.01940003,363,2025,172,110.8468440757304
2025-09-04,2025-09-03,Prod. Sold Negotiated,4682,108.37,213.62,108.37,1000168.84,108388297.1908,906506.72,99942365.88,364,2025,173,109.26382413523989
2025-09-04,2025-09-03,Prod. Sold Swine or Pork Market Formula,130829,105.8,212.09,105.8,27747522.61,2935687892.138,26680569.12,2825739075.4991994,364,2025,173,105.85392183539632
2025-09-05,2025-09-04,Prod. Sold Negotiated,5141,107.71,216.09,107.71,1110918.69,119657052.0999,1000168.84,108388297.1908,365,2025,174,108.02268785638653
2025-09-05,2025-09-04,Prod. Sold Swine or Pork Market Formula,128236,105.87,214.63,105.87,27523292.68,2913890996.0316,27747522.61,2935687892.138,365,2025,174,105.83485800738583
2025-09-08,2025-09-05,Prod. Sold Swine or Pork Market Formula,223980,105.7,216.16,105.70000000000002,48415516.8,5117520125.76,27523292.68,2913890996.0316,371,2025,175,105.76161486844
2025-09-08,2025-09-05,Prod. Sold Negotiated,12366,109.36,213.59,109.36,2641253.94,288847530.8784,1110918.69,119657052.0999,371,2025,175,108.87147880994485
2025-09-09,2025-09-08,Prod. Sold Swine or Pork Market Formula,119041,105.71,215.48,105.71,25650954.68,2711562419.2228,48415516.8,5117520125.76,372,2025,176,105.70346323433094
2025-09-09,2025-09-08,Prod. Sold Negotiated,4188,109.7,216.9,109.7,908377.2,99648978.84,2641253.94,288847530.8784,372,2025,176,109.44700854703454
2025-09-10,2025-09-09,Prod. Sold Swine or Pork Market Formula,121974,105.95,213.18,105.95,26002417.32,2754956115.054,25650954.68,2711562419.2228,373,2025,177,105.83081651042647
2025-09-10,2025-09-09,Prod. Sold Negotiated,5729,107.38,219.08,107.38,1255109.32,134773638.7816,908377.2,99648978.84,373,2025,177,108.354092089097
2025-09-11,2025-09-10,Prod. Sold Swine or Pork Market Formula,134847,105.99,214.86,105.99,28973226.42,3070872268.2558,26002417.32,2754956115.054,374,2025,178,105.9710807728288
2025-09-11,2025-09-10,Prod. Sold Negotiated,5201,107.7,212.07,107.7,1102976.07,118790522.739,1255109.32,134773638.7816,374,2025,178,107.52967750697104
2025-09-12,2025-09-11,Prod. Sold Swine or Pork Market Formula,130440,106.16,215.24,106.16,28075905.6,2980538138.4960003,28973226.42,3070872268.2558,375,2025,179,106.07366304241626
2025-09-12,2025-09-11,Prod. Sold Negotiated,6368,107.7,214.89,107.70000000000002,1368419.52,147378782.30400002,1102976.07,118790522.739,375,2025,179,107.70000000000002
2025-09-15,2025-09-12,Prod. Sold Swine or Pork Market Formula,146879,106.03,216.51,106.03,31800772.29,3371835885.9087,28075905.6,2980538138.4960003,381,2025,180,106.09095641669876
2025-09-15,2025-09-12,Prod. Sold Negotiated,4218,107.34,215.97,107.34,910961.46,97782603.1164,1368419.52,147378782.30400002,381,2025,180,107.55612491791524
2025-09-16,2025-09-15,Prod. Sold Negotiated,6399,107.91,214.44,107.91,1372201.56,148074270.3396,910961.46,97782603.1164,382,2025,181,107.68257513911556
2025-09-16,2025-09-15,Prod. Sold Swine or Pork Market Formula,128816,105.83,214.91,105.83,27683846.56,2929781481.4448,31800772.29,3371835885.9087,382,2025,181,105.93692099203057
2025-09-17,2025-09-16,Prod. Sold Negotiated,5689,107.7,217.65,107.7,1238210.85,133355308.54500002,1372201.56,148074270.3396,383,2025,182,107.8103895792466
2025-09-17,2025-09-16,Prod. Sold Swine or Pork Market Formula,133422,105.72,214.15,105.72,28572321.3,3020665807.836,27683846.56,2929781481.4448,383,2025,182,105.77413136438972
2025-09-18,2025-09-17,Prod. Sold Swine or Pork Market Formula,125237,105.5,215.13,105.5,26942235.81,2842405877.955,28572321.3,3020665807.836,384,2025,183,105.61322995288506
2025-09-18,2025-09-17,Prod. Sold Negotiated,6633,107.36,214.27,107.36,1421252.91,152585712.4176,1238210.85,133355308.54500002,384,2025,183,107.51829946447548
2025-09-19,2025-09-18,Prod. Sold Swine or Pork Market Formula,130312,104.95,215.56,104.95,28090054.72,2948051242.864,26942235.81,2842405877.955,385,2025,184,105.21926427289851
2025-09-19,2025-09-18,Prod. Sold Negotiated,8136,107.57,215.21,107.56999999999998,1750948.56,188349536.5992,1421252.91,152585712.4176,385,2025,184,107.47591293966585
2025-09-22,2025-09-19,Prod. Sold Negotiated,15221,106.84,213.87,106.84,3255315.27,347797883.4468,1750948.56,188349536.5992,391,2025,185,107.0953186352546
2025-09-22,2025-09-19,Prod. Sold Swine or Pork Market Formula,176922,104.73,215.37,104.73,38103691.14,3990599573.0922,28090054.72,2948051242.864,391,2025,185,104.82335945500758
2025-09-23,2025-09-22,Prod. Sold Negotiated,5322,106.4,214.84,106.4,1143378.48,121655470.272,3255315.27,347797883.4468,392,2025,186,106.72562819787125
2025-09-23,2025-09-22,Prod. Sold Swine or Pork Market Formula,124234,104.84,215.1,104.84000000000002,26722733.4,2801611369.656,38103691.14,3990599573.0922,392,2025,186,104.77534417399784
2025-09-24,2025-09-23,Prod. Sold Swine or Pork Market Formula,131026,105.03,215.32,105.03,28212518.32,2963160799.1496,26722733.4,2801611369.656,393,2025,187,104.93757629778638
2025-09-24,2025-09-23,Prod. Sold Negotiated,4676,106.92,214.33,106.92,1002207.08,107155980.9936,1143378.48,121655470.272,393,2025,187,106.6428929851672
2025-09-25,2025-09-24,Prod. Sold Negotiated,8621,106.92,215.08,106.92,1854204.68,198251564.38560003,1002207.08,107155980.9936,394,2025,188,106.92
2025-09-25,2025-09-24,Prod. Sold Swine or Pork Market Formula,131794,104.91,215.85,104.91,28447734.9,2984451868.359,28212518.32,2963160799.1496,394,2025,188,104.96975091896
2025-09-26,2025-09-25,Prod. Sold Negotiated,7648,106.6,214.42,106.6,1639884.16,174811651.45599997,1854204.68,198251564.38560003,395,2025,189,106.7698140845211
2025-09-26,2025-09-25,Prod. Sold Swine or Pork Market Formula,130886,104.5,216.26,104.5,28305406.36,2957914964.62,28447734.9,2984451868.359,395,2025,189,104.705514109881
2025-09-29,2025-09-26,Prod. Sold Swine or Pork Market Formula,160592,104.55,217.53,104.55,34933577.76,3652305554.808,28305406.36,2957914964.62,401,2025,190,104.52762028695282
2025-09-29,2025-09-26,Prod. Sold Negotiated,20567,107.63,215.49,107.63,4431982.83,477014311.9929,1639884.16,174811651.45599997,401,2025,190,107.351818562959
2025-09-30,2025-09-29,Prod. Sold Swine or Pork Market Formula,116980,104.4,214.99,104.4,25149530.2,2625610952.88,34933577.76,3652305554.808,402,2025,191,104.4872131426272
2025-09-30,2025-09-29,Prod. Sold Negotiated,7252,105.69,211.5,105.69,1533798.0,162107110.62,4431982.83,477014311.9929,402,2025,191,107.13122738250176
2025-10-01,2025-09-30,Prod. Sold Negotiated,7704,105.93,212.47,105.93000000000002,1636868.88,173393520.4584,1533798.0,162107110.62,403,2025,192,105.81390091613788
2025-10-01,2025-09-30,Prod. Sold Swine or Pork Market Formula,122762,103.95,216.28,103.95,26550965.36,2759972849.172,25149530.2,2625610952.88,403,2025,192,104.1689009692734
2025-10-02,2025-10-01,Prod. Sold Swine or Pork Market Formula,128631,103.26,216.17,103.26,27806163.27,2871264419.2602,26550965.36,2759972849.172,404,2025,193,103.59703336729028
2025-10-02,2025-10-01,Prod. Sold Negotiated,4934,105.28,217.35,105.28,1072404.9,112902787.872,1636868.88,173393520.4584,404,2025,193,105.67271216510278
2025-10-03,2025-10-02,Prod. Sold Swine or Pork Market Formula,130045,102.19,216.04,102.19,28094921.8,2871020058.742,27806163.27,2871264419.2602,405,2025,194,102.72223644338288
2025-10-03,2025-10-02,Prod. Sold Negotiated,7423,105.28,213.6,105.28,1585552.8,166926998.784,1072404.9,112902787.872,405,2025,194,105.28
2025-10-06,2025-10-03,Prod. Sold Swine or Pork Market Formula,161333,101.5,216.72,101.5,34964087.76,3548854907.64,28094921.8,2871020058.742,411,2025,195,101.80741834001618
2025-10-06,2025-10-03,Prod. Sold Negotiated,9499,106.03,214.13,106.03,2034020.87,215667232.8461,1585552.8,166926998.784,411,2025,195,105.70146279965066
2025-10-07,2025-10-06,Prod. Sold Negotiated,6891,103.79,216.08,103.79000000000002,1489007.28,154544065.59120002,2034020.87,215667232.8461,412,2025,196,105.08326436088797
2025-10-07,2025-10-06,Prod. Sold Swine or Pork Market Formula,121713,100.82,217.42,100.82,26462840.46,2667983575.1771994,34964087.76,3548854907.64,412,2025,196,101.20705467399652
2025-10-08,2025-10-07,Prod. Sold Negotiated,4569,102.68,221.88,102.68,1013769.72,104093874.8496,1489007.28,154544065.59120002,413,2025,197,103.3403856759112
2025-10-08,2025-10-07,Prod. Sold Swine or Pork Market Formula,117874,100.31,217.03,100.31,25582194.22,2566149902.2082,26462840.46,2667983575.1771994,413,2025,197,100.56931481682317
2025-10-09,2025-10-08,Prod. Sold Negotiated,6196,101.31,219.07,101.31,1357357.72,137513910.6132,1013769.72,104093874.8496,414,2025,198,101.89574013904544
2025-10-09,2025-10-08,Prod. Sold Swine or Pork Market Formula,121956,99.69,217.05,99.68999999999998,26470549.8,2638849109.562,25582194.22,2566149902.2082,414,2025,198,99.99470940034028
2025-10-10,2025-10-09,Prod. Sold Swine or Pork Market Formula,125903,98.89,217.26,98.89,27353685.78,2705005986.7842,26470549.8,2638849109.562,415,2025,199,99.28343688975431
2025-10-10,2025-10-09,Prod. Sold Negotiated,7217,102.88,214.16,102.88,1545592.72,159010579.0336,1357357.72,137513910.6132,415,2025,199,102.14590148042626
2025-10-13,2025-10-10,Prod. Sold Swine or Pork Market Formula,176406,97.88,218.61,97.88,38564115.66,3774655640.8008,27353685.78,2705005986.7842,421,2025,200,98.299116263502
2025-10-13,2025-10-10,Prod. Sold Negotiated,12573,102.71,216.55,102.71,2722683.1500000004,279646786.33650005,1545592.72,159010579.0336,421,2025,200,102.77155899253064
2025-10-14,2025-10-13,Prod. Sold Negotiated,6310,99.73,217.47,99.73,1372235.7,136853066.361,2722683.1500000004,279646786.33650005,422,2025,201,101.71138133726386
2025-10-14,2025-10-13,Prod. Sold Swine or Pork Market Formula,119150,97.55,216.06,97.55,25743549.0,2511283204.95,38564115.66,3774655640.8008,422,2025,201,97.7478948891253
2025-10-15,2025-10-14,Prod. Sold Negotiated,5091,99.13,220.35,99.13,1121801.85,111204217.39049998,1372235.7,136853066.361,423,2025,202,99.46012390691553
2025-10-15,2025-10-14,Prod. Sold Swine or Pork Market Formula,129955,96.67,216.57,96.67,28144354.35,2720714735.0145,25743549.0,2511283204.95,423,2025,202,97.09039718956704
2025-10-16,2025-10-15,Prod. Sold Negotiated,7531,98.85,216.6,98.85,1631214.6,161245563.20999998,1121801.85,111204217.39049998,424,2025,203,98.96409467531517
2025-10-16,2025-10-15,Prod. Sold Swine or Pork Market Formula,127123,96.27,216.47,96.27,27518315.81,2649188263.0287,28144354.35,2720714735.0145,424,2025,203,96.47224940175597
2025-10-17,2025-10-16,Prod. Sold Negotiated,7910,99.46,219.31,99.46,1734742.1,172537449.266,1631214.6,161245563.20999998,425,2025,204,99.16438095475202
2025-10-17,2025-10-16,Prod. Sold Swine or Pork Market Formula,127714,95.61,217.65,95.61,27796952.1,2657666590.281,27518315.81,2649188263.0287,425,2025,204,95.93833771074112
2025-10-20,2025-10-17,Prod. Sold Swine or Pork Market Formula,172796,95.13,217.12,95.13,37517467.52,3569036685.1776,27796952.1,2657666590.281,431,2025,205,95.33428164386403
2025-10-20,2025-10-17,Prod. Sold Negotiated,15302,98.39,217.61,98.39,3329868.22,327625734.16580003,1734742.1,172537449.266,431,2025,205,98.7564988873221
2025-10-21,2025-10-20,Prod. Sold Negotiated,3153,93.44,213.81,93.44,674142.93,62991915.3792,3329868.22,327625734.16580003,432,2025,206,97.55658386340909
2025-10-21,2025-10-20,Prod. Sold Swine or Pork Market Formula,124253,94.39,216.11,94.39,26852315.83,2534590091.1937003,37517467.52,3569036685.1776,432,2025,206,94.82130370369345
2025-10-22,2025-10-21,Prod. Sold Negotiated,4029,92.22,223.52,92.22,900562.08,83049835.0176,674142.93,62991915.3792,433,2025,207,92.74229107634578
2025-10-22,2025-10-21,Prod. Sold Swine or Pork Market Formula,122180,94.06,218.5,94.06,26696330.0,2511056799.8,26852315.83,2534590091.1937003,433,2025,207,94.22548064076227
2025-10-23,2025-10-22,Prod. Sold Swine or Pork Market Formula,123340,93.29,218.33,93.29,26928822.200000003,2512189823.0380006,26696330.0,2511056799.8,434,2025,208,93.67333082996831
2025-10-23,2025-10-22,Prod. Sold Negotiated,2791,92.01,212.4,92.01,592808.4,54544300.884,900562.08,83049835.0176,434,2025,208,92.13663839237
2025-10-24,2025-10-23,Prod. Sold Swine or Pork Market Formula,119115,92.67,217.99,92.67,25965878.85,2406257993.0295,26928822.200000003,2512189823.0380006,435,2025,209,92.9856435225566
2025-10-24,2025-10-23,Prod. Sold Negotiated,5084,91.67,214.53,91.67,1090670.52,99981766.5684,592808.4,54544300.884,435,2025,209,91.78972520333073
2025-10-27,2025-10-24,Prod. Sold Swine or Pork Market Formula,179401,91.91,219.01,91.91,39290613.01,3611200241.7491,25965878.85,2406257993.0295,441,2025,210,92.21240773543784
2025-10-27,2025-10-24,Prod. Sold Negotiated,7555,94.77,216.92,94.77,1638830.6,155311975.96199998,1090670.52,99981766.5684,441,2025,210,93.53128330293555
2025-10-28,2025-10-27,Prod. Sold Swine or Pork Market Formula,123168,92.08,216.97,92.08,26723760.96,2460723909.1968,39290613.01,3611200241.7491,442,2025,211,91.97881894184536
2025-10-28,2025-10-27,Prod. Sold Negotiated,7164,91.32,215.33,91.31999999999998,1542624.12,140872434.6384,1638830.6,155311975.96199998,442,2025,211,93.09716361463727
2025-10-29,2025-10-28,Prod. Sold Negotiated,4530,89.96,216.5,89.96,980745.0,88227820.2,1542624.12,140872434.6384,443,2025,212,90.7914157396045
2025-10-29,2025-10-28,Prod. Sold Swine or Pork Market Formula,116748,91.74,217.77,91.74,25424211.96,2332417205.2104,26723760.96,2460723909.1968,443,2025,212,91.91423647013738
2025-10-30,2025-10-29,Prod. Sold Negotiated,3247,89.09,217.05,89.09,704761.3500000001,62787188.671500005,980745.0,88227820.2,444,2025,213,89.59622660068887
2025-10-30,2025-10-29,Prod. Sold Swine or Pork Market Formula,126618,91.45,218.45,91.45,27659702.1,2529479757.045,25424211.96,2332417205.2104,444,2025,213,91.58889370441044
2025-10-31,2025-10-30,Prod. Sold Swine or Pork Market Formula,131706,91.09,219.38,91.09,28893662.28,2631923697.0852003,27659702.1,2529479757.045,445,2025,214,91.2660725089509
2025-10-31,2025-10-30,Prod. Sold Negotiated,6455,89.16,213.92,89.16,1380853.6,123116906.97599998,704761.3500000001,62787188.671500005,445,2025,214,89.13634592401631
2025-11-03,2025-10-31,Prod. Sold Swine or Pork Market Formula,182219,90.98,219.09,90.98,39922360.71,3632136377.3958,28893662.28,2631923697.0852003,451,2025,215,91.0261855061177
2025-11-03,2025-10-31,Prod. Sold Negotiated,11780,90.73,214.18,90.73,2523040.4,228915455.492,1380853.6,123116906.97599998,451,2025,215,90.1746723830104
2025-11-04,2025-11-03,Prod. Sold Swine or Pork Market Formula,125398,90.88,217.38,90.88,27259017.24,2477299486.7712,39922360.71,3632136377.3958,452,2025,216,90.93942474228454
2025-11-04,2025-11-03,Prod. Sold Negotiated,6216,89.51,218.0,89.51,1355088.0,121293926.88,2523040.4,228915455.492,452,2025,216,90.30370999887472
2025-11-05,2025-11-04,Prod. Sold Swine or Pork Market Formula,118947,90.96,217.54,90.96,25875730.38,2353656435.3648,27259017.24,2477299486.7712,453,2025,217,90.91895865743456
2025-11-05,2025-11-04,Prod. Sold Negotiated,6019,89.97,220.26,89.97,1325744.94,119277272.2518,1355088.0,121293926.88,453,2025,217,89.7374825347379
2025-11-06,2025-11-05,Prod. Sold Swine or Pork Market Formula,128163,90.36,218.19,90.36,27963884.97,2526816645.8892,25875730.38,2353656435.3648,454,2025,218,90.64836458297616
2025-11-06,2025-11-05,Prod. Sold Negotiated,5372,89.32,219.86,89.32,1181087.9200000002,105494773.0144,1325744.94,119277272.2518,454,2025,218,89.66375415479433
2025-11-07,2025-11-06,Prod. Sold Swine or Pork Market Formula,105476,89.78,219.2,89.78,23120339.2,2075744053.376,27963884.97,2526816645.8892,455,2025,219,90.09749632192957
2025-11-07,2025-11-06,Prod. Sold Negotiated,6775,88.91,214.11,88.91,1450595.25,128972423.6775,1181087.9200000002,105494773.0144,455,2025,219,89.09400621044365
2025-11-10,2025-11-07,Prod. Sold Swine or Pork Market Formula,178299,89.2,220.47,89.2,39309580.53,3506414583.276,23120339.2,2075744053.376,461,2025,220,89.41479759695342
2025-11-10,2025-11-07,Prod. Sold Negotiated,15952,89.51,215.63,89.51,3439729.76,307890210.8176,1450595.25,128972423.6775,461,2025,220,89.33202468175014
2025-11-11,2025-11-10,Prod. Sold Negotiated,5658,88.63,217.56,88.63,1230954.48,109099495.5624,3439729.76,307890210.8176,462,2025,221,89.2780768198537
2025-11-11,2025-11-10,Prod. Sold Swine or Pork Market Formula,120535,89.11,217.7,89.11,26240469.5,2338288237.145,39309580.53,3506414583.276,462,2025,221,89.16397192292118
2025-11-12,2025-11-11,Prod. Sold Negotiated,5943,86.97,220.86,86.97,1312570.98,114154298.1306,1230954.48,109099495.5624,463,2025,222,87.77336700730332
2025-11-12,2025-11-11,Prod. Sold Swine or Pork Market Formula,126463,89.27,217.76,89.27,27538582.88,2458369293.6976,26240469.5,2338288237.145,463,2025,222,89.19193103198745
2025-11-13,2025-11-12,Prod. Sold Swine or Pork Market Formula,127063,88.6,217.86,88.6,27681945.180000003,2452620342.948,27538582.88,2458369293.6976,464,2025,223,88.9341302804919
2025-11-13,2025-11-12,Prod. Sold Negotiated,5581,86.28,222.98,86.28,1244451.38,107371265.0664,1312570.98,114154298.1306,464,2025,223,86.6341908707439
2025-11-14,2025-11-13,Prod. Sold Negotiated,6583,86.55,218.07,86.55,1435554.81,124247268.8055,1244451.38,107371265.0664,465,2025,224,86.42462645651574
2025-11-14,2025-11-13,Prod. Sold Swine or Pork Market Formula,127635,87.43,219.19,87.43,27976315.65,2445969277.2795,27681945.180000003,2452620342.948,465,2025,224,88.01190599881524
2025-11-17,2025-11-14,Prod. Sold Swine or Pork Market Formula,216361,86.76,220.67,86.76,47744381.87,4142302571.0412,27976315.65,2445969277.2795,471,2025,225,87.00754303776121
2025-11-17,2025-11-14,Prod. Sold Negotiated,11093,87.12,218.04,87.12,2418717.72,210718687.7664,1435554.81,124247268.8055,471,2025,225,86.90769891456014
2025-11-18,2025-11-17,Prod. Sold Swine or Pork Market Formula,125813,86.64,218.13,86.64000000000001,27443589.69,2377712610.7416,47744381.87,4142302571.0412,472,2025,226,86.71620003180733
2025-11-18,2025-11-17,Prod. Sold Negotiated,3818,81.1,229.88,81.1,877681.84,71179997.22399999,2418717.72,210718687.7664,472,2025,226,85.51714677161283
2025-11-19,2025-11-18,Prod. Sold Swine or Pork Market Formula,128817,86.2,218.85,86.2,28191600.45,2430115958.79,27443589.69,2377712610.7416,473,2025,227,86.41704211728609
2025-11-19,2025-11-18,Prod. Sold Negotiated,3889,81.94,224.58,81.93999999999998,873391.62,71565709.34279999,877681.84,71179997.22399999,473,2025,227,81.51897097840771
2025-11-20,2025-11-19,Prod. Sold Swine or Pork Market Formula,127534,85.36,218.92,85.36,27919743.28,2383229286.3808,28191600.45,2430115958.79,474,2025,228,85.7820348828563
2025-11-20,2025-11-19,Prod. Sold Negotiated,3060,84.53,223.64,84.53,684338.3999999999,57847124.95199999,873391.62,71565709.34279999,474,2025,228,83.0778328935331
2025-11-21,2025-11-20,Prod. Sold Swine or Pork Market Formula,127158,84.31,219.31,84.31,27887020.98,2351154738.8238,27919743.28,2383229286.3808,475,2025,229,84.83530783378552
2025-11-21,2025-11-20,Prod. Sold Negotiated,3446,83.24,213.74,83.24,736548.04,61310258.8496,684338.3999999999,57847124.95199999,475,2025,229,83.86129985278767
2025-11-24,2025-11-21,Prod. Sold Swine or Pork Market Formula,161925,83.12,219.99,83.12,35621880.75,2960890727.94,27887020.98,2351154738.8238,481,2025,230,83.64253391354937
2025-11-24,2025-11-21,Prod. Sold Negotiated,8162,82.66,222.31,82.66,1814494.22,149986092.2252,736548.04,61310258.8496,481,2025,230,82.82746012792435
2025-11-25,2025-11-24,Prod. Sold Negotiated,3764,73.4,216.64,73.4,815432.96,59852779.264,1814494.22,149986092.2252,482,2025,231,79.78885236252054
2025-11-25,2025-11-24,Prod. Sold Swine or Pork Market Formula,123748,82.7,217.78,82.7,26949839.44,2228751721.688,35621880.75,2960890727.94,482,2025,231,82.93910466053308
2025-11-26,2025-11-25,Prod. Sold Swine or Pork Market Formula,125511,82.38,218.43,82.37999999999998,27415367.73,2258477993.5974,26949839.44,2228751721.688,483,2025,232,82.53862992288124
2025-11-26,2025-11-25,Prod. Sold Negotiated,3840,73.45,219.9,73.45,844416.0,62022355.2,815432.96,59852779.264,483,2025,232,73.42543653128534
2025-11-28,2025-11-26,Prod. Sold Swine or Pork Market Formula,123630,81.91,219.34,81.91,27117004.2,2221153814.022,27415367.73,2258477993.5974,485,2025,233,82.14628575792814
2025-11-28,2025-11-26,Prod. Sold Negotiated,3057,74.04,220.73,74.04,674771.61,49960090.0044,844416.0,62022355.2,485,2025,233,73.71205798894054
2025-12-01,2025-11-28,Prod. Sold Swine or Pork Market Formula,179083,81.9,219.93,81.9,39385724.19,3225690811.1610003,27117004.2,2221153814.022,491,2025,234,81.9040775776959
2025-12-01,2025-11-28,Prod. Sold Negotiated,6361,73.92,217.52,73.92,1383644.72,102279017.7024,674771.61,49960090.0044,491,2025,234,73.95933732550596
2025-12-02,2025-12-01,Prod. Sold Swine or Pork Market Formula,114111,81.91,219.85,81.91,25087303.35,2054901017.3985,39385724.19,3225690811.1610003,492,2025,235,81.90389113157971
2025-12-02,2025-12-01,Prod. Sold Negotiated,4415,73.01,227.2,73.01,1003088.0,73235454.88000001,1383644.72,102279017.7024,492,2025,235,73.53754826070346
2025-12-03,2025-12-02,Prod. Sold Swine or Pork Market Formula,122882,81.89,219.84,81.89,27014378.88,2212207486.4832,25087303.35,2054901017.3985,493,2025,236,81.89963013180237
2025-12-03,2025-12-02,Prod. Sold Negotiated,1555,70.14,194.88,70.14,303038.4,21255113.376,1003088.0,73235454.88000001,493,2025,236,72.3441224800295
2025-12-04,2025-12-03,Prod. Sold Negotiated,2031,76.91,201.96,76.91,410180.76,31547002.2516,303038.4,21255113.376,494,2025,237,74.03350693439027
2025-12-04,2025-12-03,Prod. Sold Swine or Pork Market Formula,120183,81.97,219.46,81.97,26375361.18,2161988355.9246,27014378.88,2212207486.4832,494,2025,237,81.92952124307085
2025-12-05,2025-12-04,Prod. Sold Negotiated,3642,74.28,210.99,74.28,768425.58,57078652.08240001,410180.76,31547002.2516,495,2025,238,75.19529746802483
2025-12-05,2025-12-04,Prod. Sold Swine or Pork Market Formula,122193,81.95,219.85,81.95,26864131.05,2201515539.5475,26375361.18,2161988355.9246,495,2025,238,81.959908194115
2025-12-08,2025-12-05,Prod. Sold Negotiated,8522,74.1,216.97,74.1,1849018.34,137012258.994,768425.58,57078652.08240001,501,2025,239,74.15284415201529
2025-12-08,2025-12-05,Prod. Sold Swine or Pork Market Formula,187052,82.26,220.23,82.26,41194461.96,3388656440.8296003,26864131.05,2201515539.5475,501,2025,239,82.13763660315051
2025-12-09,2025-12-08,Prod. Sold Swine or Pork Market Formula,122999,82.29,220.16,82.29,27079459.84,2228368750.2336,41194461.96,3388656440.8296003,502,2025,240,82.27189888867935
2025-12-09,2025-12-08,Prod. Sold Negotiated,4850,70.42,213.68,70.42,1036348.0,72979626.16,1849018.34,137012258.994,502,2025,240,72.77824040672769
